100,146157,1,0
100,146161,2,0
100,146244,3,0
100,146105,4,0
100,146106,5,0
100,146017,6,0
100,146005,7,0
100,146006,8,0
100,146007,9,0
100,146018,10,0
100,146111,11,0
100,146099,12,0
100,146059,13,0
100,146060,14,0
100,146233,15,0
100,146061,16,0
100,146058,17,0
100,146098,18,0
100,146268,19,0
100,146001,20,0
100,146002,21,0
100,146003,22,0
100,146004,23,0
100,146008,24,0
100,146156,25,0
100,146229,26,0
100,146163,27,0
100,146177,28,0
100,146065,29,0
100,146158,30,0
100,146009,31,0
100,146010,32,0
100,146011,33,0
100,146147,34,0
100,146145,35,0
100,146144,36,0
100,146142,37,0
100,146141,38,0
100,146139,39,0
100,146137,40,0
100,146135,41,0
100,146131,42,0
100,146201,43,0
100,146047,44,0
100,146034,45,0
100,146035,46,0
100,146216,47,0
100,146266,48,0
100,146172,49,0
100,146221,50,0
100,146267,51,0
100,146220,52,0
100,146245,53,0
100,146246,54,0
100,146247,55,1
101,146247,1,0
101,146248,2,0
101,146170,3,0
101,146168,4,0
101,146169,5,0
101,146020,6,0
101,146021,7,0
101,146042,8,0
101,146045,9,0
101,146130,10,0
101,146132,11,0
101,146133,12,0
101,146134,13,0
101,146136,14,0
101,146138,15,0
101,146140,16,0
101,146143,17,0
101,146146,18,0
101,146148,19,0
101,146000,20,0
101,146153,21,0
101,146156,22,0
101,146229,23,0
101,146157,24,0
101,146065,25,0
101,146199,26,0
101,146178,27,0
101,146179,28,0
101,146234,29,1
200,146047,1,0
200,146034,2,0
200,146035,3,0
200,146216,4,0
200,146265,5,0
200,146029,6,0
200,146218,7,0
200,146039,8,0
200,146252,9,0
200,146012,10,0
200,146174,11,0
200,146176,12,0
200,146189,13,0
200,146181,14,0
200,146159,15,0
200,146188,16,0
200,146150,17,0
200,146152,18,0
200,146161,19,0
200,146157,20,0
200,146151,21,0
200,146187,22,0
200,146186,23,0
200,146160,24,0
200,146180,25,0
200,146318,26,0
200,146175,27,0
200,146173,28,0
200,146019,29,0
200,146038,30,0
200,146037,31,0
200,146212,32,0
200,146030,33,0
200,146281,34,0
200,146217,35,0
200,146036,36,0
200,146048,37,0
200,146046,38,1
201,146046,1,0
201,146052,2,0
201,146076,3,0
201,146077,4,0
201,146079,5,0
201,146219,6,0
201,146190,7,0
201,146211,8,0
201,146109,9,0
201,146107,10,0
201,146114,11,0
201,146113,12,0
201,146196,13,0
201,146275,14,0
201,146276,15,0
201,146279,16,0
201,146280,17,0
201,146278,18,0
201,146277,19,0
201,146200,20,0
201,146197,21,0
201,146112,22,0
201,146128,23,0
201,146104,24,0
201,146137,25,0
201,146094,26,0
201,146093,27,0
201,146092,28,0
201,146154,29,0
201,146135,30,0
201,146131,31,0
201,146201,32,0
201,146025,33,0
201,146167,34,0
201,146166,35,0
201,146049,36,0
201,146050,37,0
201,146047,38,1
300,146228,1,0
300,146073,2,0
300,146024,3,0
300,146042,4,0
300,146045,5,0
300,146130,6,0
300,146132,7,0
300,146133,8,0
300,146134,9,0
300,146136,10,0
300,146138,11,0
300,146140,12,0
300,146143,13,0
300,146146,14,0
300,146148,15,0
300,146000,16,0
300,146153,17,0
300,146156,18,0
300,146229,19,0
300,146157,20,0
300,146237,21,0
300,146235,22,0
300,146236,23,0
300,146325,24,0
300,146231,25,0
300,146068,26,0
300,146071,27,0
300,146182,28,0
300,146040,29,0
300,146215,30,1
301,146215,1,0
301,146233,2,0
301,146163,3,0
301,146177,4,0
301,146065,5,0
301,146158,6,0
301,146161,7,0
301,146244,8,0
301,146105,9,0
301,146106,10,0
301,146009,11,0
301,146010,12,0
301,146011,13,0
301,146147,14,0
301,146204,15,0
301,146028,16,0
301,146155,17,0
301,146206,18,0
301,146210,19,0
301,146207,20,0
301,146251,21,0
301,146126,22,0
301,146125,23,0
301,146124,24,0
301,146209,25,0
301,146117,26,0
301,146198,27,0
301,146269,28,0
301,146108,29,0
301,146145,30,0
301,146144,31,0
301,146142,32,0
301,146141,33,0
301,146139,34,0
301,146137,35,0
301,146193,36,0
301,146074,37,0
301,146154,38,0
301,146025,39,0
301,146167,40,0
301,146135,41,0
301,146131,42,0
301,146129,43,0
301,146023,44,0
301,146013,45,0
301,146253,46,0
301,146096,47,0
301,146095,48,0
301,146324,49,0
301,146194,50,0
301,146195,51,0
301,146239,52,0
301,146101,53,0
301,146014,54,0
301,146165,55,0
301,146164,56,0
301,146227,57,0
301,146015,58,0
301,146228,59,1
400,146043,1,0
400,146044,2,0
400,146226,3,0
400,146224,4,0
400,146223,5,0
400,146171,6,0
400,146265,7,0
400,146029,8,0
400,146262,9,0
400,146263,10,0
400,146260,11,0
400,146181,12,0
400,146159,13,0
400,146188,14,0
400,146150,15,0
400,146152,16,0
400,146161,17,0
400,146157,18,0
400,146151,19,0
400,146187,20,0
400,146186,21,0
400,146160,22,0
400,146180,23,0
400,146259,24,0
400,146261,25,0
400,146264,26,0
400,146030,27,0
400,146281,28,0
400,146266,29,0
400,146172,30,0
400,146222,31,0
400,146225,32,0
400,146021,33,0
400,146042,34,1
401,146042,1,0
401,146053,2,0
401,146062,3,0
401,146063,4,0
401,146057,5,0
401,146174,6,0
401,146176,7,0
401,146219,8,0
401,146190,9,0
401,146100,10,0
401,146102,11,0
401,146103,12,0
401,146204,13,0
401,146028,14,0
401,146155,15,0
401,146206,16,0
401,146210,17,0
401,146207,18,0
401,146251,19,0
401,146126,20,0
401,146125,21,0
401,146124,22,0
401,146209,23,0
401,146117,24,0
401,146198,25,0
401,146269,26,0
401,146108,27,0
401,146110,28,0
401,146191,29,0
401,146318,30,0
401,146175,31,0
401,146173,32,0
401,146056,33,0
401,146064,34,0
401,146055,35,0
401,146054,36,0
401,146043,37,1
500,146233,1,0
500,146325,2,0
500,146231,3,0
500,146068,4,0
500,146071,5,0
500,146183,6,0
500,146090,7,0
500,146088,8,0
500,146272,9,0
500,146271,10,0
500,146254,11,0
500,146274,12,0
500,146098,13,0
500,146268,14,0
500,146026,15,0
500,146158,16,0
500,146161,17,0
500,146257,18,0
500,146086,19,0
500,146084,20,0
500,146083,21,0
500,146190,22,0
500,146211,23,0
500,146109,24,0
500,146107,25,0
500,146205,26,0
500,146115,27,0
500,146116,28,0
500,146127,29,0
500,146208,30,0
500,146117,31,0
500,146198,32,0
500,146269,33,0
500,146108,34,0
500,146110,35,0
500,146191,36,0
500,146192,37,0
500,146318,38,0
500,146080,39,0
500,146078,40,0
500,146075,41,0
500,146074,42,0
500,146154,43,0
500,146025,44,0
500,146167,45,0
500,146166,46,0
500,146049,47,1
501,146049,1,0
501,146050,2,0
501,146051,3,0
501,146052,4,0
501,146076,5,0
501,146077,6,0
501,146079,7,0
501,146219,8,0
501,146190,9,0
501,146211,10,0
501,146109,11,0
501,146107,12,0
501,146205,13,0
501,146115,14,0
501,146116,15,0
501,146127,16,0
501,146208,17,0
501,146117,18,0
501,146198,19,0
501,146269,20,0
501,146108,21,0
501,146110,22,0
501,146191,23,0
501,146192,24,0
501,146081,25,0
501,146082,26,0
501,146085,27,0
501,146087,28,0
501,146258,29,0
501,146238,30,0
501,146158,31,0
501,146161,32,0
501,146027,33,0
501,146097,34,0
501,146099,35,0
501,146273,36,0
501,146255,37,0
501,146323,38,0
501,146270,39,0
501,146089,40,0
501,146184,41,0
501,146185,42,0
501,146069,43,0
501,146070,44,0
501,146067,45,0
501,146230,46,0
501,146233,47,1
1500,146234,1,0
1500,146066,2,0
1500,146163,3,0
1500,146177,4,0
1500,146065,5,0
1500,146158,6,0
1500,146161,7,0
1500,146151,8,0
1500,146187,9,0
1500,146186,10,0
1500,146160,11,0
1500,146180,12,0
1500,146318,13,0
1500,146175,14,0
1500,146173,15,0
1500,146019,16,0
1500,146038,17,0
1500,146037,18,0
1500,146212,19,0
1500,146030,20,0
1500,146281,21,0
1500,146217,22,0
1500,146036,23,0
1500,146048,24,0
1500,146045,25,0
1500,146130,26,0
1500,146132,27,0
1500,146133,28,0
1500,146134,29,0
1500,146136,30,0
1500,146138,31,0
1500,146140,32,0
1500,146143,33,0
1500,146146,34,0
1500,146204,35,0
1500,146028,36,0
1500,146155,37,0
1500,146206,38,0
1500,146117,39,0
1500,146198,40,0
1500,146269,41,0
1500,146108,42,0
1500,146110,43,0
1500,146191,44,0
1500,146192,45,0
1500,146081,46,0
1500,146082,47,0
1500,146085,48,0
1500,146087,49,0
1500,146258,50,0
1500,146157,51,0
1500,146027,52,0
1500,146097,53,0
1500,146099,54,0
1500,146273,55,0
1500,146255,56,0
1500,146323,57,0
1500,146270,58,0
1500,146089,59,0
1500,146184,60,0
1500,146185,61,0
1500,146069,62,0
1500,146070,63,0
1500,146067,64,0
1500,146230,65,1
1501,146234,1,0
1501,146231,2,0
1501,146068,3,0
1501,146071,4,0
1501,146183,5,0
1501,146090,6,0
1501,146088,7,0
1501,146272,8,0
1501,146271,9,0
1501,146254,10,0
1501,146274,11,0
1501,146098,12,0
1501,146268,13,0
1501,146026,14,0
1501,146158,15,0
1501,146161,16,0
1501,146257,17,0
1501,146086,18,0
1501,146084,19,0
1501,146083,20,0
1501,146190,21,0
1501,146100,22,0
1501,146102,23,0
1501,146103,24,0
1501,146204,25,0
1501,146028,26,0
1501,146155,27,0
1501,146206,28,0
1501,146117,29,0
1501,146198,30,0
1501,146269,31,0
1501,146108,32,0
1501,146144,33,0
1501,146142,34,0
1501,146141,35,0
1501,146139,36,0
1501,146137,37,0
1501,146135,38,0
1501,146131,39,0
1501,146201,40,0
1501,146047,41,0
1501,146034,42,0
1501,146035,43,0
1501,146216,44,0
1501,146265,45,0
1501,146029,46,0
1501,146218,47,0
1501,146039,48,0
1501,146252,49,0
1501,146012,50,0
1501,146174,51,0
1501,146176,52,0
1501,146189,53,0
1501,146181,54,0
1501,146159,55,0
1501,146188,56,0
1501,146150,57,0
1501,146152,58,0
1501,146157,59,0
1501,146065,60,0
1501,146199,61,0
1501,146178,62,0
1501,146179,63,1
1600,146215,1,0
1600,146233,2,0
1600,146163,3,0
1600,146177,4,0
1600,146065,5,0
1600,146158,6,0
1600,146161,7,0
1600,146257,8,0
1600,146086,9,0
1600,146084,10,0
1600,146083,11,0
1600,146190,12,0
1600,146100,13,0
1600,146102,14,0
1600,146103,15,0
1600,146145,16,0
1600,146144,17,0
1600,146142,18,0
1600,146141,19,0
1600,146139,20,0
1600,146137,21,0
1600,146135,22,0
1600,146131,23,0
1600,146201,24,0
1600,146047,25,0
1600,146034,26,0
1600,146035,27,0
1600,146216,28,0
1600,146266,29,0
1600,146172,30,0
1600,146221,31,0
1600,146267,32,0
1600,146220,33,0
1600,146245,34,0
1600,146246,35,0
1600,146247,36,0
1600,146249,37,1
1601,146249,1,0
1601,146250,2,0
1601,146031,3,0
1601,146032,4,0
1601,146033,5,0
1601,146022,6,0
1601,146016,7,0
1601,146253,8,0
1601,146228,9,0
1601,146073,10,0
1601,146024,11,0
1601,146042,12,0
1601,146046,13,0
1601,146051,14,0
1601,146052,15,0
1601,146076,16,0
1601,146077,17,0
1601,146079,18,0
1601,146219,19,0
1601,146081,20,0
1601,146082,21,0
1601,146085,22,0
1601,146087,23,0
1601,146258,24,0
1601,146157,25,0
1601,146027,26,0
1601,146097,27,0
1601,146099,28,0
1601,146273,29,0
1601,146255,30,0
1601,146323,31,0
1601,146270,32,0
1601,146089,33,0
1601,146184,34,0
1601,146185,35,0
1601,146182,36,0
1601,146040,37,0
1601,146215,38,1
7000,146156,1,0
7000,146229,2,0
7000,146027,3,0
7000,146097,4,0
7000,146099,5,0
7000,146273,6,0
7000,146255,7,0
7000,146323,8,0
7000,146270,9,0
7000,146089,10,0
7000,146184,11,0
7000,146185,12,0
7000,146069,13,0
7000,146070,14,0
7000,146067,15,0
7000,146230,16,0
7000,146233,17,0
7000,146163,18,0
7000,146177,19,0
7000,146065,20,0
7000,146158,21,0
7000,146151,22,0
7000,146187,23,0
7000,146186,24,0
7000,146160,25,0
7000,146180,26,0
7000,146190,27,0
7000,146211,28,0
7000,146144,29,0
7000,146142,30,0
7000,146141,31,0
7000,146139,32,0
7000,146137,33,0
7000,146135,34,0
7000,146131,35,0
7000,146201,36,0
7000,146047,37,0
7000,146034,38,0
7000,146035,39,0
7000,146216,40,0
7000,146266,41,0
7000,146172,42,0
7000,146221,43,0
7000,146320,44,0
7000,146289,45,0
7000,148000,46,0
7000,140222,47,0
7000,103690,48,0
7000,140213,49,0
7000,103745,50,0
7000,140215,51,1
7001,140215,1,0
7001,103744,2,0
7001,140214,3,0
7001,103689,4,0
7001,140221,5,0
7001,146243,6,0
7001,146286,7,0
7001,146321,8,0
7001,146171,9,0
7001,146217,10,0
7001,146036,11,0
7001,146048,12,0
7001,146045,13,0
7001,146130,14,0
7001,146132,15,0
7001,146133,16,0
7001,146134,17,0
7001,146136,18,0
7001,146138,19,0
7001,146140,20,0
7001,146143,21,0
7001,146110,22,0
7001,146191,23,0
7001,146192,24,0
7001,146181,25,0
7001,146159,26,0
7001,146188,27,0
7001,146150,28,0
7001,146161,29,0
7001,146319,30,0
7001,146199,31,0
7001,146178,32,0
7001,146179,33,0
7001,146234,34,0
7001,146231,35,0
7001,146068,36,0
7001,146071,37,0
7001,146183,38,0
7001,146090,39,0
7001,146088,40,0
7001,146272,41,0
7001,146271,42,0
7001,146254,43,0
7001,146274,44,0
7001,146098,45,0
7001,146268,46,0
7001,146026,47,1
