'SOS2209-2209SA-Saturday-20',500,91100,,'',0,3000,,'',0,7000,,'',0,3000,,'',0,7000,,'',0,3000,,'',0,7000,,'',0,3000,,'',0,7000,,'',0,3000,,'',0,7000,,'',0,3000,,'',0,7000,,'',0,3000,,'',0,7000,,'',0,3000,,'',0,7000,,'',0,3000,,'',0,7000,,'',0,3000,0,'Peachtree',0
'SOS2209-2209SA-Saturday-20',501,91100,4,'',0,3000,4,'',0,7000,4,'',0,3000,4,'',0,7000,4,'',0,3000,4,'',0,7000,4,'',0,3000,4,'',0,7000,4,'',0,3000,4,'',0,7000,4,'',0,3000,4,'',0,7000,4,'',0,3000,4,'',0,7000,4,'',0,3000,4,'',0,7000,4,'',0,3000,4,'',0,7000,4,'',0,3000,4,'',0
'SOS2209-2209SU-Sunday-20',500,124100,,'',0,10000,,'',0,10000,,'',0,10000,,'',0
'SOS2209-2209SU-Sunday-20',501,124100,4,'',0,10000,4,'',0,10000,4,'',0,10000,4,'',0
'SOS2209-2209WK-Weekday-25',500,71100,,'',0,3000,0,'School Spcl',0,7000,,'',0,3400,,'',0,6600,,'',0,3000,,'',0,7000,,'',0,3000,,'',0,7000,,'',0,3000,,'',0,7000,,'',0,3000,,'',0,7000,,'',0,3000,,'',0,7000,,'',0,3000,,'',0,7000,,'',0,4000,,'',0,6000,,'',0,3300,,'',0,6700,,'',0,3000,,'',0,7000,,'',0,3000,0,'Peachtree',0
'SOS2209-2209WK-Weekday-25',501,71100,4,'',0,3000,4,'',0,7000,4,'',0,3400,4,'',0,6600,4,'',0,3000,4,'',0,7000,4,'',0,3000,4,'',0,7000,4,'',0,3000,4,'',0,7000,4,'',0,3000,4,'',0,7000,4,'',0,3000,4,'',0,7000,4,'',0,3000,4,'',0,7000,4,'',0,4000,4,'',0,6000,4,'',0,3300,4,'',0,6700,4,'',0,3000,4,'',0,7000,4,'',0,3000,4,'',0
'SOS2209-2209SA-Saturday-20',1500,190900,0,'Peachtree',0,12400,0,'Peachtree',0,12300,0,'Peachtree',0
'SOS2209-2209WK-Weekday-25',1500,190900,0,'Peachtree',0,12400,0,'Peachtree',0,12300,0,'Peachtree',0
'SOS2209-2209SU-Sunday-20',1601,94600,,'',0,10000,,'',0,10000,,'',0,10000,,'',0,10000,,'',0,10000,,'',0,10000,,'',0,10000,,'',0,10000,,'',0
'SOS2209-2209WK-Weekday-25',7000,55500,,'',0
