100,'4833',631,,1157,13,,,0,100,,1158,13,,,0,100,,1159,6,,,0,100,,1160,13,,,0,100,,1161,13,,,0,100,,1162,13,,,0,100,,1163,13,,,0,100,,1164,13,,,0,100,,1165,13,,,0,100,,1166,13,,,0,100,,1167,13,,,0,100,,1168,13,,,0,97,,1169,13,0,5 6,0
100,'5323',631,,1170,13,,,0,100,,1171,13,,,0,100,,1172,6,,,0,100,,1173,13,,,0,100,,1174,13,,,0,100,,1175,13,,,0,100,,1176,13,,,0,100,,1177,13,,,0,100,,1178,13,,,0,100,,1179,13,,,0,100,,1180,13,,,0,100,,1181,13,,,0,97,,1182,13,0,5 6,0
100,'5325',831,,1183,6,,,0,100,,1185,13,,,0,100,,1190,13,,,0,100,,1193,13,,,0,100,,1186,13,,,0,100,,1184,13,,,0,100,,1188,13,,,0,100,,1189,13,,,0,100,,1187,13,,,0,100,,1192,13,,,0,97,,1191,13,0,5 6,0
100,'5326',631,,1194,13,,,0,100,,1195,13,,,0,100,,1196,6,,,0,100,,1197,13,,,0,100,,1198,13,,,0,100,,1199,13,,,0,100,,1200,13,,,0,100,,1201,13,,,0,100,,1202,13,,,0,100,,1203,13,,,0,100,,1204,13,,,0,100,,1205,13,,,0,97,,1206,13,0,5 6,0
100,'5328',831,,1207,6,,,0,100,,1210,13,,,0,100,,1214,13,,,0,100,,1217,13,,,0,100,,1209,13,,,0,100,,1208,13,,,0,100,,1212,13,,,0,100,,1213,13,,,0,100,,1211,13,,,0,100,,1216,13,,,0,97,,1215,13,0,5 6,0
101,'4833',811,,1220,26,,,0
101,'5323',811,,1233,26,,,0
101,'5325',811,,1254,3,,,0
101,'5326',811,,1257,26,,,0
101,'5328',811,,1278,3,,,0
300,'4833',701,,2124,8,,,0,100,,2125,8,0,11 12,0,100,,2126,8,,,0,100,,2127,8,,,0,100,,2129,8,,,0,100,,2128,8,,,0,100,,2130,8,,,0,100,,2131,8,,,0,100,,2132,8,,,0,100,,2133,8,,,0,100,,2134,8,,,0,100,,2135,8,,,0
300,'5323',701,,2136,8,,,0,100,,2137,8,0,11 12,0,100,,2138,8,,,0,100,,2139,8,,,0,100,,2141,8,,,0,100,,2140,8,,,0,100,,2142,8,,,0,100,,2143,8,,,0,100,,2144,8,,,0,100,,2145,8,,,0,100,,2146,8,,,0,100,,2147,8,,,0
300,'5325',801,,2149,2,0,11 12,0,100,,2150,8,,,0,100,,2151,8,,,0,100,,2148,8,,,0,100,,2152,8,,,0,100,,2153,8,,,0,100,,2154,8,,,0,100,,2155,8,,,0,100,,2156,8,,,0,100,,2157,8,,,0,100,,2158,8,,,0
300,'5326',701,,2159,8,,,0,100,,2160,8,0,11 12,0,100,,2161,8,,,0,100,,2162,8,,,0,100,,2164,8,,,0,100,,2163,8,,,0,100,,2165,8,,,0,100,,2166,8,,,0,100,,2167,8,,,0,100,,2168,8,,,0,100,,2169,8,,,0,100,,2170,8,,,0
300,'5328',901,,2172,8,,,0,100,,2173,8,,,0,100,,2171,8,,,0,100,,2174,8,,,0,100,,2175,8,,,0,100,,2176,8,,,0,100,,2177,8,,,0,100,,2178,8,,,0,100,,2179,8,,,0,100,,2180,8,,,0
3000,'5323',806,,2050,2,,,0,310,,2049,2,,,0,185,,2053,2,,,0,255,,2051,2,,,0,171,,2052,2,,,0
3000,'5325',906,,2054,2,,,0,210,,2055,2,,,0,185,,2057,2,,,0,255,,2056,2,,,0,171,,2058,2,,,0
3000,'5326',806,,2060,2,,,0,310,,2059,2,,,0,185,,2063,2,,,0,255,,2061,2,,,0,171,,2062,2,,,0
3000,'5328',906,,2064,2,,,0,210,,2065,2,,,0,185,,2067,2,,,0,255,,2066,2,,,0,171,,2068,2,,,0
4000,'5323',826,,2090,13,4,,0,516,,2089,13,4,,0
4000,'5326',826,,2092,13,4,,0,516,,2091,13,4,,0
