101,'4833',614,,1218,3,,,0,100,,1219,26,,,0,200,,1221,26,,,0,100,,1222,26,,,0,100,,1224,26,,,0,100,,1223,26,,,0,100,,1226,26,,,0,100,,1225,26,,,0,100,,1227,26,,,0,100,,1228,26,,,0,100,,1229,26,,,0,100,,1230,26,,,0
101,'5323',614,,1231,3,,,0,100,,1232,26,,,0,200,,1234,26,,,0,100,,1235,26,,,0,100,,1237,26,,,0,100,,1236,26,,,0,100,,1239,26,,,0,100,,1238,26,,,0,100,,1240,26,,,0,100,,1241,26,,,0,100,,1242,26,,,0,100,,1243,26,,,0
101,'5325',914,,1248,26,,,0,100,,1250,26,,,0,100,,1244,26,,,0,100,,1246,26,,,0,100,,1249,26,,,0,100,,1247,26,,,0,100,,1251,26,,,0,100,,1245,26,,,0,100,,1252,26,,,0,100,,1253,26,,,0
101,'5326',614,,1255,3,,,0,100,,1256,26,,,0,200,,1258,26,,,0,100,,1259,26,,,0,100,,1261,26,,,0,100,,1260,26,,,0,100,,1263,26,,,0,100,,1262,26,,,0,100,,1264,26,,,0,100,,1265,26,,,0,100,,1266,26,,,0,100,,1267,26,,,0
101,'5328',914,,1272,26,,,0,100,,1274,26,,,0,100,,1268,26,,,0,100,,1270,26,,,0,100,,1273,26,,,0,100,,1271,26,,,0,100,,1275,26,,,0,100,,1269,26,,,0,100,,1276,26,,,0,100,,1277,26,,,0
1501,'4833',1954,,1979,20,,,0,164,,1981,20,,,0
1501,'5323',1954,,1983,20,,,0,164,,1985,20,,,0
1501,'5325',1954,,1986,20,,,0,164,,1989,20,,,0
1501,'5326',1954,,1991,20,,,0,164,,1993,20,,,0
1501,'5328',1954,,1994,20,,,0,164,,1997,20,,,0
4001,'5323',1004,,2093,18,,,0,604,,2094,18,,,0
4001,'5326',1004,,2095,18,,,0,604,,2096,18,,,0
7001,'5323',1821,,2116,29,,,0
7001,'5326',1821,,2120,29,,,0
