101,'4833',700,,1219,9,,,0,100,,1220,9,,,0,100,,1221,9,,,0,100,,1222,9,,,0,100,,1224,9,,,0,100,,1223,9,,,0,100,,1226,9,,,0,100,,1225,9,,,0,100,,1227,9,,,0,100,,1228,9,,,0,100,,1229,9,,,0,100,,1230,9,,,0
101,'5323',700,,1232,9,,,0,100,,1233,9,,,0,100,,1234,9,,,0,100,,1235,9,,,0,100,,1237,9,,,0,100,,1236,9,,,0,100,,1239,9,,,0,100,,1238,9,,,0,100,,1240,9,,,0,100,,1241,9,,,0,100,,1242,9,,,0,100,,1243,9,,,0
101,'5325',900,,1248,9,,,0,100,,1250,9,,,0,100,,1244,9,,,0,100,,1246,9,,,0,100,,1249,9,,,0,100,,1247,9,,,0,100,,1251,9,,,0,100,,1245,9,,,0,100,,1252,9,,,0,100,,1253,9,,,0
101,'5326',700,,1256,9,,,0,100,,1257,9,,,0,100,,1258,9,,,0,100,,1259,9,,,0,100,,1261,9,,,0,100,,1260,9,,,0,100,,1263,9,,,0,100,,1262,9,,,0,100,,1264,9,,,0,100,,1265,9,,,0,100,,1266,9,,,0,100,,1267,9,,,0
101,'5328',900,,1272,9,,,0,100,,1274,9,,,0,100,,1268,9,,,0,100,,1270,9,,,0,100,,1273,9,,,0,100,,1271,9,,,0,100,,1275,9,,,0,100,,1269,9,,,0,100,,1276,9,,,0,100,,1277,9,,,0
301,'4833',630,,1457,1,,,0,100,,1458,11,,,0,100,,1459,4,,,0,100,,1460,11,,,0,100,,1461,11,,,0,100,,1462,11,,,0,100,,1463,11,,,0,100,,1464,11,,,0,100,,1465,11,,,0,100,,1466,11,,,0,100,,1467,11,,,0,100,,1468,11,,,0
301,'5323',630,,1470,1,,,0,100,,1471,11,,,0,100,,1472,4,,,0,100,,1473,11,,,0,100,,1474,11,,,0,100,,1475,11,,,0,100,,1476,11,,,0,100,,1477,11,,,0,100,,1478,11,,,0,100,,1479,11,,,0,100,,1480,11,,,0,100,,1481,11,,,0
301,'5325',830,,1485,4,,,0,100,,1483,11,,,0,100,,1486,11,,,0,100,,1484,11,,,0,100,,1487,11,,,0,100,,1488,11,,,0,100,,1489,11,,,0,100,,1490,11,,,0,100,,1491,11,,,0,100,,1493,11,,,0
301,'5326',630,,1494,1,,,0,100,,1495,11,,,0,100,,1496,4,,,0,100,,1497,11,,,0,100,,1498,11,,,0,100,,1499,11,,,0,100,,1500,11,,,0,100,,1501,11,,,0,100,,1502,11,,,0,100,,1503,11,,,0,100,,1504,11,,,0,100,,1505,11,,,0
301,'5328',830,,1509,4,,,0,100,,1507,11,,,0,100,,1510,11,,,0,100,,1508,11,,,0,100,,1511,11,,,0,100,,1512,11,,,0,100,,1513,11,,,0,100,,1514,11,,,0,100,,1515,11,,,0,100,,1517,11,,,0
1000,'5323',648,,1896,13,,,0,162,,1897,13,,,0,123,,1900,13,,,0,306,,1898,13,,,0,407,,1899,13,,,0
1000,'5325',810,,1901,13,,,0,429,,1902,13,,,0,407,,1903,13,,,0
1000,'5326',648,,1904,13,,,0,162,,1905,13,,,0,123,,1908,13,,,0,306,,1906,13,,,0,407,,1907,13,,,0
1000,'5328',810,,1909,13,,,0,429,,1910,13,,,0,407,,1911,13,,,0
1500,'4833',1850,,1940,1,0,14 15,0,164,,1943,23,4,,0,124,,1944,23,4,,0,85,,1946,23,4,,0
1500,'5323',1850,,1948,1,0,14 15,0,164,,1951,23,4,,0,124,,1952,23,4,,0,85,,1954,23,4,,0
1500,'5325',1850,,1956,1,0,13,0,164,,1957,23,4,,0,124,,1960,23,4,,0,85,,1959,23,4,,0
1500,'5326',1850,,1963,1,0,14 15,0,164,,1966,23,4,,0,124,,1967,23,4,,0,85,,1969,23,4,,0
1500,'5328',1850,,1971,1,0,13,0,164,,1972,23,4,,0,124,,1975,23,4,,0,85,,1974,23,4,,0
4000,'5323',845,,2090,30,4,,0,556,,2089,30,4,,0
4000,'5326',845,,2092,30,4,,0,556,,2091,30,4,,0
7001,'5323',845,,2113,14,0,14 15,0,296,,2114,12,0,14 15,0,365,,2115,14,0,14 15,0,305,,2116,12,,,0
7001,'5326',845,,2117,14,0,14 15,0,296,,2118,12,0,14 15,0,365,,2119,14,0,14 15,0,305,,2120,12,,,0
