201,'4833',721,,1335,30,,,0,100,,1336,30,,,0,100,,1337,30,,,0,100,,1338,30,,,0,100,,1339,30,,,0,100,,1340,30,,,0,100,,1341,30,,,0,100,,1342,30,,,0,100,,1343,30,,,0,100,,1344,30,,,0,100,,1345,30,,,0,100,,2121,12,,,0
201,'5323',721,,1348,30,,,0,100,,1349,30,,,0,100,,1350,30,,,0,100,,1351,30,,,0,100,,1352,30,,,0,100,,1353,30,,,0,100,,1354,30,,,0,100,,1355,30,,,0,100,,1356,30,,,0,100,,1357,30,,,0,100,,1358,30,,,0,100,,2122,12,,,0
201,'5325',821,,1361,30,,,0,100,,1362,30,,,0,100,,1363,30,,,0,100,,1364,30,,,0,100,,1365,30,,,0,100,,1366,30,,,0,100,,1367,30,,,0,100,,1368,30,,,0,100,,1369,30,,,0,100,,1370,30,,,0,100,,1371,30,,,0
201,'5326',721,,1372,30,,,0,100,,1373,30,,,0,100,,1374,30,,,0,100,,1375,30,,,0,100,,1376,30,,,0,100,,1377,30,,,0,100,,1378,30,,,0,100,,1379,30,,,0,100,,1380,30,,,0,100,,1381,30,,,0,100,,1382,30,,,0,100,,2123,12,,,0
201,'5328',821,,1385,30,,,0,100,,1386,30,,,0,100,,1388,30,,,0,100,,1387,30,,,0,100,,1389,30,,,0,100,,1390,30,,,0,100,,1391,30,,,0,100,,1392,30,,,0,100,,1393,30,,,0,100,,1394,30,,,0,100,,1395,30,,,0
400,'4833',718,,1518,22,,,0,100,,1523,22,,,0,100,,1525,22,,,0,100,,1526,22,,,0,100,,1527,22,,,0,100,,1528,22,,,0,100,,1529,22,,,0,100,,1530,22,,,0,100,,1524,22,,,0,100,,1521,22,,,0,100,,1522,22,,,0,110,,1519,7,,,0
400,'5323',718,,1531,22,,,0,100,,1536,22,,,0,100,,1538,22,,,0,100,,1539,22,,,0,100,,1540,22,,,0,100,,1541,22,,,0,100,,1542,22,,,0,100,,1543,22,,,0,100,,1537,22,,,0,100,,1534,22,,,0,100,,1535,22,,,0,110,,1532,7,,,0
400,'5325',818,,1547,22,,,0,100,,1550,22,,,0,100,,1544,22,,,0,100,,1545,22,,,0,100,,1548,22,,,0,100,,1549,22,,,0,100,,1546,22,,,0,100,,1551,22,,,0,100,,1552,22,,,0,100,,1553,22,,,0,110,,2239,7,,,0
400,'5326',718,,1556,22,,,0,100,,1561,22,,,0,100,,1563,22,,,0,100,,1564,22,,,0,100,,1565,22,,,0,100,,1566,22,,,0,100,,1567,22,,,0,100,,1568,22,,,0,100,,1562,22,,,0,100,,1559,22,,,0,100,,1560,22,,,0,110,,1557,7,,,0
400,'5328',818,,1572,22,,,0,100,,1575,22,,,0,100,,1569,22,,,0,100,,1570,22,,,0,100,,1573,22,,,0,100,,1574,22,,,0,100,,1571,22,,,0,100,,1576,22,,,0,100,,1577,22,,,0,100,,1578,22,,,0,110,,2240,7,,,0
1501,'4833',1947,,1979,12,,,0,164,,1981,12,,,0
1501,'5323',1947,,1983,12,,,0,164,,1985,12,,,0
1501,'5325',1947,,1986,12,,,0,164,,1989,12,,,0
1501,'5326',1947,,1991,12,,,0,164,,1993,12,,,0
1501,'5328',1947,,1994,12,,,0,164,,1997,12,,,0
