201,'4833',721,,1335,29,,,0,100,,1336,29,,,0,100,,1337,29,,,0,100,,1338,29,,,0,100,,1339,29,,,0,100,,1340,29,,,0,100,,1341,29,,,0,100,,1342,29,,,0,100,,1343,29,,,0,100,,1344,29,,,0,100,,1345,29,,,0,100,,1347,11,,,0
201,'5323',721,,1348,29,,,0,100,,1349,29,,,0,100,,1350,29,,,0,100,,1351,29,,,0,100,,1352,29,,,0,100,,1353,29,,,0,100,,1354,29,,,0,100,,1355,29,,,0,100,,1356,29,,,0,100,,1357,29,,,0,100,,1358,29,,,0,100,,1360,11,,,0
201,'5325',821,,1361,29,,,0,100,,1362,29,,,0,100,,1363,29,,,0,100,,1364,29,,,0,100,,1365,29,,,0,100,,1366,29,,,0,100,,1367,29,,,0,100,,1368,29,,,0,100,,1369,29,,,0,100,,1370,29,,,0,100,,1371,29,,,0
201,'5326',721,,1372,29,,,0,100,,1373,29,,,0,100,,1374,29,,,0,100,,1375,29,,,0,100,,1376,29,,,0,100,,1377,29,,,0,100,,1378,29,,,0,100,,1379,29,,,0,100,,1380,29,,,0,100,,1381,29,,,0,100,,1382,29,,,0,100,,1384,11,,,0
201,'5328',821,,1385,29,,,0,100,,1386,29,,,0,100,,1388,29,,,0,100,,1387,29,,,0,100,,1389,29,,,0,100,,1390,29,,,0,100,,1391,29,,,0,100,,1392,29,,,0,100,,1393,29,,,0,100,,1394,29,,,0,100,,1395,29,,,0
400,'4833',717,,1518,21,,,0,100,,1523,21,,,0,100,,1525,21,,,0,100,,1526,21,,,0,100,,1527,21,,,0,100,,1528,21,,,0,100,,1529,21,,,0,100,,1530,21,,,0,100,,1524,21,,,0,100,,1521,21,,,0,100,,1522,21,,,0,110,,1519,6,,,0
400,'5323',717,,1531,21,,,0,100,,1536,21,,,0,100,,1538,21,,,0,100,,1539,21,,,0,100,,1540,21,,,0,100,,1541,21,,,0,100,,1542,21,,,0,100,,1543,21,,,0,100,,1537,21,,,0,100,,1534,21,,,0,100,,1535,21,,,0,110,,1532,6,,,0
400,'5325',817,,1547,21,,,0,100,,1550,21,,,0,100,,1544,21,,,0,100,,1545,21,,,0,100,,1548,21,,,0,100,,1549,21,,,0,100,,1546,21,,,0,100,,1551,21,,,0,100,,1552,21,,,0,100,,1553,21,,,0,110,,1555,6,,,0
400,'5326',717,,1556,21,,,0,100,,1561,21,,,0,100,,1563,21,,,0,100,,1564,21,,,0,100,,1565,21,,,0,100,,1566,21,,,0,100,,1567,21,,,0,100,,1568,21,,,0,100,,1562,21,,,0,100,,1559,21,,,0,100,,1560,21,,,0,110,,1557,6,,,0
400,'5328',817,,1572,21,,,0,100,,1575,21,,,0,100,,1569,21,,,0,100,,1570,21,,,0,100,,1573,21,,,0,100,,1574,21,,,0,100,,1571,21,,,0,100,,1576,21,,,0,100,,1577,21,,,0,100,,1578,21,,,0,110,,1580,6,,,0
1501,'4833',1947,,1979,11,,,0,164,,1981,11,,,0
1501,'5323',1947,,1983,11,,,0,164,,1985,11,,,0
1501,'5325',1947,,1986,11,,,0,164,,1989,11,,,0
1501,'5326',1947,,1991,11,,,0,164,,1993,11,,,0
1501,'5328',1947,,1994,11,,,0,164,,1997,11,,,0
