300,'4833',810,,1397,24,0,11 12,0
300,'5323',810,,1410,24,0,11 12,0
300,'5325',810,,1423,18,0,11 12,0
300,'5326',810,,1434,24,0,11 12,0
300,'5328',810,,1447,18,0,11 12,0
400,'4833',727,,1518,38,,,0,100,,1523,38,,,0,100,,1525,38,,,0,100,,1526,38,,,0,100,,1527,38,,,0,100,,1528,38,,,0,100,,1529,38,,,0,100,,1530,38,,,0,100,,1524,38,,,0,100,,1521,38,,,0,100,,1522,38,,,0,110,,1519,23,,,0
400,'5323',727,,1531,38,,,0,100,,1536,38,,,0,100,,1538,38,,,0,100,,1539,38,,,0,100,,1540,38,,,0,100,,1541,38,,,0,100,,1542,38,,,0,100,,1543,38,,,0,100,,1537,38,,,0,100,,1534,38,,,0,100,,1535,38,,,0,110,,1532,23,,,0
400,'5325',827,,1547,38,,,0,100,,1550,38,,,0,100,,1544,38,,,0,100,,1545,38,,,0,100,,1548,38,,,0,100,,1549,38,,,0,100,,1546,38,,,0,100,,1551,38,,,0,100,,1552,38,,,0,100,,1553,38,,,0,110,,1555,23,,,0
400,'5326',727,,1556,38,,,0,100,,1561,38,,,0,100,,1563,38,,,0,100,,1564,38,,,0,100,,1565,38,,,0,100,,1566,38,,,0,100,,1567,38,,,0,100,,1568,38,,,0,100,,1562,38,,,0,100,,1559,38,,,0,100,,1560,38,,,0,110,,1557,23,,,0
400,'5328',827,,1572,38,,,0,100,,1575,38,,,0,100,,1569,38,,,0,100,,1570,38,,,0,100,,1573,38,,,0,100,,1574,38,,,0,100,,1571,38,,,0,100,,1576,38,,,0,100,,1577,38,,,0,100,,1578,38,,,0,110,,1580,23,,,0
