500,'4833',732,,1642,15,,,0,70,,1664,15,,,0,30,,1644,15,,,0,70,,1662,15,,,0,30,,1645,15,,,0,70,,1652,15,,,0,30,,1646,15,,,0,70,,1653,15,,,0,30,,1643,15,,,0,70,,1654,15,,,0,30,,1648,15,,,0,70,,1655,15,,,0,30,,1647,15,,,0,70,,1656,15,,,0,30,,1649,15,,,0,70,,1659,15,,,0,30,,1650,15,,,0,70,,1665,15,,,0,30,,1651,15,,,0,70,,1663,15,,,0,30,,1657,15,,,0,70,,1658,15,,,0,30,,1660,15,,,0
500,'5322',1302,,1666,15,,,0,100,,1667,15,,,0,100,,1668,15,,,0,100,,1669,15,,,0
500,'5323',732,,1670,15,,,0,70,,1692,15,,,0,30,,1672,15,,,0,70,,1690,15,,,0,30,,1673,15,,,0,70,,1680,15,,,0,30,,1674,15,,,0,70,,1681,15,,,0,30,,1671,15,,,0,70,,1682,15,,,0,30,,1676,15,,,0,70,,1683,15,,,0,30,,1675,15,,,0,70,,1684,15,,,0,30,,1677,15,,,0,70,,1687,15,,,0,30,,1678,15,,,0,70,,1693,15,,,0,30,,1679,15,,,0,70,,1691,15,,,0,30,,1685,15,,,0,70,,1686,15,,,0,30,,1688,15,,,0
500,'5325',932,,1694,15,,,0,70,,1710,15,,,0,30,,1699,15,,,0,70,,1707,15,,,0,30,,1700,15,,,0,70,,1708,15,,,0,30,,1702,15,,,0,70,,1706,15,,,0,30,,1703,15,,,0,70,,1709,15,,,0,30,,1701,15,,,0,70,,1711,15,,,0,30,,1698,15,,,0,70,,1705,15,,,0,30,,1697,15,,,0,70,,1704,15,,,0,30,,1695,15,,,0,70,,1712,15,,,0,30,,1696,15,,,0
500,'5326',732,,1714,15,,,0,70,,1736,15,,,0,30,,1716,15,,,0,70,,1734,15,,,0,30,,1717,15,,,0,70,,1724,15,,,0,30,,1718,15,,,0,70,,1725,15,,,0,30,,1715,15,,,0,70,,1726,15,,,0,30,,1720,15,,,0,70,,1727,15,,,0,30,,1719,15,,,0,70,,1728,15,,,0,30,,1721,15,,,0,70,,1731,15,,,0,30,,1722,15,,,0,70,,1737,15,,,0,30,,1723,15,,,0,70,,1735,15,,,0,30,,1729,15,,,0,70,,1730,15,,,0,30,,1732,15,,,0,100,,1738,15,,,0,100,,1739,15,,,0,100,,1740,15,,,0,100,,1741,15,,,0,100,,1742,15,,,0
500,'5328',932,,1743,15,,,0,70,,1759,15,,,0,30,,1748,15,,,0,70,,1756,15,,,0,30,,1749,15,,,0,70,,1757,15,,,0,30,,1751,15,,,0,70,,1755,15,,,0,30,,1752,15,,,0,70,,1758,15,,,0,30,,1750,15,,,0,70,,1760,15,,,0,30,,1747,15,,,0,70,,1754,15,,,0,30,,1746,15,,,0,70,,1753,15,,,0,30,,1744,15,,,0,70,,1761,15,,,0,30,,1745,15,,,0,100,,1763,15,,,0,100,,1764,15,,,0,100,,1765,15,,,0,100,,1766,15,,,0,100,,1767,15,,,0
1501,'4833',1927,,1978,17,0,7,0,124,,1980,17,0,7,0
1501,'5323',1927,,1982,17,0,7,0,124,,1984,17,0,7,0
1501,'5325',1927,,1987,17,0,7,0,124,,1988,17,0,7,0
1501,'5326',1927,,1990,17,0,7,0,124,,1992,17,0,7,0
1501,'5328',1927,,1995,17,0,7,0,124,,1996,17,0,7,0
1600,'5322',902,,1998,4,,,0,100,,2001,10,,,0,100,,2000,10,,,0,100,,1999,10,,,0,100,,2002,10,,,0,100,,2003,10,,,0,100,,2004,10,,,0,100,,2005,10,,,0,100,,2006,10,,,0,100,,2008,10,,,0
