300,'4833',817,,2125,35,0,11 12,0
300,'5323',817,,2137,35,0,11 12,0
300,'5325',817,,2149,29,0,11 12,0
300,'5326',817,,2160,35,0,11 12,0
500,'4833',737,,1642,21,,,0,70,,1664,21,,,0,30,,1644,21,,,0,70,,1662,21,,,0,30,,1645,21,,,0,70,,1652,21,,,0,30,,1646,21,,,0,70,,1653,21,,,0,30,,1643,21,,,0,70,,1654,21,,,0,30,,1648,21,,,0,70,,1655,21,,,0,30,,1647,21,,,0,70,,1656,21,,,0,30,,1649,21,,,0,70,,1659,21,,,0,30,,1650,21,,,0,70,,1665,21,,,0,30,,1651,21,,,0,70,,1663,21,,,0,30,,1657,21,,,0,70,,1658,21,,,0,30,,1660,21,,,0
500,'5322',1307,,1666,21,,,0,100,,1667,21,,,0,100,,1668,21,,,0,100,,1669,21,,,0
500,'5323',737,,1670,21,,,0,70,,1692,21,,,0,30,,1672,21,,,0,70,,1690,21,,,0,30,,1673,21,,,0,70,,1680,21,,,0,30,,1674,21,,,0,70,,1681,21,,,0,30,,1671,21,,,0,70,,1682,21,,,0,30,,1676,21,,,0,70,,1683,21,,,0,30,,1675,21,,,0,70,,1684,21,,,0,30,,1677,21,,,0,70,,1687,21,,,0,30,,1678,21,,,0,70,,1693,21,,,0,30,,1679,21,,,0,70,,1691,21,,,0,30,,1685,21,,,0,70,,1686,21,,,0,30,,1688,21,,,0
500,'5325',937,,1694,21,,,0,70,,1710,21,,,0,30,,1699,21,,,0,70,,1707,21,,,0,30,,1700,21,,,0,70,,1708,21,,,0,30,,1702,21,,,0,70,,1706,21,,,0,30,,1703,21,,,0,70,,1709,21,,,0,30,,1701,21,,,0,70,,1711,21,,,0,30,,1698,21,,,0,70,,1705,21,,,0,30,,1697,21,,,0,70,,1704,21,,,0,30,,1695,21,,,0,70,,1712,21,,,0,30,,1696,21,,,0
500,'5326',737,,1714,21,,,0,70,,1736,21,,,0,30,,1716,21,,,0,70,,1734,21,,,0,30,,1717,21,,,0,70,,1724,21,,,0,30,,1718,21,,,0,70,,1725,21,,,0,30,,1715,21,,,0,70,,1726,21,,,0,30,,1720,21,,,0,70,,1727,21,,,0,30,,1719,21,,,0,70,,1728,21,,,0,30,,1721,21,,,0,70,,1731,21,,,0,30,,1722,21,,,0,70,,1737,21,,,0,30,,1723,21,,,0,70,,1735,21,,,0,30,,1729,21,,,0,70,,1730,21,,,0,30,,1732,21,,,0,100,,1738,21,,,0,100,,1739,21,,,0,100,,1740,21,,,0,100,,1741,21,,,0,100,,1742,21,,,0
500,'5328',937,,1743,21,,,0,70,,1759,21,,,0,30,,1748,21,,,0,70,,1756,21,,,0,30,,1749,21,,,0,70,,1757,21,,,0,30,,1751,21,,,0,70,,1755,21,,,0,30,,1752,21,,,0,70,,1758,21,,,0,30,,1750,21,,,0,70,,1760,21,,,0,30,,1747,21,,,0,70,,1754,21,,,0,30,,1746,21,,,0,70,,1753,21,,,0,30,,1744,21,,,0,70,,1761,21,,,0,30,,1745,21,,,0,100,,1763,21,,,0,100,,1764,21,,,0,100,,1765,21,,,0,100,,1766,21,,,0,100,,1767,21,,,0
