101,'4833',703,,1219,15,,,0,100,,1220,15,,,0,100,,1221,15,,,0,100,,1222,15,,,0,100,,1224,15,,,0,100,,1223,15,,,0,100,,1226,15,,,0,100,,1225,15,,,0,100,,1227,15,,,0,100,,1228,15,,,0,100,,1229,15,,,0,100,,1230,15,,,0
101,'5323',703,,1232,15,,,0,100,,1233,15,,,0,100,,1234,15,,,0,100,,1235,15,,,0,100,,1237,15,,,0,100,,1236,15,,,0,100,,1239,15,,,0,100,,1238,15,,,0,100,,1240,15,,,0,100,,1241,15,,,0,100,,1242,15,,,0,100,,1243,15,,,0
101,'5325',903,,1248,15,,,0,100,,1250,15,,,0,100,,1244,15,,,0,100,,1246,15,,,0,100,,1249,15,,,0,100,,1247,15,,,0,100,,1251,15,,,0,100,,1245,15,,,0,100,,1252,15,,,0,100,,1253,15,,,0
101,'5326',703,,1256,15,,,0,100,,1257,15,,,0,100,,1258,15,,,0,100,,1259,15,,,0,100,,1261,15,,,0,100,,1260,15,,,0,100,,1263,15,,,0,100,,1262,15,,,0,100,,1264,15,,,0,100,,1265,15,,,0,100,,1266,15,,,0,100,,1267,15,,,0
101,'5328',903,,1272,15,,,0,100,,1274,15,,,0,100,,1268,15,,,0,100,,1270,15,,,0,100,,1273,15,,,0,100,,1271,15,,,0,100,,1275,15,,,0,100,,1269,15,,,0,100,,1276,15,,,0,100,,1277,15,,,0
301,'4833',633,,1457,7,,,0,100,,1458,17,,,0,100,,1459,10,,,0,100,,1460,17,,,0,100,,1461,17,,,0,100,,1462,17,,,0,100,,1463,17,,,0,100,,1464,17,,,0,100,,1465,17,,,0,100,,1466,17,,,0,100,,1467,17,,,0,100,,1468,17,,,0
301,'5323',633,,1470,7,,,0,100,,1471,17,,,0,100,,1472,10,,,0,100,,1473,17,,,0,100,,1474,17,,,0,100,,1475,17,,,0,100,,1476,17,,,0,100,,1477,17,,,0,100,,1478,17,,,0,100,,1479,17,,,0,100,,1480,17,,,0,100,,1481,17,,,0
301,'5325',833,,1485,10,,,0,100,,1483,17,,,0,100,,1486,17,,,0,100,,1484,17,,,0,100,,1487,17,,,0,100,,1488,17,,,0,100,,1489,17,,,0,100,,1490,17,,,0,100,,1491,17,,,0,100,,1493,17,,,0
301,'5326',633,,1494,7,,,0,100,,1495,17,,,0,100,,1496,10,,,0,100,,1497,17,,,0,100,,1498,17,,,0,100,,1499,17,,,0,100,,1500,17,,,0,100,,1501,17,,,0,100,,1502,17,,,0,100,,1503,17,,,0,100,,1504,17,,,0,100,,1505,17,,,0
301,'5328',833,,1509,10,,,0,100,,1507,17,,,0,100,,1510,17,,,0,100,,1508,17,,,0,100,,1511,17,,,0,100,,1512,17,,,0,100,,1513,17,,,0,100,,1514,17,,,0,100,,1515,17,,,0,100,,1517,17,,,0
1500,'4833',1852,,1940,7,0,14 15,0,164,,1942,7,0,13,0,124,,1945,7,0,13,0,85,,1947,7,0,13,0
1500,'5323',1852,,1948,7,0,14 15,0,164,,1950,7,0,13,0,124,,1953,7,0,13,0,85,,1955,7,0,13,0
1500,'5325',1852,,1956,7,0,13,0,164,,1958,7,0,13,0,124,,1961,7,0,13,0,85,,1962,7,0,13,0
1500,'5326',1852,,1963,7,0,14 15,0,164,,1965,7,0,13,0,124,,1968,7,0,13,0,85,,1970,7,0,13,0
1500,'5328',1852,,1971,7,0,13,0,164,,1973,7,0,13,0,124,,1976,7,0,13,0,85,,1977,7,0,13,0
7001,'5323',847,,2113,20,0,14 15,0,296,,2114,18,0,14 15,0,365,,2115,20,0,14 15,0,305,,2116,18,,,0
7001,'5326',847,,2117,20,0,14 15,0,296,,2118,18,0,14 15,0,365,,2119,20,0,14 15,0,305,,2120,18,,,0
