501,'4833',652,,1768,7,,,0,70,,1778,7,,,0,30,,1769,9,,,0,70,,1790,9,,,0,30,,1771,9,,,0,70,,1779,9,,,0,30,,1772,9,,,0,70,,1780,9,,,0,30,,1773,9,,,0,70,,1781,9,,,0,30,,1770,9,,,0,70,,1782,9,,,0,30,,1775,9,,,0,70,,1783,9,,,0,30,,1774,9,,,0,70,,1784,9,,,0,30,,1776,9,,,0,70,,1791,9,,,0,30,,1777,9,,,0,70,,1789,9,,,0,30,,1785,9,,,0,70,,1786,9,,,0,30,,1787,9,,,0,70,,1788,9,,,0
501,'5322',1222,,1792,9,,,0,100,,1793,9,,,0,100,,1794,9,,,0,100,,1795,9,,,0
501,'5323',652,,1796,7,,,0,70,,1806,7,,,0,30,,1797,9,,,0,70,,1818,9,,,0,30,,1799,9,,,0,70,,1807,9,,,0,30,,1800,9,,,0,70,,1808,9,,,0,30,,1801,9,,,0,70,,1809,9,,,0,30,,1798,9,,,0,70,,1810,9,,,0,30,,1803,9,,,0,70,,1811,9,,,0,30,,1802,9,,,0,70,,1812,9,,,0,30,,1804,9,,,0,70,,1819,9,,,0,30,,1805,9,,,0,70,,1817,9,,,0,30,,1813,9,,,0,70,,1814,9,,,0,30,,1815,9,,,0,70,,1816,9,,,0
501,'5325',852,,1825,7,,,0,70,,1836,7,,,0,30,,1827,9,,,0,70,,1837,9,,,0,30,,1828,9,,,0,70,,1833,9,,,0,30,,1824,9,,,0,70,,1834,9,,,0,30,,1829,9,,,0,70,,1835,9,,,0,30,,1820,9,,,0,70,,1838,9,,,0,30,,1821,9,,,0,70,,1839,9,,,0,30,,1822,9,,,0,70,,1830,9,,,0,30,,1823,9,,,0,70,,1831,9,,,0,30,,1826,9,,,0,70,,1832,9,,,0
501,'5326',652,,1840,7,,,0,70,,1850,7,,,0,30,,1841,9,,,0,70,,1862,9,,,0,30,,1843,9,,,0,70,,1851,9,,,0,30,,1844,9,,,0,70,,1852,9,,,0,30,,1845,9,,,0,70,,1853,9,,,0,30,,1842,9,,,0,70,,1854,9,,,0,30,,1847,9,,,0,70,,1855,9,,,0,30,,1846,9,,,0,70,,1856,9,,,0,30,,1848,9,,,0,70,,1863,9,,,0,30,,1849,9,,,0,70,,1861,9,,,0,30,,1857,9,,,0,70,,1858,9,,,0,30,,1859,9,,,0,70,,1860,9,,,0,30,,1866,9,,,0,100,,1867,9,,,0,100,,1868,9,,,0,100,,1869,9,,,0,100,,1864,9,,,0,100,,1865,9,0,21,0
501,'5328',852,,1875,7,,,0,70,,1886,7,,,0,30,,1877,9,,,0,70,,1887,9,,,0,30,,1878,9,,,0,70,,1883,9,,,0,30,,1874,9,,,0,70,,1884,9,,,0,30,,1879,9,,,0,70,,1885,9,,,0,30,,1870,9,,,0,70,,1888,9,,,0,30,,1871,9,,,0,70,,1889,9,,,0,30,,1872,9,,,0,70,,1880,9,,,0,30,,1873,9,,,0,70,,1881,9,,,0,30,,1876,9,,,0,70,,1882,9,,,0,30,,1892,9,,,0,100,,1893,9,,,0,100,,1894,9,,,0,100,,1895,9,,,0,100,,1891,9,,,0,100,,1890,9,0,21,0
1001,'5323',751,,1912,23,,,0,165,,1913,23,,,0,123,,1916,23,,,0,311,,1914,23,,,0,402,,1915,23,,,0
1001,'5325',916,,1917,23,,,0,434,,1919,23,,,0,402,,1918,23,,,0
1001,'5326',751,,1920,23,,,0,165,,1921,23,,,0,123,,1924,23,,,0,311,,1922,23,,,0,402,,1923,23,,,0
1001,'5328',916,,1925,23,,,0,434,,1927,23,,,0,402,,1926,23,,,0
1500,'4833',1901,,1940,22,0,14 15,0,124,,1942,22,0,13,0,123,,1945,22,0,13,0,85,,1947,22,0,13,0
1500,'5323',1901,,1948,22,0,14 15,0,124,,1950,22,0,13,0,123,,1953,22,0,13,0,85,,1955,22,0,13,0
1500,'5325',1901,,1956,22,0,13,0,124,,1958,22,0,13,0,123,,1961,22,0,13,0,85,,1962,22,0,13,0
1500,'5326',1901,,1963,22,0,14 15,0,124,,1965,22,0,13,0,123,,1968,22,0,13,0,85,,1970,22,0,13,0
1500,'5328',1901,,1971,22,0,13,0,124,,1973,22,0,13,0,123,,1976,22,0,13,0,85,,1977,22,0,13,0
1601,'5322',933,,2009,17,,,0,100,,2011,17,,,0,100,,2010,17,,,0,100,,2012,17,,,0,100,,2014,17,,,0,100,,2013,17,,,0,100,,2016,17,,,0,100,,2015,17,,,0,100,,2018,17,,,0,100,,2017,17,,,0
