300,'4833',808,,1397,20,0,11 12,0
300,'5323',808,,1410,20,0,11 12,0
300,'5325',808,,1423,14,0,11 12,0
300,'5326',808,,1434,20,0,11 12,0
300,'5328',808,,1447,14,0,11 12,0
400,'4833',725,,1518,34,,,0,100,,1523,34,,,0,100,,1525,34,,,0,100,,1526,34,,,0,100,,1527,34,,,0,100,,1528,34,,,0,100,,1529,34,,,0,100,,1530,34,,,0,100,,1524,34,,,0,100,,1521,34,,,0,100,,1522,34,,,0,110,,1519,19,,,0
400,'5323',725,,1531,34,,,0,100,,1536,34,,,0,100,,1538,34,,,0,100,,1539,34,,,0,100,,1540,34,,,0,100,,1541,34,,,0,100,,1542,34,,,0,100,,1543,34,,,0,100,,1537,34,,,0,100,,1534,34,,,0,100,,1535,34,,,0,110,,1532,19,,,0
400,'5325',825,,1547,34,,,0,100,,1550,34,,,0,100,,1544,34,,,0,100,,1545,34,,,0,100,,1548,34,,,0,100,,1549,34,,,0,100,,1546,34,,,0,100,,1551,34,,,0,100,,1552,34,,,0,100,,1553,34,,,0,110,,1555,19,,,0
400,'5326',725,,1556,34,,,0,100,,1561,34,,,0,100,,1563,34,,,0,100,,1564,34,,,0,100,,1565,34,,,0,100,,1566,34,,,0,100,,1567,34,,,0,100,,1568,34,,,0,100,,1562,34,,,0,100,,1559,34,,,0,100,,1560,34,,,0,110,,1557,19,,,0
400,'5328',825,,1572,34,,,0,100,,1575,34,,,0,100,,1569,34,,,0,100,,1570,34,,,0,100,,1573,34,,,0,100,,1574,34,,,0,100,,1571,34,,,0,100,,1576,34,,,0,100,,1577,34,,,0,100,,1578,34,,,0,110,,1580,19,,,0
