100,'4833',617,,1157,2,,,0,100,,1158,2,,,0,200,,1160,2,,,0,100,,1161,2,,,0,100,,1162,2,,,0,100,,1163,2,,,0,100,,1164,2,,,0,100,,1165,2,,,0,100,,1166,2,,,0,100,,1167,2,,,0,100,,1168,2,,,0,100,,1169,2,0,5 6,0
100,'5323',617,,1170,2,,,0,100,,1171,2,,,0,200,,1173,2,,,0,100,,1174,2,,,0,100,,1175,2,,,0,100,,1176,2,,,0,100,,1177,2,,,0,100,,1178,2,,,0,100,,1179,2,,,0,100,,1180,2,,,0,100,,1181,2,,,0,100,,1182,2,0,5 6,0
100,'5325',917,,1185,2,,,0,100,,1190,2,,,0,100,,1193,2,,,0,100,,1186,2,,,0,100,,1184,2,,,0,100,,1188,2,,,0,100,,1189,2,,,0,100,,1187,2,,,0,100,,1192,2,,,0,100,,1191,2,0,5 6,0
100,'5326',617,,1194,2,,,0,100,,1195,2,,,0,200,,1197,2,,,0,100,,1198,2,,,0,100,,1199,2,,,0,100,,1200,2,,,0,100,,1201,2,,,0,100,,1202,2,,,0,100,,1203,2,,,0,100,,1204,2,,,0,100,,1205,2,,,0,100,,1206,2,0,5 6,0
100,'5328',917,,1210,2,,,0,100,,1214,2,,,0,100,,1217,2,,,0,100,,1209,2,,,0,100,,1208,2,,,0,100,,1212,2,,,0,100,,1213,2,,,0,100,,1211,2,,,0,100,,1216,2,,,0,100,,1215,2,0,5 6,0
501,'4833',706,,1768,18,,,0,30,,1778,18,,,0,70,,1769,20,,,0,30,,1790,20,,,0,70,,1771,20,,,0,30,,1779,20,,,0,70,,1772,20,,,0,30,,1780,20,,,0,70,,1773,20,,,0,30,,1781,20,,,0,70,,1770,20,,,0,30,,1782,20,,,0,70,,1775,20,,,0,30,,1783,20,,,0,70,,1774,20,,,0,30,,1784,20,,,0,70,,1776,20,,,0,30,,1791,20,,,0,70,,1777,20,,,0,30,,1789,20,,,0,70,,1785,20,,,0,30,,1786,20,,,0,70,,1787,20,,,0,30,,1788,20,,,0
501,'5322',1236,,1792,20,,,0,100,,1793,20,,,0,100,,1794,20,,,0,100,,1795,20,,,0
501,'5323',706,,1796,18,,,0,30,,1806,18,,,0,70,,1797,20,,,0,30,,1818,20,,,0,70,,1799,20,,,0,30,,1807,20,,,0,70,,1800,20,,,0,30,,1808,20,,,0,70,,1801,20,,,0,30,,1809,20,,,0,70,,1798,20,,,0,30,,1810,20,,,0,70,,1803,20,,,0,30,,1811,20,,,0,70,,1802,20,,,0,30,,1812,20,,,0,70,,1804,20,,,0,30,,1819,20,,,0,70,,1805,20,,,0,30,,1817,20,,,0,70,,1813,20,,,0,30,,1814,20,,,0,70,,1815,20,,,0,30,,1816,20,,,0
501,'5325',906,,1825,18,,,0,30,,1836,18,,,0,70,,1827,20,,,0,30,,1837,20,,,0,70,,1828,20,,,0,30,,1833,20,,,0,70,,1824,20,,,0,30,,1834,20,,,0,70,,1829,20,,,0,30,,1835,20,,,0,70,,1820,20,,,0,30,,1838,20,,,0,70,,1821,20,,,0,30,,1839,20,,,0,70,,1822,20,,,0,30,,1830,20,,,0,70,,1823,20,,,0,30,,1831,20,,,0,70,,1826,20,,,0,30,,1832,20,,,0
501,'5326',706,,1840,18,,,0,30,,1850,18,,,0,70,,1841,20,,,0,30,,1862,20,,,0,70,,1843,20,,,0,30,,1851,20,,,0,70,,1844,20,,,0,30,,1852,20,,,0,70,,1845,20,,,0,30,,1853,20,,,0,70,,1842,20,,,0,30,,1854,20,,,0,70,,1847,20,,,0,30,,1855,20,,,0,70,,1846,20,,,0,30,,1856,20,,,0,70,,1848,20,,,0,30,,1863,20,,,0,70,,1849,20,,,0,30,,1861,20,,,0,70,,1857,20,,,0,30,,1858,20,,,0,70,,1859,20,,,0,30,,1860,20,,,0,70,,1866,20,,,0,100,,1867,20,,,0,100,,1868,20,,,0,100,,1869,20,,,0,100,,1864,20,,,0
501,'5328',906,,1875,18,,,0,30,,1886,18,,,0,70,,1877,20,,,0,30,,1887,20,,,0,70,,1878,20,,,0,30,,1883,20,,,0,70,,1874,20,,,0,30,,1884,20,,,0,70,,1879,20,,,0,30,,1885,20,,,0,70,,1870,20,,,0,30,,1888,20,,,0,70,,1871,20,,,0,30,,1889,20,,,0,70,,1872,20,,,0,30,,1880,20,,,0,70,,1873,20,,,0,30,,1881,20,,,0,70,,1876,20,,,0,30,,1882,20,,,0,70,,1892,20,,,0,100,,1893,20,,,0,100,,1894,20,,,0,100,,1895,20,,,0,100,,1891,20,,,0
