500,'4833',713,,1642,6,,,0,30,,1664,6,,,0,70,,1644,6,,,0,30,,1662,6,,,0,70,,1645,6,,,0,30,,1652,6,,,0,70,,1646,6,,,0,30,,1653,6,,,0,70,,1643,6,,,0,30,,1654,6,,,0,70,,1648,6,,,0,30,,1655,6,,,0,70,,1647,6,,,0,30,,1656,6,,,0,70,,1649,6,,,0,30,,1659,6,,,0,70,,1650,6,,,0,30,,1665,6,,,0,70,,1651,6,,,0,30,,1663,6,,,0,70,,1657,6,,,0,30,,1658,6,,,0,70,,1660,6,,,0,30,,1661,6,0,13,0
500,'5322',1243,,1666,6,,,0,100,,1667,6,,,0,100,,1668,6,,,0,100,,1669,6,,,0
500,'5323',713,,1670,6,,,0,30,,1692,6,,,0,70,,1672,6,,,0,30,,1690,6,,,0,70,,1673,6,,,0,30,,1680,6,,,0,70,,1674,6,,,0,30,,1681,6,,,0,70,,1671,6,,,0,30,,1682,6,,,0,70,,1676,6,,,0,30,,1683,6,,,0,70,,1675,6,,,0,30,,1684,6,,,0,70,,1677,6,,,0,30,,1687,6,,,0,70,,1678,6,,,0,30,,1693,6,,,0,70,,1679,6,,,0,30,,1691,6,,,0,70,,1685,6,,,0,30,,1686,6,,,0,70,,1688,6,,,0,30,,1689,6,0,13,0
500,'5325',913,,1694,6,,,0,30,,1710,6,,,0,70,,1699,6,,,0,30,,1707,6,,,0,70,,1700,6,,,0,30,,1708,6,,,0,70,,1702,6,,,0,30,,1706,6,,,0,70,,1703,6,,,0,30,,1709,6,,,0,70,,1701,6,,,0,30,,1711,6,,,0,70,,1698,6,,,0,30,,1705,6,,,0,70,,1697,6,,,0,30,,1704,6,,,0,70,,1695,6,,,0,30,,1712,6,,,0,70,,1696,6,,,0,30,,1713,6,0,13,0
500,'5326',713,,1714,6,,,0,30,,1736,6,,,0,70,,1716,6,,,0,30,,1734,6,,,0,70,,1717,6,,,0,30,,1724,6,,,0,70,,1718,6,,,0,30,,1725,6,,,0,70,,1715,6,,,0,30,,1726,6,,,0,70,,1720,6,,,0,30,,1727,6,,,0,70,,1719,6,,,0,30,,1728,6,,,0,70,,1721,6,,,0,30,,1731,6,,,0,70,,1722,6,,,0,30,,1737,6,,,0,70,,1723,6,,,0,30,,1735,6,,,0,70,,1729,6,,,0,30,,1730,6,,,0,70,,1732,6,,,0,30,,1733,6,0,13,0,70,,1738,6,,,0,100,,1739,6,,,0,100,,1740,6,,,0,100,,1741,6,,,0,100,,1742,6,,,0
500,'5328',913,,1743,6,,,0,30,,1759,6,,,0,70,,1748,6,,,0,30,,1756,6,,,0,70,,1749,6,,,0,30,,1757,6,,,0,70,,1751,6,,,0,30,,1755,6,,,0,70,,1752,6,,,0,30,,1758,6,,,0,70,,1750,6,,,0,30,,1760,6,,,0,70,,1747,6,,,0,30,,1754,6,,,0,70,,1746,6,,,0,30,,1753,6,,,0,70,,1744,6,,,0,30,,1761,6,,,0,70,,1745,6,,,0,30,,1762,6,0,13,0,70,,1763,6,,,0,100,,1764,6,,,0,100,,1765,6,,,0,100,,1766,6,,,0,100,,1767,6,,,0
1500,'4833',1911,,1941,13,0,13,0,124,,1942,39,0,13,0,123,,1945,39,0,13,0,85,,1947,39,0,13,0
1500,'5323',1911,,1949,13,0,13,0,124,,1950,39,0,13,0,123,,1953,39,0,13,0,85,,1955,39,0,13,0
1500,'5325',1911,,1956,39,0,13,0,124,,1958,39,0,13,0,123,,1961,39,0,13,0,85,,1962,39,0,13,0
1500,'5326',1911,,1964,13,0,13,0,124,,1965,39,0,13,0,123,,1968,39,0,13,0,85,,1970,39,0,13,0
1500,'5328',1911,,1971,39,0,13,0,124,,1973,39,0,13,0,123,,1976,39,0,13,0,85,,1977,39,0,13,0
7000,'5323',557,,2105,12,,,0
7000,'5326',557,,2109,12,,,0
