100,'4833',643,,1157,27,,,0,100,,1158,27,,,0,100,,1159,20,,,0,100,,1160,27,,,0,100,,1161,27,,,0,100,,1162,27,,,0,100,,1163,27,,,0,100,,1164,27,,,0,100,,1165,27,,,0,100,,1166,27,,,0,100,,1167,27,,,0,100,,1168,27,,,0
100,'5323',643,,1170,27,,,0,100,,1171,27,,,0,100,,1172,20,,,0,100,,1173,27,,,0,100,,1174,27,,,0,100,,1175,27,,,0,100,,1176,27,,,0,100,,1177,27,,,0,100,,1178,27,,,0,100,,1179,27,,,0,100,,1180,27,,,0,100,,1181,27,,,0
100,'5325',843,,1183,20,,,0,100,,1185,27,,,0,100,,1190,27,,,0,100,,1193,27,,,0,100,,1186,27,,,0,100,,1184,27,,,0,100,,1188,27,,,0,100,,1189,27,,,0,100,,1187,27,,,0,100,,1192,27,,,0
100,'5326',643,,1194,27,,,0,100,,1195,27,,,0,100,,1196,20,,,0,100,,1197,27,,,0,100,,1198,27,,,0,100,,1199,27,,,0,100,,1200,27,,,0,100,,1201,27,,,0,100,,1202,27,,,0,100,,1203,27,,,0,100,,1204,27,,,0,100,,1205,27,,,0
100,'5328',843,,1207,20,,,0,100,,1210,27,,,0,100,,1214,27,,,0,100,,1217,27,,,0,100,,1209,27,,,0,100,,1208,27,,,0,100,,1212,27,,,0,100,,1213,27,,,0,100,,1211,27,,,0,100,,1216,27,,,0
201,'4833',703,,1335,13,,,0,100,,1336,13,,,0,100,,1337,13,,,0,100,,1338,13,,,0,100,,1339,13,,,0,100,,1340,13,,,0,100,,1341,13,,,0,100,,1342,13,,,0,100,,1343,13,,,0,100,,1344,13,,,0,100,,1345,13,,,0,100,,1346,13,0,7 6,0
201,'5323',703,,1348,13,,,0,100,,1349,13,,,0,100,,1350,13,,,0,100,,1351,13,,,0,100,,1352,13,,,0,100,,1353,13,,,0,100,,1354,13,,,0,100,,1355,13,,,0,100,,1356,13,,,0,100,,1357,13,,,0,100,,1358,13,,,0,100,,1359,13,0,7 6,0
201,'5325',803,,1361,13,,,0,100,,1362,13,,,0,100,,1363,13,,,0,100,,1364,13,,,0,100,,1365,13,,,0,100,,1366,13,,,0,100,,1367,13,,,0,100,,1368,13,,,0,100,,1369,13,,,0,100,,1370,13,,,0,100,,1371,13,,,0
201,'5326',703,,1372,13,,,0,100,,1373,13,,,0,100,,1374,13,,,0,100,,1375,13,,,0,100,,1376,13,,,0,100,,1377,13,,,0,100,,1378,13,,,0,100,,1379,13,,,0,100,,1380,13,,,0,100,,1381,13,,,0,100,,1382,13,,,0,100,,1383,13,0,7 6,0
201,'5328',803,,1385,13,,,0,100,,1386,13,,,0,100,,1388,13,,,0,100,,1387,13,,,0,100,,1389,13,,,0,100,,1390,13,,,0,100,,1391,13,,,0,100,,1392,13,,,0,100,,1393,13,,,0,100,,1394,13,,,0,100,,1395,13,,,0
1501,'4833',1940,,1978,38,0,7,0,164,,1980,38,0,7,0
1501,'5323',1940,,1982,38,0,7,0,164,,1984,38,0,7,0
1501,'5325',1940,,1987,38,0,7,0,164,,1988,38,0,7,0
1501,'5326',1940,,1990,38,0,7,0,164,,1992,38,0,7,0
1501,'5328',1940,,1995,38,0,7,0,164,,1996,38,0,7,0
1600,'5322',911,,1998,18,,,0,100,,2001,24,,,0,100,,2000,24,,,0,100,,1999,24,,,0,100,,2002,24,,,0,100,,2003,24,,,0,100,,2004,24,,,0,100,,2005,24,,,0,100,,2006,24,,,0,100,,2008,24,,,0
7000,'5323',612,,2105,31,,,0,305,,2106,14,,,0,324,,2107,14,,,0,300,,2108,14,,,0
7000,'5326',612,,2109,31,,,0,305,,2110,14,,,0,324,,2111,14,,,0,300,,2112,14,,,0
