401,'4833',645,,1587,6,,,0,100,,1588,19,,,0,100,,1589,19,,,0,100,,1590,19,,,0,100,,1591,19,,,0,100,,1592,19,,,0,100,,1593,19,,,0,100,,1585,19,,,0,100,,1586,19,,,0,100,,1584,19,,,0,100,,1583,19,,,0,100,,1582,19,,,0
401,'5323',645,,1600,6,,,0,100,,1601,19,,,0,100,,1602,19,,,0,100,,1603,19,,,0,100,,1604,19,,,0,100,,1605,19,,,0,100,,1606,19,,,0,100,,1598,19,,,0,100,,1599,19,,,0,100,,1597,19,,,0,100,,1596,19,,,0,100,,1595,19,,,0
401,'5325',845,,1607,19,,,0,100,,1609,19,,,0,100,,1610,19,,,0,100,,1608,19,,,0,100,,1612,19,,,0,100,,1611,19,,,0,100,,1613,19,,,0,100,,1614,19,,,0,100,,1615,19,,,0,100,,1616,19,,,0
401,'5326',645,,1624,6,,,0,100,,1625,19,,,0,100,,1626,19,,,0,100,,1627,19,,,0,100,,1628,19,,,0,100,,1629,19,,,0,100,,1630,19,,,0,100,,1622,19,,,0,100,,1623,19,,,0,100,,1621,19,,,0,100,,1620,19,,,0,100,,1619,19,,,0
401,'5328',845,,1631,19,,,0,100,,1633,19,,,0,100,,1635,19,,,0,100,,1632,19,,,0,100,,1636,19,,,0,100,,1634,19,,,0,100,,1637,19,,,0,100,,1638,19,,,0,100,,1639,19,,,0,100,,1640,19,,,0
1100,'5323',1836,,1930,9,,,0
1100,'5326',1836,,1933,9,,,0
3001,'5323',746,,2069,11,,,0,311,,2070,9,,,0,185,,2073,9,,,0,294,,2071,11,,,0,171,,2072,9,,,0
3001,'5325',846,,2074,11,,,0,211,,2075,9,,,0,185,,2076,9,,,0,294,,2077,11,,,0,171,,2078,9,,,0
3001,'5326',746,,2079,11,,,0,311,,2080,9,,,0,185,,2083,9,,,0,294,,2081,11,,,0,171,,2082,9,,,0
3001,'5328',846,,2084,11,,,0,211,,2085,9,,,0,185,,2086,9,,,0,294,,2087,11,,,0,171,,2088,9,,,0
7001,'5323',841,,2113,10,0,14 15,0,296,,2114,8,0,14 15,0,365,,2115,10,0,14 15,0,305,,2116,8,,,0
7001,'5326',841,,2117,10,0,14 15,0,296,,2118,8,0,14 15,0,365,,2119,10,0,14 15,0,305,,2120,8,,,0
