200,'4833',635,,1279,9,,,0,100,,1280,9,,,0,100,,1281,9,,,0,100,,1282,9,,,0,100,,1283,9,,,0,100,,1284,9,,,0,100,,1285,9,,,0,100,,1286,9,,,0,100,,1287,9,,,0,100,,1288,9,,,0,100,,1289,9,,,0,100,,1290,9,,,0
200,'5323',635,,1291,9,,,0,100,,1292,9,,,0,100,,1293,9,,,0,100,,1294,9,,,0,100,,1295,9,,,0,100,,1296,9,,,0,100,,1297,9,,,0,100,,1298,9,,,0,100,,1299,9,,,0,100,,1300,9,,,0,100,,1301,9,,,0,100,,1302,9,,,0
200,'5325',835,,1303,9,,,0,100,,1304,9,,,0,100,,1305,9,,,0,100,,1306,9,,,0,100,,1307,9,,,0,100,,1308,9,,,0,100,,1309,9,,,0,100,,1310,9,,,0,100,,1311,9,,,0,100,,1312,9,,,0
200,'5326',635,,1313,9,,,0,100,,1314,9,,,0,100,,1315,9,,,0,100,,1316,9,,,0,100,,1317,9,,,0,100,,1318,9,,,0,100,,1319,9,,,0,100,,1320,9,,,0,100,,1321,9,,,0,100,,1322,9,,,0,100,,1323,9,,,0,100,,1324,9,,,0
200,'5328',835,,1325,9,,,0,100,,1326,9,,,0,100,,1327,9,,,0,100,,1328,9,,,0,100,,1329,9,,,0,100,,1330,9,,,0,100,,1331,9,,,0,100,,1332,9,,,0,100,,1333,9,,,0,100,,1334,9,,,0
1500,'4833',2007,,1943,14,,,0,124,,1944,14,,,0,85,,1946,14,,,0
1500,'5323',2007,,1951,14,,,0,124,,1952,14,,,0,85,,1954,14,,,0
1500,'5325',2007,,1957,14,,,0,124,,1960,14,,,0,85,,1959,14,,,0
1500,'5326',2007,,1966,14,,,0,124,,1967,14,,,0,85,,1969,14,,,0
1500,'5328',2007,,1972,14,,,0,124,,1975,14,,,0,85,,1974,14,,,0
