100,'4833',638,,1157,24,,,0,100,,1158,24,,,0,100,,1159,17,,,0,100,,1160,24,,,0,100,,1161,24,,,0,100,,1162,24,,,0,100,,1163,24,,,0,100,,1164,24,,,0,100,,1165,24,,,0,100,,1166,24,,,0,100,,1167,24,,,0,100,,1168,24,,,0
100,'5323',638,,1170,24,,,0,100,,1171,24,,,0,100,,1172,17,,,0,100,,1173,24,,,0,100,,1174,24,,,0,100,,1175,24,,,0,100,,1176,24,,,0,100,,1177,24,,,0,100,,1178,24,,,0,100,,1179,24,,,0,100,,1180,24,,,0,100,,1181,24,,,0
100,'5325',838,,1183,17,,,0,100,,1185,24,,,0,100,,1190,24,,,0,100,,1193,24,,,0,100,,1186,24,,,0,100,,1184,24,,,0,100,,1188,24,,,0,100,,1189,24,,,0,100,,1187,24,,,0,100,,1192,24,,,0
100,'5326',638,,1194,24,,,0,100,,1195,24,,,0,100,,1196,17,,,0,100,,1197,24,,,0,100,,1198,24,,,0,100,,1199,24,,,0,100,,1200,24,,,0,100,,1201,24,,,0,100,,1202,24,,,0,100,,1203,24,,,0,100,,1204,24,,,0,100,,1205,24,,,0
100,'5328',838,,1207,17,,,0,100,,1210,24,,,0,100,,1214,24,,,0,100,,1217,24,,,0,100,,1209,24,,,0,100,,1208,24,,,0,100,,1212,24,,,0,100,,1213,24,,,0,100,,1211,24,,,0,100,,1216,24,,,0
201,'4833',659,,1335,9,,,0,100,,1336,9,,,0,100,,1337,9,,,0,100,,1338,9,,,0,100,,1339,9,,,0,100,,1340,9,,,0,100,,1341,9,,,0,100,,1342,9,,,0,100,,1343,9,,,0,100,,1344,9,,,0,100,,1345,9,,,0,100,,1346,9,0,7 6,0
201,'5323',659,,1348,9,,,0,100,,1349,9,,,0,100,,1350,9,,,0,100,,1351,9,,,0,100,,1352,9,,,0,100,,1353,9,,,0,100,,1354,9,,,0,100,,1355,9,,,0,100,,1356,9,,,0,100,,1357,9,,,0,100,,1358,9,,,0,100,,1359,9,0,7 6,0
201,'5325',759,,1361,9,,,0,100,,1362,9,,,0,100,,1363,9,,,0,100,,1364,9,,,0,100,,1365,9,,,0,100,,1366,9,,,0,100,,1367,9,,,0,100,,1368,9,,,0,100,,1369,9,,,0,100,,1370,9,,,0,100,,1371,9,,,0
201,'5326',659,,1372,9,,,0,100,,1373,9,,,0,100,,1374,9,,,0,100,,1375,9,,,0,100,,1376,9,,,0,100,,1377,9,,,0,100,,1378,9,,,0,100,,1379,9,,,0,100,,1380,9,,,0,100,,1381,9,,,0,100,,1382,9,,,0,100,,1383,9,0,7 6,0
201,'5328',759,,1385,9,,,0,100,,1386,9,,,0,100,,1388,9,,,0,100,,1387,9,,,0,100,,1389,9,,,0,100,,1390,9,,,0,100,,1391,9,,,0,100,,1392,9,,,0,100,,1393,9,,,0,100,,1394,9,,,0,100,,1395,9,,,0
300,'4833',707,,1396,19,,,0,109,,1397,33,0,11 12,0,91,,1398,19,,,0,100,,1399,19,,,0,100,,1401,19,,,0,100,,1400,19,,,0,100,,1402,19,,,0,100,,1403,19,,,0,100,,1404,19,,,0,100,,1405,19,,,0,100,,1406,19,,,0,100,,1407,19,,,0
300,'5323',707,,1409,19,,,0,109,,1410,33,0,11 12,0,91,,1411,19,,,0,100,,1412,19,,,0,100,,1414,19,,,0,100,,1413,19,,,0,100,,1415,19,,,0,100,,1416,19,,,0,100,,1417,19,,,0,100,,1418,19,,,0,100,,1419,19,,,0,100,,1420,19,,,0
300,'5325',816,,1423,27,0,11 12,0,91,,1424,19,,,0,100,,1425,19,,,0,100,,1422,19,,,0,100,,1426,19,,,0,100,,1427,19,,,0,100,,1428,19,,,0,100,,1429,19,,,0,100,,1430,19,,,0,100,,1431,19,,,0,100,,1432,19,,,0
300,'5326',707,,1433,19,,,0,109,,1434,33,0,11 12,0,91,,1435,19,,,0,100,,1436,19,,,0,100,,1438,19,,,0,100,,1437,19,,,0,100,,1439,19,,,0,100,,1440,19,,,0,100,,1441,19,,,0,100,,1442,19,,,0,100,,1443,19,,,0,100,,1444,19,,,0
300,'5328',816,,1447,27,0,11 12,0,91,,1448,19,,,0,100,,1449,19,,,0,100,,1446,19,,,0,100,,1450,19,,,0,100,,1451,19,,,0,100,,1452,19,,,0,100,,1453,19,,,0,100,,1454,19,,,0,100,,1455,19,,,0,100,,1456,19,,,0
1501,'4833',1936,,1978,35,0,7,0,164,,1980,35,0,7,0
1501,'5323',1936,,1982,35,0,7,0,164,,1984,35,0,7,0
1501,'5325',1936,,1987,35,0,7,0,164,,1988,35,0,7,0
1501,'5326',1936,,1990,35,0,7,0,164,,1992,35,0,7,0
1501,'5328',1936,,1995,35,0,7,0,164,,1996,35,0,7,0
1600,'5322',908,,1998,15,,,0,100,,2001,21,,,0,100,,2000,21,,,0,100,,1999,21,,,0,100,,2002,21,,,0,100,,2003,21,,,0,100,,2004,21,,,0,100,,2005,21,,,0,100,,2006,21,,,0,100,,2008,21,,,0
7000,'5323',609,,2105,28,,,0,305,,2106,11,,,0,324,,2107,11,,,0,300,,2108,11,,,0
7000,'5326',609,,2109,28,,,0,305,,2110,11,,,0,324,,2111,11,,,0,300,,2112,11,,,0
