200,'4833',642,,1279,15,,,0,100,,1280,15,,,0,100,,1281,15,,,0,100,,1282,15,,,0,100,,1283,15,,,0,100,,1284,15,,,0,100,,1285,15,,,0,100,,1286,15,,,0,100,,1287,15,,,0,100,,1288,15,,,0,100,,1289,15,,,0,100,,1290,15,,,0
200,'5323',642,,1291,15,,,0,100,,1292,15,,,0,100,,1293,15,,,0,100,,1294,15,,,0,100,,1295,15,,,0,100,,1296,15,,,0,100,,1297,15,,,0,100,,1298,15,,,0,100,,1299,15,,,0,100,,1300,15,,,0,100,,1301,15,,,0,100,,1302,15,,,0
200,'5325',842,,1303,15,,,0,100,,1304,15,,,0,100,,1305,15,,,0,100,,1306,15,,,0,100,,1307,15,,,0,100,,1308,15,,,0,100,,1309,15,,,0,100,,1310,15,,,0,100,,1311,15,,,0,100,,1312,15,,,0
200,'5326',642,,1313,15,,,0,100,,1314,15,,,0,100,,1315,15,,,0,100,,1316,15,,,0,100,,1317,15,,,0,100,,1318,15,,,0,100,,1319,15,,,0,100,,1320,15,,,0,100,,1321,15,,,0,100,,1322,15,,,0,100,,1323,15,,,0,100,,1324,15,,,0
200,'5328',842,,1325,15,,,0,100,,1326,15,,,0,100,,1327,15,,,0,100,,1328,15,,,0,100,,1329,15,,,0,100,,1330,15,,,0,100,,1331,15,,,0,100,,1332,15,,,0,100,,1333,15,,,0,100,,1334,15,,,0
1100,'5323',955,,1928,7,,,0,348,,1929,7,,,0
1100,'5326',955,,1931,7,,,0,348,,1932,7,,,0
1500,'4833',2012,,1943,20,,,0,124,,1944,20,,,0,85,,1946,20,,,0
1500,'5323',2012,,1951,20,,,0,124,,1952,20,,,0,85,,1954,20,,,0
1500,'5325',2012,,1957,20,,,0,124,,1960,20,,,0,85,,1959,20,,,0
1500,'5326',2012,,1966,20,,,0,124,,1967,20,,,0,85,,1969,20,,,0
1500,'5328',2012,,1972,20,,,0,124,,1975,20,,,0,85,,1974,20,,,0
4000,'5323',840,,2090,27,4,,0,516,,2089,27,4,,0
4000,'5326',840,,2092,27,4,,0,516,,2091,27,4,,0
7001,'5323',843,,2113,11,0,14 15,0,296,,2114,9,0,14 15,0,365,,2115,11,0,14 15,0,305,,2116,9,,,0
7001,'5326',843,,2117,11,0,14 15,0,296,,2118,9,0,14 15,0,365,,2119,11,0,14 15,0,305,,2120,9,,,0
