101,'4833',705,,1219,19,,,0,100,,1220,19,,,0,100,,1221,19,,,0,100,,1222,19,,,0,100,,1224,19,,,0,100,,1223,19,,,0,100,,1226,19,,,0,100,,1225,19,,,0,100,,1227,19,,,0,100,,1228,19,,,0,100,,1229,19,,,0,100,,1230,19,,,0
101,'5323',705,,1232,19,,,0,100,,1233,19,,,0,100,,1234,19,,,0,100,,1235,19,,,0,100,,1237,19,,,0,100,,1236,19,,,0,100,,1239,19,,,0,100,,1238,19,,,0,100,,1240,19,,,0,100,,1241,19,,,0,100,,1242,19,,,0,100,,1243,19,,,0
101,'5325',905,,1248,19,,,0,100,,1250,19,,,0,100,,1244,19,,,0,100,,1246,19,,,0,100,,1249,19,,,0,100,,1247,19,,,0,100,,1251,19,,,0,100,,1245,19,,,0,100,,1252,19,,,0,100,,1253,19,,,0
101,'5326',705,,1256,19,,,0,100,,1257,19,,,0,100,,1258,19,,,0,100,,1259,19,,,0,100,,1261,19,,,0,100,,1260,19,,,0,100,,1263,19,,,0,100,,1262,19,,,0,100,,1264,19,,,0,100,,1265,19,,,0,100,,1266,19,,,0,100,,1267,19,,,0
101,'5328',905,,1272,19,,,0,100,,1274,19,,,0,100,,1268,19,,,0,100,,1270,19,,,0,100,,1273,19,,,0,100,,1271,19,,,0,100,,1275,19,,,0,100,,1269,19,,,0,100,,1276,19,,,0,100,,1277,19,,,0
301,'4833',635,,2181,11,,,0,100,,2182,21,,,0,100,,2183,14,,,0,100,,2184,21,,,0,100,,2185,21,,,0,100,,2186,21,,,0,100,,2187,21,,,0,100,,2188,21,,,0,100,,2189,21,,,0,100,,2190,21,,,0,100,,2191,21,,,0,100,,2192,21,,,0
301,'5323',635,,2193,11,,,0,100,,2194,21,,,0,100,,2195,14,,,0,100,,2196,21,,,0,100,,2197,21,,,0,100,,2198,21,,,0,100,,2199,21,,,0,100,,2200,21,,,0,100,,2201,21,,,0,100,,2202,21,,,0,100,,2203,21,,,0,100,,2204,21,,,0
301,'5325',835,,2207,14,,,0,100,,2205,21,,,0,100,,2208,21,,,0,100,,2206,21,,,0,100,,2209,21,,,0,100,,2210,21,,,0,100,,2211,21,,,0,100,,2212,21,,,0,100,,2213,21,,,0,100,,2215,21,,,0
301,'5326',635,,2216,11,,,0,100,,2217,21,,,0,100,,2218,14,,,0,100,,2219,21,,,0,100,,2220,21,,,0,100,,2221,21,,,0,100,,2222,21,,,0,100,,2223,21,,,0,100,,2224,21,,,0,100,,2225,21,,,0,100,,2226,21,,,0,100,,2227,21,,,0
301,'5328',835,,2230,14,,,0,100,,2228,21,,,0,100,,2231,21,,,0,100,,2229,21,,,0,100,,2232,21,,,0,100,,2233,21,,,0,100,,2234,21,,,0,100,,2235,21,,,0,100,,2236,21,,,0,100,,2238,21,,,0
3001,'5323',754,,2069,20,,,0,350,,2070,18,,,0,145,,2073,18,,,0,295,,2071,20,,,0,170,,2072,18,,,0
3001,'5325',854,,2074,20,,,0,250,,2075,18,,,0,145,,2076,18,,,0,295,,2077,20,,,0,170,,2078,18,,,0
3001,'5326',754,,2079,20,,,0,350,,2080,18,,,0,145,,2083,18,,,0,295,,2081,20,,,0,170,,2082,18,,,0
3001,'5328',854,,2084,20,,,0,250,,2085,18,,,0,145,,2086,18,,,0,295,,2087,20,,,0,170,,2088,18,,,0
4001,'5323',954,,2093,13,,,0,604,,2094,13,,,0
4001,'5326',954,,2095,13,,,0,604,,2096,13,,,0
