100,'4833',647,,1157,36,,,0,100,,1158,36,,,0,100,,1159,29,,,0,100,,1160,36,,,0,100,,1161,36,,,0,100,,1162,36,,,0,100,,1163,36,,,0,100,,1164,36,,,0,100,,1165,36,,,0,100,,1166,36,,,0,100,,1167,36,,,0,100,,1168,36,,,0
100,'5323',647,,1170,36,,,0,100,,1171,36,,,0,100,,1172,29,,,0,100,,1173,36,,,0,100,,1174,36,,,0,100,,1175,36,,,0,100,,1176,36,,,0,100,,1177,36,,,0,100,,1178,36,,,0,100,,1179,36,,,0,100,,1180,36,,,0,100,,1181,36,,,0
100,'5325',847,,1183,29,,,0,100,,1185,36,,,0,100,,1190,36,,,0,100,,1193,36,,,0,100,,1186,36,,,0,100,,1184,36,,,0,100,,1188,36,,,0,100,,1189,36,,,0,100,,1187,36,,,0,100,,1192,36,,,0
100,'5326',647,,1194,36,,,0,100,,1195,36,,,0,100,,1196,29,,,0,100,,1197,36,,,0,100,,1198,36,,,0,100,,1199,36,,,0,100,,1200,36,,,0,100,,1201,36,,,0,100,,1202,36,,,0,100,,1203,36,,,0,100,,1204,36,,,0,100,,1205,36,,,0
100,'5328',847,,1207,29,,,0,100,,1210,36,,,0,100,,1214,36,,,0,100,,1217,36,,,0,100,,1209,36,,,0,100,,1208,36,,,0,100,,1212,36,,,0,100,,1213,36,,,0,100,,1211,36,,,0,100,,1216,36,,,0
1600,'5322',915,,1998,27,,,0,100,,2001,33,,,0,100,,2000,33,,,0,100,,1999,33,,,0,100,,2002,33,,,0,100,,2003,33,,,0,100,,2004,33,,,0,100,,2005,33,,,0,100,,2006,33,,,0,100,,2008,33,,,0
3000,'5323',816,,2050,21,,,0,310,,2049,21,,,0,185,,2053,21,,,0,295,,2051,21,,,0,131,,2052,21,,,0
3000,'5325',916,,2054,21,,,0,210,,2055,21,,,0,185,,2057,21,,,0,295,,2056,21,,,0,131,,2058,21,,,0
3000,'5326',816,,2060,21,,,0,310,,2059,21,,,0,185,,2063,21,,,0,295,,2061,21,,,0,131,,2062,21,,,0
3000,'5328',916,,2064,21,,,0,210,,2065,21,,,0,185,,2067,21,,,0,295,,2066,21,,,0,131,,2068,21,,,0
7000,'5323',616,,2105,40,,,0,305,,2106,23,,,0,324,,2107,23,,,0,300,,2108,23,,,0
7000,'5326',616,,2109,40,,,0,305,,2110,23,,,0,324,,2111,23,,,0,300,,2112,23,,,0
