200,'4833',637,,1279,12,,,0,100,,1280,12,,,0,100,,1281,12,,,0,100,,1282,12,,,0,100,,1283,12,,,0,100,,1284,12,,,0,100,,1285,12,,,0,100,,1286,12,,,0,100,,1287,12,,,0,100,,1288,12,,,0,100,,1289,12,,,0,100,,1290,12,,,0
200,'5323',637,,1291,12,,,0,100,,1292,12,,,0,100,,1293,12,,,0,100,,1294,12,,,0,100,,1295,12,,,0,100,,1296,12,,,0,100,,1297,12,,,0,100,,1298,12,,,0,100,,1299,12,,,0,100,,1300,12,,,0,100,,1301,12,,,0,100,,1302,12,,,0
200,'5325',837,,1303,12,,,0,100,,1304,12,,,0,100,,1305,12,,,0,100,,1306,12,,,0,100,,1307,12,,,0,100,,1308,12,,,0,100,,1309,12,,,0,100,,1310,12,,,0,100,,1311,12,,,0,100,,1312,12,,,0
200,'5326',637,,1313,12,,,0,100,,1314,12,,,0,100,,1315,12,,,0,100,,1316,12,,,0,100,,1317,12,,,0,100,,1318,12,,,0,100,,1319,12,,,0,100,,1320,12,,,0,100,,1321,12,,,0,100,,1322,12,,,0,100,,1323,12,,,0,100,,1324,12,,,0
200,'5328',837,,1325,12,,,0,100,,1326,12,,,0,100,,1327,12,,,0,100,,1328,12,,,0,100,,1329,12,,,0,100,,1330,12,,,0,100,,1331,12,,,0,100,,1332,12,,,0,100,,1333,12,,,0,100,,1334,12,,,0
1500,'4833',2008,,1943,17,,,0,124,,1944,17,,,0,85,,1946,17,,,0
1500,'5323',2008,,1951,17,,,0,124,,1952,17,,,0,85,,1954,17,,,0
1500,'5325',2008,,1957,17,,,0,124,,1960,17,,,0,85,,1959,17,,,0
1500,'5326',2008,,1966,17,,,0,124,,1967,17,,,0,85,,1969,17,,,0
1500,'5328',2008,,1972,17,,,0,124,,1975,17,,,0,85,,1974,17,,,0
