501,'4833',657,,1768,11,,,0,70,,1778,11,,,0,30,,1769,13,,,0,70,,1790,13,,,0,30,,1771,13,,,0,70,,1779,13,,,0,30,,1772,13,,,0,70,,1780,13,,,0,30,,1773,13,,,0,70,,1781,13,,,0,30,,1770,13,,,0,70,,1782,13,,,0,30,,1775,13,,,0,70,,1783,13,,,0,30,,1774,13,,,0,70,,1784,13,,,0,30,,1776,13,,,0,70,,1791,13,,,0,30,,1777,13,,,0,70,,1789,13,,,0,30,,1785,13,,,0,70,,1786,13,,,0,30,,1787,13,,,0,70,,1788,13,,,0
501,'5322',1227,,1792,13,,,0,100,,1793,13,,,0,100,,1794,13,,,0,100,,1795,13,,,0
501,'5323',657,,1796,11,,,0,70,,1806,11,,,0,30,,1797,13,,,0,70,,1818,13,,,0,30,,1799,13,,,0,70,,1807,13,,,0,30,,1800,13,,,0,70,,1808,13,,,0,30,,1801,13,,,0,70,,1809,13,,,0,30,,1798,13,,,0,70,,1810,13,,,0,30,,1803,13,,,0,70,,1811,13,,,0,30,,1802,13,,,0,70,,1812,13,,,0,30,,1804,13,,,0,70,,1819,13,,,0,30,,1805,13,,,0,70,,1817,13,,,0,30,,1813,13,,,0,70,,1814,13,,,0,30,,1815,13,,,0,70,,1816,13,,,0
501,'5325',857,,1825,11,,,0,70,,1836,11,,,0,30,,1827,13,,,0,70,,1837,13,,,0,30,,1828,13,,,0,70,,1833,13,,,0,30,,1824,13,,,0,70,,1834,13,,,0,30,,1829,13,,,0,70,,1835,13,,,0,30,,1820,13,,,0,70,,1838,13,,,0,30,,1821,13,,,0,70,,1839,13,,,0,30,,1822,13,,,0,70,,1830,13,,,0,30,,1823,13,,,0,70,,1831,13,,,0,30,,1826,13,,,0,70,,1832,13,,,0
501,'5326',657,,1840,11,,,0,70,,1850,11,,,0,30,,1841,13,,,0,70,,1862,13,,,0,30,,1843,13,,,0,70,,1851,13,,,0,30,,1844,13,,,0,70,,1852,13,,,0,30,,1845,13,,,0,70,,1853,13,,,0,30,,1842,13,,,0,70,,1854,13,,,0,30,,1847,13,,,0,70,,1855,13,,,0,30,,1846,13,,,0,70,,1856,13,,,0,30,,1848,13,,,0,70,,1863,13,,,0,30,,1849,13,,,0,70,,1861,13,,,0,30,,1857,13,,,0,70,,1858,13,,,0,30,,1859,13,,,0,70,,1860,13,,,0,30,,1866,13,,,0,100,,1867,13,,,0,100,,1868,13,,,0,100,,1869,13,,,0,100,,1864,13,,,0,100,,1865,13,0,21,0
501,'5328',857,,1875,11,,,0,70,,1886,11,,,0,30,,1877,13,,,0,70,,1887,13,,,0,30,,1878,13,,,0,70,,1883,13,,,0,30,,1874,13,,,0,70,,1884,13,,,0,30,,1879,13,,,0,70,,1885,13,,,0,30,,1870,13,,,0,70,,1888,13,,,0,30,,1871,13,,,0,70,,1889,13,,,0,30,,1872,13,,,0,70,,1880,13,,,0,30,,1873,13,,,0,70,,1881,13,,,0,30,,1876,13,,,0,70,,1882,13,,,0,30,,1892,13,,,0,100,,1893,13,,,0,100,,1894,13,,,0,100,,1895,13,,,0,100,,1891,13,,,0,100,,1890,13,0,21,0
1500,'4833',1904,,1940,26,0,14 15,0,124,,1942,26,0,13,0,123,,1945,26,0,13,0,85,,1947,26,0,13,0
1500,'5323',1904,,1948,26,0,14 15,0,124,,1950,26,0,13,0,123,,1953,26,0,13,0,85,,1955,26,0,13,0
1500,'5325',1904,,1956,26,0,13,0,124,,1958,26,0,13,0,123,,1961,26,0,13,0,85,,1962,26,0,13,0
1500,'5326',1904,,1963,26,0,14 15,0,124,,1965,26,0,13,0,123,,1968,26,0,13,0,85,,1970,26,0,13,0
1500,'5328',1904,,1971,26,0,13,0,124,,1973,26,0,13,0,123,,1976,26,0,13,0,85,,1977,26,0,13,0
1601,'5322',935,,2009,21,,,0,100,,2011,21,,,0,100,,2010,21,,,0,100,,2012,21,,,0,100,,2014,21,,,0,100,,2013,21,,,0,100,,2016,21,,,0,100,,2015,21,,,0,100,,2018,21,,,0,100,,2017,21,,,0
