3000,'5323',840,,2050,26,,,0,314,,2049,28,,,0,181,,2053,26,,,0,295,,2051,26,,,0,174,,2052,28,,,0
3000,'5325',940,,2054,26,,,0,214,,2055,28,,,0,181,,2057,26,,,0,295,,2056,26,,,0,174,,2058,28,,,0
3000,'5326',840,,2060,26,,,0,314,,2059,28,,,0,181,,2063,26,,,0,295,,2061,26,,,0,174,,2062,28,,,0
3000,'5328',940,,2064,26,,,0,214,,2065,28,,,0,181,,2067,26,,,0,295,,2066,26,,,0,174,,2068,28,,,0
3001,'5323',718,,2069,3,,,0,315,,2070,3,,,0,185,,2073,3,,,0,290,,2071,3,,,0,135,,2072,3,,,0
3001,'5325',818,,2074,3,,,0,215,,2075,3,,,0,185,,2076,3,,,0,290,,2077,3,,,0,135,,2078,3,,,0
3001,'5326',718,,2079,3,,,0,315,,2080,3,,,0,185,,2083,3,,,0,290,,2081,3,,,0,135,,2082,3,,,0
3001,'5328',818,,2084,3,,,0,215,,2085,3,,,0,185,,2086,3,,,0,290,,2087,3,,,0,135,,2088,3,,,0
7001,'5323',827,,2113,6,0,14 15,0,296,,2114,4,0,14 15,0,325,,2115,6,0,14 15,0,305,,2116,4,,,0
7001,'5326',827,,2117,6,0,14 15,0,296,,2118,4,0,14 15,0,325,,2119,6,0,14 15,0,305,,2120,4,,,0
