200,'4833',643,,1279,16,,,0,100,,1280,16,,,0,100,,1281,16,,,0,100,,1282,16,,,0,100,,1283,16,,,0,100,,1284,16,,,0,100,,1285,16,,,0,100,,1286,16,,,0,100,,1287,16,,,0,100,,1288,16,,,0,100,,1289,16,,,0,100,,1290,16,,,0
200,'5323',643,,1291,16,,,0,100,,1292,16,,,0,100,,1293,16,,,0,100,,1294,16,,,0,100,,1295,16,,,0,100,,1296,16,,,0,100,,1297,16,,,0,100,,1298,16,,,0,100,,1299,16,,,0,100,,1300,16,,,0,100,,1301,16,,,0,100,,1302,16,,,0
200,'5325',843,,1303,16,,,0,100,,1304,16,,,0,100,,1305,16,,,0,100,,1306,16,,,0,100,,1307,16,,,0,100,,1308,16,,,0,100,,1309,16,,,0,100,,1310,16,,,0,100,,1311,16,,,0,100,,1312,16,,,0
200,'5326',643,,1313,16,,,0,100,,1314,16,,,0,100,,1315,16,,,0,100,,1316,16,,,0,100,,1317,16,,,0,100,,1318,16,,,0,100,,1319,16,,,0,100,,1320,16,,,0,100,,1321,16,,,0,100,,1322,16,,,0,100,,1323,16,,,0,100,,1324,16,,,0
200,'5328',843,,1325,16,,,0,100,,1326,16,,,0,100,,1327,16,,,0,100,,1328,16,,,0,100,,1329,16,,,0,100,,1330,16,,,0,100,,1331,16,,,0,100,,1332,16,,,0,100,,1333,16,,,0,100,,1334,16,,,0
1100,'5323',956,,1928,8,,,0,348,,1929,8,,,0
1100,'5326',956,,1931,8,,,0,348,,1932,8,,,0
1500,'4833',2013,,1943,21,,,0,124,,1944,21,,,0,85,,1946,21,,,0
1500,'5323',2013,,1951,21,,,0,124,,1952,21,,,0,85,,1954,21,,,0
1500,'5325',2013,,1957,21,,,0,124,,1960,21,,,0,85,,1959,21,,,0
1500,'5326',2013,,1966,21,,,0,124,,1967,21,,,0,85,,1969,21,,,0
1500,'5328',2013,,1972,21,,,0,124,,1975,21,,,0,85,,1974,21,,,0
4000,'5323',843,,2090,28,4,,0,516,,2089,28,4,,0
4000,'5326',843,,2092,28,4,,0,516,,2091,28,4,,0
7001,'5323',844,,2113,12,0,14 15,0,296,,2114,10,0,14 15,0,365,,2115,12,0,14 15,0,305,,2116,10,,,0
7001,'5326',844,,2117,12,0,14 15,0,296,,2118,10,0,14 15,0,365,,2119,12,0,14 15,0,305,,2120,10,,,0
