200,'4833',636,,1279,10,,,0,100,,1280,10,,,0,100,,1281,10,,,0,100,,1282,10,,,0,100,,1283,10,,,0,100,,1284,10,,,0,100,,1285,10,,,0,100,,1286,10,,,0,100,,1287,10,,,0,100,,1288,10,,,0,100,,1289,10,,,0,100,,1290,10,,,0
200,'5323',636,,1291,10,,,0,100,,1292,10,,,0,100,,1293,10,,,0,100,,1294,10,,,0,100,,1295,10,,,0,100,,1296,10,,,0,100,,1297,10,,,0,100,,1298,10,,,0,100,,1299,10,,,0,100,,1300,10,,,0,100,,1301,10,,,0,100,,1302,10,,,0
200,'5325',836,,1303,10,,,0,100,,1304,10,,,0,100,,1305,10,,,0,100,,1306,10,,,0,100,,1307,10,,,0,100,,1308,10,,,0,100,,1309,10,,,0,100,,1310,10,,,0,100,,1311,10,,,0,100,,1312,10,,,0
200,'5326',636,,1313,10,,,0,100,,1314,10,,,0,100,,1315,10,,,0,100,,1316,10,,,0,100,,1317,10,,,0,100,,1318,10,,,0,100,,1319,10,,,0,100,,1320,10,,,0,100,,1321,10,,,0,100,,1322,10,,,0,100,,1323,10,,,0,100,,1324,10,,,0
200,'5328',836,,1325,10,,,0,100,,1326,10,,,0,100,,1327,10,,,0,100,,1328,10,,,0,100,,1329,10,,,0,100,,1330,10,,,0,100,,1331,10,,,0,100,,1332,10,,,0,100,,1333,10,,,0,100,,1334,10,,,0
1500,'4833',2007,,1943,15,,,0,124,,1944,15,,,0,85,,1946,15,,,0
1500,'5323',2007,,1951,15,,,0,124,,1952,15,,,0,85,,1954,15,,,0
1500,'5325',2007,,1957,15,,,0,124,,1960,15,,,0,85,,1959,15,,,0
1500,'5326',2007,,1966,15,,,0,124,,1967,15,,,0,85,,1969,15,,,0
1500,'5328',2007,,1972,15,,,0,124,,1975,15,,,0,85,,1974,15,,,0
