500,'4833',710,,1642,2,,,0,30,,1664,2,,,0,70,,1644,2,,,0,30,,1662,2,,,0,70,,1645,2,,,0,30,,1652,2,,,0,70,,1646,2,,,0,30,,1653,2,,,0,70,,1643,2,,,0,30,,1654,2,,,0,70,,1648,2,,,0,30,,1655,2,,,0,70,,1647,2,,,0,30,,1656,2,,,0,70,,1649,2,,,0,30,,1659,2,,,0,70,,1650,2,,,0,30,,1665,2,,,0,70,,1651,2,,,0,30,,1663,2,,,0,70,,1657,2,,,0,30,,1658,2,,,0,70,,1660,2,,,0,30,,1661,2,0,13,0
500,'5322',1240,,1666,2,,,0,100,,1667,2,,,0,100,,1668,2,,,0,100,,1669,2,,,0
500,'5323',710,,1670,2,,,0,30,,1692,2,,,0,70,,1672,2,,,0,30,,1690,2,,,0,70,,1673,2,,,0,30,,1680,2,,,0,70,,1674,2,,,0,30,,1681,2,,,0,70,,1671,2,,,0,30,,1682,2,,,0,70,,1676,2,,,0,30,,1683,2,,,0,70,,1675,2,,,0,30,,1684,2,,,0,70,,1677,2,,,0,30,,1687,2,,,0,70,,1678,2,,,0,30,,1693,2,,,0,70,,1679,2,,,0,30,,1691,2,,,0,70,,1685,2,,,0,30,,1686,2,,,0,70,,1688,2,,,0,30,,1689,2,0,13,0
500,'5325',910,,1694,2,,,0,30,,1710,2,,,0,70,,1699,2,,,0,30,,1707,2,,,0,70,,1700,2,,,0,30,,1708,2,,,0,70,,1702,2,,,0,30,,1706,2,,,0,70,,1703,2,,,0,30,,1709,2,,,0,70,,1701,2,,,0,30,,1711,2,,,0,70,,1698,2,,,0,30,,1705,2,,,0,70,,1697,2,,,0,30,,1704,2,,,0,70,,1695,2,,,0,30,,1712,2,,,0,70,,1696,2,,,0,30,,1713,2,0,13,0
500,'5326',710,,1714,2,,,0,30,,1736,2,,,0,70,,1716,2,,,0,30,,1734,2,,,0,70,,1717,2,,,0,30,,1724,2,,,0,70,,1718,2,,,0,30,,1725,2,,,0,70,,1715,2,,,0,30,,1726,2,,,0,70,,1720,2,,,0,30,,1727,2,,,0,70,,1719,2,,,0,30,,1728,2,,,0,70,,1721,2,,,0,30,,1731,2,,,0,70,,1722,2,,,0,30,,1737,2,,,0,70,,1723,2,,,0,30,,1735,2,,,0,70,,1729,2,,,0,30,,1730,2,,,0,70,,1732,2,,,0,30,,1733,2,0,13,0,70,,1738,2,,,0,100,,1739,2,,,0,100,,1740,2,,,0,100,,1741,2,,,0,100,,1742,2,,,0
500,'5328',910,,1743,2,,,0,30,,1759,2,,,0,70,,1748,2,,,0,30,,1756,2,,,0,70,,1749,2,,,0,30,,1757,2,,,0,70,,1751,2,,,0,30,,1755,2,,,0,70,,1752,2,,,0,30,,1758,2,,,0,70,,1750,2,,,0,30,,1760,2,,,0,70,,1747,2,,,0,30,,1754,2,,,0,70,,1746,2,,,0,30,,1753,2,,,0,70,,1744,2,,,0,30,,1761,2,,,0,70,,1745,2,,,0,30,,1762,2,0,13,0,70,,1763,2,,,0,100,,1764,2,,,0,100,,1765,2,,,0,100,,1766,2,,,0,100,,1767,2,,,0
1500,'4833',1910,,1941,9,0,13,0,124,,1942,35,0,13,0,123,,1945,35,0,13,0,85,,1947,35,0,13,0
1500,'5323',1910,,1949,9,0,13,0,124,,1950,35,0,13,0,123,,1953,35,0,13,0,85,,1955,35,0,13,0
1500,'5325',1910,,1956,35,0,13,0,124,,1958,35,0,13,0,123,,1961,35,0,13,0,85,,1962,35,0,13,0
1500,'5326',1910,,1964,9,0,13,0,124,,1965,35,0,13,0,123,,1968,35,0,13,0,85,,1970,35,0,13,0
1500,'5328',1910,,1971,35,0,13,0,124,,1973,35,0,13,0,123,,1976,35,0,13,0,85,,1977,35,0,13,0
1601,'5322',947,,2009,30,,,0,100,,2011,30,,,0,100,,2010,30,,,0,100,,2012,30,,,0,100,,2014,30,,,0,100,,2013,30,,,0,100,,2016,30,,,0,100,,2015,30,,,0,100,,2018,30,,,0,100,,2017,30,,,0
7000,'5323',556,,2105,8,,,0
7000,'5326',556,,2109,8,,,0
