200,'4833',648,,1279,25,,,0,100,,1280,25,,,0,100,,1281,25,,,0,100,,1282,25,,,0,100,,1283,25,,,0,100,,1284,25,,,0,100,,1285,25,,,0,100,,1286,25,,,0,100,,1287,25,,,0,100,,1288,25,,,0,100,,1289,25,,,0,100,,1290,25,,,0
200,'5323',648,,1291,25,,,0,100,,1292,25,,,0,100,,1293,25,,,0,100,,1294,25,,,0,100,,1295,25,,,0,100,,1296,25,,,0,100,,1297,25,,,0,100,,1298,25,,,0,100,,1299,25,,,0,100,,1300,25,,,0,100,,1301,25,,,0,100,,1302,25,,,0
200,'5325',848,,1303,25,,,0,100,,1304,25,,,0,100,,1305,25,,,0,100,,1306,25,,,0,100,,1307,25,,,0,100,,1308,25,,,0,100,,1309,25,,,0,100,,1310,25,,,0,100,,1311,25,,,0,100,,1312,25,,,0
200,'5326',648,,1313,25,,,0,100,,1314,25,,,0,100,,1315,25,,,0,100,,1316,25,,,0,100,,1317,25,,,0,100,,1318,25,,,0,100,,1319,25,,,0,100,,1320,25,,,0,100,,1321,25,,,0,100,,1322,25,,,0,100,,1323,25,,,0,100,,1324,25,,,0
200,'5328',848,,1325,25,,,0,100,,1326,25,,,0,100,,1327,25,,,0,100,,1328,25,,,0,100,,1329,25,,,0,100,,1330,25,,,0,100,,1331,25,,,0,100,,1332,25,,,0,100,,1333,25,,,0,100,,1334,25,,,0
3001,'5323',753,,2069,18,,,0,350,,2070,16,,,0,145,,2073,16,,,0,295,,2071,18,,,0,170,,2072,16,,,0
3001,'5325',853,,2074,18,,,0,250,,2075,16,,,0,145,,2076,16,,,0,295,,2077,18,,,0,170,,2078,16,,,0
3001,'5326',753,,2079,18,,,0,350,,2080,16,,,0,145,,2083,16,,,0,295,,2081,18,,,0,170,,2082,16,,,0
3001,'5328',853,,2084,18,,,0,250,,2085,16,,,0,145,,2086,16,,,0,295,,2087,18,,,0,170,,2088,16,,,0
4001,'5323',953,,2093,11,,,0,604,,2094,11,,,0
4001,'5326',953,,2095,11,,,0,604,,2096,11,,,0
7000,'5323',606,,2105,23,,,0,305,,2106,6,,,0,324,,2107,6,,,0,300,,2108,6,,,0
7000,'5326',606,,2109,23,,,0,305,,2110,6,,,0,324,,2111,6,,,0,300,,2112,6,,,0
