100,'4833',635,,1157,21,,,0,100,,1158,21,,,0,100,,1159,14,,,0,100,,1160,21,,,0,100,,1161,21,,,0,100,,1162,21,,,0,100,,1163,21,,,0,100,,1164,21,,,0,100,,1165,21,,,0,100,,1166,21,,,0,100,,1167,21,,,0,100,,1168,21,,,0
100,'5323',635,,1170,21,,,0,100,,1171,21,,,0,100,,1172,14,,,0,100,,1173,21,,,0,100,,1174,21,,,0,100,,1175,21,,,0,100,,1176,21,,,0,100,,1177,21,,,0,100,,1178,21,,,0,100,,1179,21,,,0,100,,1180,21,,,0,100,,1181,21,,,0
100,'5325',835,,1183,14,,,0,100,,1185,21,,,0,100,,1190,21,,,0,100,,1193,21,,,0,100,,1186,21,,,0,100,,1184,21,,,0,100,,1188,21,,,0,100,,1189,21,,,0,100,,1187,21,,,0,100,,1192,21,,,0
100,'5326',635,,1194,21,,,0,100,,1195,21,,,0,100,,1196,14,,,0,100,,1197,21,,,0,100,,1198,21,,,0,100,,1199,21,,,0,100,,1200,21,,,0,100,,1201,21,,,0,100,,1202,21,,,0,100,,1203,21,,,0,100,,1204,21,,,0,100,,1205,21,,,0
100,'5328',835,,1207,14,,,0,100,,1210,21,,,0,100,,1214,21,,,0,100,,1217,21,,,0,100,,1209,21,,,0,100,,1208,21,,,0,100,,1212,21,,,0,100,,1213,21,,,0,100,,1211,21,,,0,100,,1216,21,,,0
300,'4833',705,,2124,16,,,0,109,,2125,30,0,11 12,0,91,,2126,16,,,0,100,,2127,16,,,0,100,,2129,16,,,0,100,,2128,16,,,0,100,,2130,16,,,0,100,,2131,16,,,0,100,,2132,16,,,0,100,,2133,16,,,0,100,,2134,16,,,0,100,,2135,16,,,0
300,'5323',705,,2136,16,,,0,109,,2137,30,0,11 12,0,91,,2138,16,,,0,100,,2139,16,,,0,100,,2141,16,,,0,100,,2140,16,,,0,100,,2142,16,,,0,100,,2143,16,,,0,100,,2144,16,,,0,100,,2145,16,,,0,100,,2146,16,,,0,100,,2147,16,,,0
300,'5325',814,,2149,24,0,11 12,0,91,,2150,16,,,0,100,,2151,16,,,0,100,,2148,16,,,0,100,,2152,16,,,0,100,,2153,16,,,0,100,,2154,16,,,0,100,,2155,16,,,0,100,,2156,16,,,0,100,,2157,16,,,0,100,,2158,16,,,0
300,'5326',705,,2159,16,,,0,109,,2160,30,0,11 12,0,91,,2161,16,,,0,100,,2162,16,,,0,100,,2164,16,,,0,100,,2163,16,,,0,100,,2165,16,,,0,100,,2166,16,,,0,100,,2167,16,,,0,100,,2168,16,,,0,100,,2169,16,,,0,100,,2170,16,,,0
300,'5328',905,,2172,16,,,0,100,,2173,16,,,0,100,,2171,16,,,0,100,,2174,16,,,0,100,,2175,16,,,0,100,,2176,16,,,0,100,,2177,16,,,0,100,,2178,16,,,0,100,,2179,16,,,0,100,,2180,16,,,0
1501,'4833',1935,,1978,32,0,7,0,124,,1980,32,0,7,0
1501,'5323',1935,,1982,32,0,7,0,124,,1984,32,0,7,0
1501,'5325',1935,,1987,32,0,7,0,124,,1988,32,0,7,0
1501,'5326',1935,,1990,32,0,7,0,124,,1992,32,0,7,0
1501,'5328',1935,,1995,32,0,7,0,124,,1996,32,0,7,0
1600,'5322',906,,1998,12,,,0,100,,2001,18,,,0,100,,2000,18,,,0,100,,1999,18,,,0,100,,2002,18,,,0,100,,2003,18,,,0,100,,2004,18,,,0,100,,2005,18,,,0,100,,2006,18,,,0,100,,2008,18,,,0
7000,'5323',607,,2105,25,,,0,305,,2106,8,,,0,324,,2107,8,,,0,300,,2108,8,,,0
7000,'5326',607,,2109,25,,,0,305,,2110,8,,,0,324,,2111,8,,,0,300,,2112,8,,,0
