200,'4833',647,,1279,23,,,0,100,,1280,23,,,0,100,,1281,23,,,0,100,,1282,23,,,0,100,,1283,23,,,0,100,,1284,23,,,0,100,,1285,23,,,0,100,,1286,23,,,0,100,,1287,23,,,0,100,,1288,23,,,0,100,,1289,23,,,0,100,,1290,23,,,0
200,'5323',647,,1291,23,,,0,100,,1292,23,,,0,100,,1293,23,,,0,100,,1294,23,,,0,100,,1295,23,,,0,100,,1296,23,,,0,100,,1297,23,,,0,100,,1298,23,,,0,100,,1299,23,,,0,100,,1300,23,,,0,100,,1301,23,,,0,100,,1302,23,,,0
200,'5325',847,,1303,23,,,0,100,,1304,23,,,0,100,,1305,23,,,0,100,,1306,23,,,0,100,,1307,23,,,0,100,,1308,23,,,0,100,,1309,23,,,0,100,,1310,23,,,0,100,,1311,23,,,0,100,,1312,23,,,0
200,'5326',647,,1313,23,,,0,100,,1314,23,,,0,100,,1315,23,,,0,100,,1316,23,,,0,100,,1317,23,,,0,100,,1318,23,,,0,100,,1319,23,,,0,100,,1320,23,,,0,100,,1321,23,,,0,100,,1322,23,,,0,100,,1323,23,,,0,100,,1324,23,,,0
200,'5328',847,,1325,23,,,0,100,,1326,23,,,0,100,,1327,23,,,0,100,,1328,23,,,0,100,,1329,23,,,0,100,,1330,23,,,0,100,,1331,23,,,0,100,,1332,23,,,0,100,,1333,23,,,0,100,,1334,23,,,0
400,'4833',718,,1518,23,,,0,100,,1523,23,,,0,100,,1525,23,,,0,100,,1526,23,,,0,100,,1527,23,,,0,100,,1528,23,,,0,100,,1529,23,,,0,100,,1530,23,,,0,100,,1524,23,,,0,100,,1521,23,,,0,100,,1522,23,,,0,110,,1519,8,,,0
400,'5323',718,,1531,23,,,0,100,,1536,23,,,0,100,,1538,23,,,0,100,,1539,23,,,0,100,,1540,23,,,0,100,,1541,23,,,0,100,,1542,23,,,0,100,,1543,23,,,0,100,,1537,23,,,0,100,,1534,23,,,0,100,,1535,23,,,0,110,,1532,8,,,0
400,'5325',818,,1547,23,,,0,100,,1550,23,,,0,100,,1544,23,,,0,100,,1545,23,,,0,100,,1548,23,,,0,100,,1549,23,,,0,100,,1546,23,,,0,100,,1551,23,,,0,100,,1552,23,,,0,100,,1553,23,,,0,110,,1555,8,,,0
400,'5326',718,,1556,23,,,0,100,,1561,23,,,0,100,,1563,23,,,0,100,,1564,23,,,0,100,,1565,23,,,0,100,,1566,23,,,0,100,,1567,23,,,0,100,,1568,23,,,0,100,,1562,23,,,0,100,,1559,23,,,0,100,,1560,23,,,0,110,,1557,8,,,0
400,'5328',818,,1572,23,,,0,100,,1575,23,,,0,100,,1569,23,,,0,100,,1570,23,,,0,100,,1573,23,,,0,100,,1574,23,,,0,100,,1571,23,,,0,100,,1576,23,,,0,100,,1577,23,,,0,100,,1578,23,,,0,110,,1580,8,,,0
501,'4833',651,,1768,6,,,0,70,,1778,6,,,0,30,,1769,8,,,0,70,,1790,8,,,0,30,,1771,8,,,0,70,,1779,8,,,0,30,,1772,8,,,0,70,,1780,8,,,0,30,,1773,8,,,0,70,,1781,8,,,0,30,,1770,8,,,0,70,,1782,8,,,0,30,,1775,8,,,0,70,,1783,8,,,0,30,,1774,8,,,0,70,,1784,8,,,0,30,,1776,8,,,0,70,,1791,8,,,0,30,,1777,8,,,0,70,,1789,8,,,0,30,,1785,8,,,0,70,,1786,8,,,0,30,,1787,8,,,0,70,,1788,8,,,0
501,'5322',1221,,1792,8,,,0,100,,1793,8,,,0,100,,1794,8,,,0,100,,1795,8,,,0
501,'5323',651,,1796,6,,,0,70,,1806,6,,,0,30,,1797,8,,,0,70,,1818,8,,,0,30,,1799,8,,,0,70,,1807,8,,,0,30,,1800,8,,,0,70,,1808,8,,,0,30,,1801,8,,,0,70,,1809,8,,,0,30,,1798,8,,,0,70,,1810,8,,,0,30,,1803,8,,,0,70,,1811,8,,,0,30,,1802,8,,,0,70,,1812,8,,,0,30,,1804,8,,,0,70,,1819,8,,,0,30,,1805,8,,,0,70,,1817,8,,,0,30,,1813,8,,,0,70,,1814,8,,,0,30,,1815,8,,,0,70,,1816,8,,,0
501,'5325',851,,1825,6,,,0,70,,1836,6,,,0,30,,1827,8,,,0,70,,1837,8,,,0,30,,1828,8,,,0,70,,1833,8,,,0,30,,1824,8,,,0,70,,1834,8,,,0,30,,1829,8,,,0,70,,1835,8,,,0,30,,1820,8,,,0,70,,1838,8,,,0,30,,1821,8,,,0,70,,1839,8,,,0,30,,1822,8,,,0,70,,1830,8,,,0,30,,1823,8,,,0,70,,1831,8,,,0,30,,1826,8,,,0,70,,1832,8,,,0
501,'5326',651,,1840,6,,,0,70,,1850,6,,,0,30,,1841,8,,,0,70,,1862,8,,,0,30,,1843,8,,,0,70,,1851,8,,,0,30,,1844,8,,,0,70,,1852,8,,,0,30,,1845,8,,,0,70,,1853,8,,,0,30,,1842,8,,,0,70,,1854,8,,,0,30,,1847,8,,,0,70,,1855,8,,,0,30,,1846,8,,,0,70,,1856,8,,,0,30,,1848,8,,,0,70,,1863,8,,,0,30,,1849,8,,,0,70,,1861,8,,,0,30,,1857,8,,,0,70,,1858,8,,,0,30,,1859,8,,,0,70,,1860,8,,,0,30,,1866,8,,,0,100,,1867,8,,,0,100,,1868,8,,,0,100,,1869,8,,,0,100,,1864,8,,,0,100,,1865,8,0,21,0
501,'5328',851,,1875,6,,,0,70,,1886,6,,,0,30,,1877,8,,,0,70,,1887,8,,,0,30,,1878,8,,,0,70,,1883,8,,,0,30,,1874,8,,,0,70,,1884,8,,,0,30,,1879,8,,,0,70,,1885,8,,,0,30,,1870,8,,,0,70,,1888,8,,,0,30,,1871,8,,,0,70,,1889,8,,,0,30,,1872,8,,,0,70,,1880,8,,,0,30,,1873,8,,,0,70,,1881,8,,,0,30,,1876,8,,,0,70,,1882,8,,,0,30,,1892,8,,,0,100,,1893,8,,,0,100,,1894,8,,,0,100,,1895,8,,,0,100,,1891,8,,,0,100,,1890,8,0,21,0
1001,'5323',750,,1912,22,,,0,165,,1913,22,,,0,123,,1916,22,,,0,311,,1914,22,,,0,402,,1915,22,,,0
1001,'5325',915,,1917,22,,,0,434,,1919,22,,,0,402,,1918,22,,,0
1001,'5326',750,,1920,22,,,0,165,,1921,22,,,0,123,,1924,22,,,0,311,,1922,22,,,0,402,,1923,22,,,0
1001,'5328',915,,1925,22,,,0,434,,1927,22,,,0,402,,1926,22,,,0
1601,'5322',932,,2009,16,,,0,100,,2011,16,,,0,100,,2010,16,,,0,100,,2012,16,,,0,100,,2014,16,,,0,100,,2013,16,,,0,100,,2016,16,,,0,100,,2015,16,,,0,100,,2018,16,,,0,100,,2017,16,,,0
