201,'4833',722,,1335,31,,,0,100,,1336,31,,,0,100,,1337,31,,,0,100,,1338,31,,,0,100,,1339,31,,,0,100,,1340,31,,,0,100,,1341,31,,,0,100,,1342,31,,,0,100,,1343,31,,,0,100,,1344,31,,,0,100,,1345,31,,,0,100,,1347,13,,,0
201,'5323',722,,1348,31,,,0,100,,1349,31,,,0,100,,1350,31,,,0,100,,1351,31,,,0,100,,1352,31,,,0,100,,1353,31,,,0,100,,1354,31,,,0,100,,1355,31,,,0,100,,1356,31,,,0,100,,1357,31,,,0,100,,1358,31,,,0,100,,1360,13,,,0
201,'5325',822,,1361,31,,,0,100,,1362,31,,,0,100,,1363,31,,,0,100,,1364,31,,,0,100,,1365,31,,,0,100,,1366,31,,,0,100,,1367,31,,,0,100,,1368,31,,,0,100,,1369,31,,,0,100,,1370,31,,,0,100,,1371,31,,,0
201,'5326',722,,1372,31,,,0,100,,1373,31,,,0,100,,1374,31,,,0,100,,1375,31,,,0,100,,1376,31,,,0,100,,1377,31,,,0,100,,1378,31,,,0,100,,1379,31,,,0,100,,1380,31,,,0,100,,1381,31,,,0,100,,1382,31,,,0,100,,1384,13,,,0
201,'5328',822,,1385,31,,,0,100,,1386,31,,,0,100,,1388,31,,,0,100,,1387,31,,,0,100,,1389,31,,,0,100,,1390,31,,,0,100,,1391,31,,,0,100,,1392,31,,,0,100,,1393,31,,,0,100,,1394,31,,,0,100,,1395,31,,,0
1501,'4833',1948,,1979,13,,,0,164,,1981,13,,,0
1501,'5323',1948,,1983,13,,,0,164,,1985,13,,,0
1501,'5325',1948,,1986,13,,,0,164,,1989,13,,,0
1501,'5326',1948,,1991,13,,,0,164,,1993,13,,,0
1501,'5328',1948,,1994,13,,,0,164,,1997,13,,,0
