400,'4833',703,,1518,6,,,0,100,,1523,6,,,0,100,,1525,6,,,0,100,,1526,6,,,0,100,,1527,6,,,0,100,,1528,6,,,0,100,,1529,6,,,0,100,,1530,6,,,0,100,,1524,6,,,0,100,,1521,6,,,0,100,,1522,6,,,0,100,,1520,6,0,7 6,0
400,'5323',703,,1531,6,,,0,100,,1536,6,,,0,100,,1538,6,,,0,100,,1539,6,,,0,100,,1540,6,,,0,100,,1541,6,,,0,100,,1542,6,,,0,100,,1543,6,,,0,100,,1537,6,,,0,100,,1534,6,,,0,100,,1535,6,,,0,100,,1533,6,0,7 6,0
400,'5325',803,,1547,6,,,0,100,,1550,6,,,0,100,,1544,6,,,0,100,,1545,6,,,0,100,,1548,6,,,0,100,,1549,6,,,0,100,,1546,6,,,0,100,,1551,6,,,0,100,,1552,6,,,0,100,,1553,6,,,0,100,,1554,6,0,7 6,0
400,'5326',703,,1556,6,,,0,100,,1561,6,,,0,100,,1563,6,,,0,100,,1564,6,,,0,100,,1565,6,,,0,100,,1566,6,,,0,100,,1567,6,,,0,100,,1568,6,,,0,100,,1562,6,,,0,100,,1559,6,,,0,100,,1560,6,,,0,100,,1558,6,0,7 6,0
400,'5328',803,,1572,6,,,0,100,,1575,6,,,0,100,,1569,6,,,0,100,,1570,6,,,0,100,,1573,6,,,0,100,,1574,6,,,0,100,,1571,6,,,0,100,,1576,6,,,0,100,,1577,6,,,0,100,,1578,6,,,0,100,,1579,6,0,7 6,0
3000,'5323',812,,2050,12,,,0,310,,2049,12,,,0,185,,2053,12,,,0,295,,2051,12,,,0,131,,2052,12,,,0
3000,'5325',912,,2054,12,,,0,210,,2055,12,,,0,185,,2057,12,,,0,295,,2056,12,,,0,131,,2058,12,,,0
3000,'5326',812,,2060,12,,,0,310,,2059,12,,,0,185,,2063,12,,,0,295,,2061,12,,,0,131,,2062,12,,,0
3000,'5328',912,,2064,12,,,0,210,,2065,12,,,0,185,,2067,12,,,0,295,,2066,12,,,0,131,,2068,12,,,0
4000,'5323',832,,2090,22,4,,0,516,,2089,22,4,,0
4000,'5326',832,,2092,22,4,,0,516,,2091,22,4,,0
