300,'4833',818,,1397,36,0,11 12,0
300,'5323',818,,1410,36,0,11 12,0
300,'5325',818,,1423,30,0,11 12,0
300,'5326',818,,1434,36,0,11 12,0
300,'5328',818,,1447,30,0,11 12,0
500,'4833',739,,1642,22,,,0,70,,1664,22,,,0,30,,1644,22,,,0,70,,1662,22,,,0,30,,1645,22,,,0,70,,1652,22,,,0,30,,1646,22,,,0,70,,1653,22,,,0,30,,1643,22,,,0,70,,1654,22,,,0,30,,1648,22,,,0,70,,1655,22,,,0,30,,1647,22,,,0,70,,1656,22,,,0,30,,1649,22,,,0,70,,1659,22,,,0,30,,1650,22,,,0,70,,1665,22,,,0,30,,1651,22,,,0,70,,1663,22,,,0,30,,1657,22,,,0,70,,1658,22,,,0,30,,1660,22,,,0
500,'5322',1309,,1666,22,,,0,100,,1667,22,,,0,100,,1668,22,,,0,100,,1669,22,,,0
500,'5323',739,,1670,22,,,0,70,,1692,22,,,0,30,,1672,22,,,0,70,,1690,22,,,0,30,,1673,22,,,0,70,,1680,22,,,0,30,,1674,22,,,0,70,,1681,22,,,0,30,,1671,22,,,0,70,,1682,22,,,0,30,,1676,22,,,0,70,,1683,22,,,0,30,,1675,22,,,0,70,,1684,22,,,0,30,,1677,22,,,0,70,,1687,22,,,0,30,,1678,22,,,0,70,,1693,22,,,0,30,,1679,22,,,0,70,,1691,22,,,0,30,,1685,22,,,0,70,,1686,22,,,0,30,,1688,22,,,0
500,'5325',939,,1694,22,,,0,70,,1710,22,,,0,30,,1699,22,,,0,70,,1707,22,,,0,30,,1700,22,,,0,70,,1708,22,,,0,30,,1702,22,,,0,70,,1706,22,,,0,30,,1703,22,,,0,70,,1709,22,,,0,30,,1701,22,,,0,70,,1711,22,,,0,30,,1698,22,,,0,70,,1705,22,,,0,30,,1697,22,,,0,70,,1704,22,,,0,30,,1695,22,,,0,70,,1712,22,,,0,30,,1696,22,,,0
500,'5326',739,,1714,22,,,0,70,,1736,22,,,0,30,,1716,22,,,0,70,,1734,22,,,0,30,,1717,22,,,0,70,,1724,22,,,0,30,,1718,22,,,0,70,,1725,22,,,0,30,,1715,22,,,0,70,,1726,22,,,0,30,,1720,22,,,0,70,,1727,22,,,0,30,,1719,22,,,0,70,,1728,22,,,0,30,,1721,22,,,0,70,,1731,22,,,0,30,,1722,22,,,0,70,,1737,22,,,0,30,,1723,22,,,0,70,,1735,22,,,0,30,,1729,22,,,0,70,,1730,22,,,0,30,,1732,22,,,0,99,,1738,22,,,0,100,,1739,22,,,0,100,,1740,22,,,0,100,,1741,22,,,0,100,,1742,22,,,0
500,'5328',939,,1743,22,,,0,70,,1759,22,,,0,30,,1748,22,,,0,70,,1756,22,,,0,30,,1749,22,,,0,70,,1757,22,,,0,30,,1751,22,,,0,70,,1755,22,,,0,30,,1752,22,,,0,70,,1758,22,,,0,30,,1750,22,,,0,70,,1760,22,,,0,30,,1747,22,,,0,70,,1754,22,,,0,30,,1746,22,,,0,70,,1753,22,,,0,30,,1744,22,,,0,70,,1761,22,,,0,30,,1745,22,,,0,99,,1763,22,,,0,100,,1764,22,,,0,100,,1765,22,,,0,100,,1766,22,,,0,100,,1767,22,,,0
