400,'4833',704,,1518,8,,,0,100,,1523,8,,,0,100,,1525,8,,,0,100,,1526,8,,,0,100,,1527,8,,,0,100,,1528,8,,,0,100,,1529,8,,,0,100,,1530,8,,,0,100,,1524,8,,,0,100,,1521,8,,,0,100,,1522,8,,,0,100,,1520,8,0,7 6,0
400,'5323',704,,1531,8,,,0,100,,1536,8,,,0,100,,1538,8,,,0,100,,1539,8,,,0,100,,1540,8,,,0,100,,1541,8,,,0,100,,1542,8,,,0,100,,1543,8,,,0,100,,1537,8,,,0,100,,1534,8,,,0,100,,1535,8,,,0,100,,1533,8,0,7 6,0
400,'5325',804,,1547,8,,,0,100,,1550,8,,,0,100,,1544,8,,,0,100,,1545,8,,,0,100,,1548,8,,,0,100,,1549,8,,,0,100,,1546,8,,,0,100,,1551,8,,,0,100,,1552,8,,,0,100,,1553,8,,,0,100,,1554,8,0,7 6,0
400,'5326',704,,1556,8,,,0,100,,1561,8,,,0,100,,1563,8,,,0,100,,1564,8,,,0,100,,1565,8,,,0,100,,1566,8,,,0,100,,1567,8,,,0,100,,1568,8,,,0,100,,1562,8,,,0,100,,1559,8,,,0,100,,1560,8,,,0,100,,1558,8,0,7 6,0
400,'5328',804,,1572,8,,,0,100,,1575,8,,,0,100,,1569,8,,,0,100,,1570,8,,,0,100,,1573,8,,,0,100,,1574,8,,,0,100,,1571,8,,,0,100,,1576,8,,,0,100,,1577,8,,,0,100,,1578,8,,,0,100,,1579,8,0,7 6,0
3000,'5323',813,,2050,14,,,0,310,,2049,14,,,0,185,,2053,14,,,0,295,,2051,14,,,0,131,,2052,14,,,0
3000,'5325',913,,2054,14,,,0,210,,2055,14,,,0,185,,2057,14,,,0,295,,2056,14,,,0,131,,2058,14,,,0
3000,'5326',813,,2060,14,,,0,310,,2059,14,,,0,185,,2063,14,,,0,295,,2061,14,,,0,131,,2062,14,,,0
3000,'5328',913,,2064,14,,,0,210,,2065,14,,,0,185,,2067,14,,,0,295,,2066,14,,,0,131,,2068,14,,,0
4000,'5323',833,,2090,24,4,,0,516,,2089,24,4,,0
4000,'5326',833,,2092,24,4,,0,516,,2091,24,4,,0
