100,'4833',632,,1157,16,,,0,100,,1158,16,,,0,100,,1159,9,,,0,100,,1160,16,,,0,100,,1161,16,,,0,100,,1162,16,,,0,100,,1163,16,,,0,100,,1164,16,,,0,100,,1165,16,,,0,100,,1166,16,,,0,100,,1167,16,,,0,100,,1168,16,,,0,97,,1169,16,0,5 6,0
100,'5323',632,,1170,16,,,0,100,,1171,16,,,0,100,,1172,9,,,0,100,,1173,16,,,0,100,,1174,16,,,0,100,,1175,16,,,0,100,,1176,16,,,0,100,,1177,16,,,0,100,,1178,16,,,0,100,,1179,16,,,0,100,,1180,16,,,0,100,,1181,16,,,0,97,,1182,16,0,5 6,0
100,'5325',832,,1183,9,,,0,100,,1185,16,,,0,100,,1190,16,,,0,100,,1193,16,,,0,100,,1186,16,,,0,100,,1184,16,,,0,100,,1188,16,,,0,100,,1189,16,,,0,100,,1187,16,,,0,100,,1192,16,,,0,97,,1191,16,0,5 6,0
100,'5326',632,,1194,16,,,0,100,,1195,16,,,0,100,,1196,9,,,0,100,,1197,16,,,0,100,,1198,16,,,0,100,,1199,16,,,0,100,,1200,16,,,0,100,,1201,16,,,0,100,,1202,16,,,0,100,,1203,16,,,0,100,,1204,16,,,0,100,,1205,16,,,0,97,,1206,16,0,5 6,0
100,'5328',832,,1207,9,,,0,100,,1210,16,,,0,100,,1214,16,,,0,100,,1217,16,,,0,100,,1209,16,,,0,100,,1208,16,,,0,100,,1212,16,,,0,100,,1213,16,,,0,100,,1211,16,,,0,100,,1216,16,,,0,97,,1215,16,0,5 6,0
300,'4833',702,,1396,11,,,0,100,,1397,11,0,11 12,0,100,,1398,11,,,0,100,,1399,11,,,0,100,,1401,11,,,0,100,,1400,11,,,0,100,,1402,11,,,0,100,,1403,11,,,0,100,,1404,11,,,0,100,,1405,11,,,0,100,,1406,11,,,0,100,,1407,11,,,0
300,'5323',702,,1409,11,,,0,100,,1410,11,0,11 12,0,100,,1411,11,,,0,100,,1412,11,,,0,100,,1414,11,,,0,100,,1413,11,,,0,100,,1415,11,,,0,100,,1416,11,,,0,100,,1417,11,,,0,100,,1418,11,,,0,100,,1419,11,,,0,100,,1420,11,,,0
300,'5325',802,,1423,5,0,11 12,0,100,,1424,11,,,0,100,,1425,11,,,0,100,,1422,11,,,0,100,,1426,11,,,0,100,,1427,11,,,0,100,,1428,11,,,0,100,,1429,11,,,0,100,,1430,11,,,0,100,,1431,11,,,0,100,,1432,11,,,0
300,'5326',702,,1433,11,,,0,100,,1434,11,0,11 12,0,100,,1435,11,,,0,100,,1436,11,,,0,100,,1438,11,,,0,100,,1437,11,,,0,100,,1439,11,,,0,100,,1440,11,,,0,100,,1441,11,,,0,100,,1442,11,,,0,100,,1443,11,,,0,100,,1444,11,,,0
300,'5328',802,,1447,5,0,11 12,0,100,,1448,11,,,0,100,,1449,11,,,0,100,,1446,11,,,0,100,,1450,11,,,0,100,,1451,11,,,0,100,,1452,11,,,0,100,,1453,11,,,0,100,,1454,11,,,0,100,,1455,11,,,0,100,,1456,11,,,0
3000,'5323',807,,2050,5,,,0,310,,2049,5,,,0,185,,2053,5,,,0,255,,2051,5,,,0,171,,2052,5,,,0
3000,'5325',907,,2054,5,,,0,210,,2055,5,,,0,185,,2057,5,,,0,255,,2056,5,,,0,171,,2058,5,,,0
3000,'5326',807,,2060,5,,,0,310,,2059,5,,,0,185,,2063,5,,,0,255,,2061,5,,,0,171,,2062,5,,,0
3000,'5328',907,,2064,5,,,0,210,,2065,5,,,0,185,,2067,5,,,0,255,,2066,5,,,0,171,,2068,5,,,0
4000,'5323',827,,2090,15,4,,0,516,,2089,15,4,,0
4000,'5326',827,,2092,15,4,,0,516,,2091,15,4,,0
