401,'4833',648,,1587,9,,,0,100,,1588,22,,,0,100,,1589,22,,,0,100,,1590,22,,,0,100,,1591,22,,,0,100,,1592,22,,,0,100,,1593,22,,,0,100,,1585,22,,,0,100,,1586,22,,,0,100,,1584,22,,,0,100,,1583,22,,,0,100,,1582,22,,,0
401,'5323',648,,1600,9,,,0,100,,1601,22,,,0,100,,1602,22,,,0,100,,1603,22,,,0,100,,1604,22,,,0,100,,1605,22,,,0,100,,1606,22,,,0,100,,1598,22,,,0,100,,1599,22,,,0,100,,1597,22,,,0,100,,1596,22,,,0,100,,1595,22,,,0
401,'5325',848,,1607,22,,,0,100,,1609,22,,,0,100,,1610,22,,,0,100,,1608,22,,,0,100,,1612,22,,,0,100,,1611,22,,,0,100,,1613,22,,,0,100,,1614,22,,,0,100,,1615,22,,,0,100,,1616,22,,,0
401,'5326',648,,1624,9,,,0,100,,1625,22,,,0,100,,1626,22,,,0,100,,1627,22,,,0,100,,1628,22,,,0,100,,1629,22,,,0,100,,1630,22,,,0,100,,1622,22,,,0,100,,1623,22,,,0,100,,1621,22,,,0,100,,1620,22,,,0,100,,1619,22,,,0
401,'5328',848,,1631,22,,,0,100,,1633,22,,,0,100,,1635,22,,,0,100,,1632,22,,,0,100,,1636,22,,,0,100,,1634,22,,,0,100,,1637,22,,,0,100,,1638,22,,,0,100,,1639,22,,,0,100,,1640,22,,,0
3001,'5323',749,,2069,14,,,0,310,,2070,12,,,0,185,,2073,12,,,0,295,,2071,14,,,0,170,,2072,12,,,0
3001,'5325',849,,2074,14,,,0,210,,2075,12,,,0,185,,2076,12,,,0,295,,2077,14,,,0,170,,2078,12,,,0
3001,'5326',749,,2079,14,,,0,310,,2080,12,,,0,185,,2083,12,,,0,295,,2081,14,,,0,170,,2082,12,,,0
3001,'5328',849,,2084,14,,,0,210,,2085,12,,,0,185,,2086,12,,,0,295,,2087,14,,,0,170,,2088,12,,,0
4001,'5323',949,,2093,7,,,0,604,,2094,7,,,0
4001,'5326',949,,2095,7,,,0,604,,2096,7,,,0
