1,100,'4833',1157,1158,1159,1160,1161,1162,1163,1164,1165,1166,1167,1168,1169
1,100,'5323',1170,1171,1172,1173,1174,1175,1176,1177,1178,1179,1180,1181,1182
1,100,'5325',1183,1184,1185,1186,1187,1188,1189,1190,1191,1192,1193
1,100,'5326',1194,1195,1196,1197,1198,1199,1200,1201,1202,1203,1204,1205,1206
1,100,'5328',1207,1208,1209,1210,1211,1212,1213,1214,1215,1216,1217
1,101,'4833',1218,1219,1220,1221,1222,1223,1224,1225,1226,1227,1228,1229,1230
1,101,'5323',1231,1232,1233,1234,1235,1236,1237,1238,1239,1240,1241,1242,1243
1,101,'5325',1244,1245,1246,1247,1248,1249,1250,1251,1252,1253,1254
1,101,'5326',1255,1256,1257,1258,1259,1260,1261,1262,1263,1264,1265,1266,1267
1,101,'5328',1268,1269,1270,1271,1272,1273,1274,1275,1276,1277,1278
2,200,'4833',1279,1280,1281,1282,1283,1284,1285,1286,1287,1288,1289,1290
2,200,'5323',1291,1292,1293,1294,1295,1296,1297,1298,1299,1300,1301,1302
2,200,'5325',1303,1304,1305,1306,1307,1308,1309,1310,1311,1312
2,200,'5326',1313,1314,1315,1316,1317,1318,1319,1320,1321,1322,1323,1324
2,200,'5328',1325,1326,1327,1328,1329,1330,1331,1332,1333,1334
2,201,'4833',1335,1336,1337,1338,1339,1340,1341,1342,1343,1344,1345,1346,2121
2,201,'5323',1348,1349,1350,1351,1352,1353,1354,1355,1356,1357,1358,1359,2122
2,201,'5325',1361,1362,1363,1364,1365,1366,1367,1368,1369,1370,1371
2,201,'5326',1372,1373,1374,1375,1376,1377,1378,1379,1380,1381,1382,1383,2123
2,201,'5328',1385,1386,1387,1388,1389,1390,1391,1392,1393,1394,1395
3,300,'4833',2124,2125,2126,2127,2128,2129,2130,2131,2132,2133,2134,2135,1408
3,300,'5323',2136,2137,2138,2139,2140,2141,2142,2143,2144,2145,2146,2147,1421
3,300,'5325',2148,2149,2150,2151,2152,2153,2154,2155,2156,2157,2158
3,300,'5326',2159,2160,2161,2162,2163,2164,2165,2166,2167,2168,2169,2170,1445
3,300,'5328',2171,2172,2173,2174,2175,2176,2177,2178,2179,2180
3,301,'4833',2181,2182,2183,2184,2185,2186,2187,2188,2189,2190,2191,2192,1469
3,301,'5323',2193,2194,2195,2196,2197,2198,2199,2200,2201,2202,2203,2204,1482
3,301,'5325',2205,2206,2207,2208,2209,2210,2211,2212,2213,2214,2215
3,301,'5326',2216,2217,2218,2219,2220,2221,2222,2223,2224,2225,2226,2227,1506
3,301,'5328',2228,2229,2230,2231,2232,2233,2234,2235,2236,2237,2238
4,400,'4833',1518,1519,1520,1521,1522,1523,1524,1525,1526,1527,1528,1529,1530
4,400,'5323',1531,1532,1533,1534,1535,1536,1537,1538,1539,1540,1541,1542,1543
4,400,'5325',1544,1545,1546,1547,1548,1549,1550,1551,1552,1553,1554,2239
4,400,'5326',1556,1557,1558,1559,1560,1561,1562,1563,1564,1565,1566,1567,1568
4,400,'5328',1569,1570,1571,1572,1573,1574,1575,1576,1577,1578,1579,2240
4,401,'4833',1581,1582,1583,1584,1585,1586,1587,1588,1589,1590,1591,1592,1593
4,401,'5323',1594,1595,1596,1597,1598,1599,1600,1601,1602,1603,1604,1605,1606
4,401,'5325',1607,1608,1609,1610,1611,1612,1613,1614,1615,1616,2241
4,401,'5326',1618,1619,1620,1621,1622,1623,1624,1625,1626,1627,1628,1629,1630
4,401,'5328',1631,1632,1633,1634,1635,1636,1637,1638,1639,1640,2242
5,500,'4833',1642,1643,1644,1645,1646,1647,1648,1649,1650,1651,1652,1653,1654,1655,1656,1657,1658,1659,1660,1661,1662,1663,1664,1665
5,500,'5322',1666,1667,1668,1669
5,500,'5323',1670,1671,1672,1673,1674,1675,1676,1677,1678,1679,1680,1681,1682,1683,1684,1685,1686,1687,1688,1689,1690,1691,1692,1693
5,500,'5325',1694,1695,1696,1697,1698,1699,1700,1701,1702,1703,1704,1705,1706,1707,1708,1709,1710,1711,1712,1713
5,500,'5326',1714,1715,1716,1717,1718,1719,1720,1721,1722,1723,1724,1725,1726,1727,1728,1729,1730,1731,1732,1733,1734,1735,1736,1737,1738,1739,1740,1741,1742
5,500,'5328',1743,1744,1745,1746,1747,1748,1749,1750,1751,1752,1753,1754,1755,1756,1757,1758,1759,1760,1761,1762,1763,1764,1765,1766,1767
5,501,'4833',1768,1769,1770,1771,1772,1773,1774,1775,1776,1777,1778,1779,1780,1781,1782,1783,1784,1785,1786,1787,1788,1789,1790,1791
5,501,'5322',1792,1793,1794,1795
5,501,'5323',1796,1797,1798,1799,1800,1801,1802,1803,1804,1805,1806,1807,1808,1809,1810,1811,1812,1813,1814,1815,1816,1817,1818,1819
5,501,'5325',1820,1821,1822,1823,1824,1825,1826,1827,1828,1829,1830,1831,1832,1833,1834,1835,1836,1837,1838,1839
5,501,'5326',1840,1841,1842,1843,1844,1845,1846,1847,1848,1849,1850,1851,1852,1853,1854,1855,1856,1857,1858,1859,1860,1861,1862,1863,1864,1865,1866,1867,1868,1869
5,501,'5328',1870,1871,1872,1873,1874,1875,1876,1877,1878,1879,1880,1881,1882,1883,1884,1885,1886,1887,1888,1889,1890,1891,1892,1893,1894,1895
10,1000,'5323',1896,1897,1898,1899,1900
10,1000,'5325',1901,1902,1903
10,1000,'5326',1904,1905,1906,1907,1908
10,1000,'5328',1909,1910,1911
10,1001,'5323',1912,1913,1914,1915,1916
10,1001,'5325',1917,1918,1919
10,1001,'5326',1920,1921,1922,1923,1924
10,1001,'5328',1925,1926,1927
11,1100,'5323',1928,1929,1930
11,1100,'5326',1931,1932,1933
11,1101,'5323',1934,1935,1936
11,1101,'5326',1937,1938,1939
15,1500,'4833',1940,1941,1942,1943,1944,1945,1946,1947
15,1500,'5323',1948,1949,1950,1951,1952,1953,1954,1955
15,1500,'5325',1956,1957,1958,1959,1960,1961,1962
15,1500,'5326',1963,1964,1965,1966,1967,1968,1969,1970
15,1500,'5328',1971,1972,1973,1974,1975,1976,1977
15,1501,'4833',1978,1979,1980,1981
15,1501,'5323',1982,1983,1984,1985
15,1501,'5325',1986,1987,1988,1989
15,1501,'5326',1990,1991,1992,1993
15,1501,'5328',1994,1995,1996,1997
16,1600,'5322',1998,1999,2000,2001,2002,2003,2004,2005,2006,2007,2008
16,1601,'5322',2009,2010,2011,2012,2013,2014,2015,2016,2017,2018
20,2000,'5323',2019,2020,2021,2022,2023
20,2000,'5326',2024,2025,2026,2027,2028
20,2001,'5323',2029,2030,2031,2032,2033
20,2001,'5326',2034,2035,2036,2037,2038
21,2100,'5323',2039,2040,2041,2042,2043
21,2100,'5326',2044,2045,2046,2047,2048
30,3000,'5323',2049,2050,2051,2052,2053
30,3000,'5325',2054,2055,2056,2057,2058
30,3000,'5326',2059,2060,2061,2062,2063
30,3000,'5328',2064,2065,2066,2067,2068
30,3001,'5323',2069,2070,2071,2072,2073
30,3001,'5325',2074,2075,2076,2077,2078
30,3001,'5326',2079,2080,2081,2082,2083
30,3001,'5328',2084,2085,2086,2087,2088
40,4000,'5323',2089,2090
40,4000,'5326',2091,2092
40,4001,'5323',2093,2094
40,4001,'5326',2095,2096
41,4100,'5323',2097,2098
41,4100,'5326',2099,2100
50,5000,'5324',2101
50,5000,'5327',2102
50,5001,'5324',2103
50,5001,'5327',2104
70,7000,'5323',2105,2106,2107,2108
70,7000,'5326',2109,2110,2111,2112
70,7001,'5323',2113,2114,2115,2116
70,7001,'5326',2117,2118,2119,2120
