400,'4833',720,,1518,26,,,0,100,,1523,26,,,0,100,,1525,26,,,0,100,,1526,26,,,0,100,,1527,26,,,0,100,,1528,26,,,0,100,,1529,26,,,0,100,,1530,26,,,0,100,,1524,26,,,0,100,,1521,26,,,0,100,,1522,26,,,0,110,,1519,11,,,0
400,'5323',720,,1531,26,,,0,100,,1536,26,,,0,100,,1538,26,,,0,100,,1539,26,,,0,100,,1540,26,,,0,100,,1541,26,,,0,100,,1542,26,,,0,100,,1543,26,,,0,100,,1537,26,,,0,100,,1534,26,,,0,100,,1535,26,,,0,110,,1532,11,,,0
400,'5325',820,,1547,26,,,0,100,,1550,26,,,0,100,,1544,26,,,0,100,,1545,26,,,0,100,,1548,26,,,0,100,,1549,26,,,0,100,,1546,26,,,0,100,,1551,26,,,0,100,,1552,26,,,0,100,,1553,26,,,0,110,,1555,11,,,0
400,'5326',720,,1556,26,,,0,100,,1561,26,,,0,100,,1563,26,,,0,100,,1564,26,,,0,100,,1565,26,,,0,100,,1566,26,,,0,100,,1567,26,,,0,100,,1568,26,,,0,100,,1562,26,,,0,100,,1559,26,,,0,100,,1560,26,,,0,110,,1557,11,,,0
400,'5328',820,,1572,26,,,0,100,,1575,26,,,0,100,,1569,26,,,0,100,,1570,26,,,0,100,,1573,26,,,0,100,,1574,26,,,0,100,,1571,26,,,0,100,,1576,26,,,0,100,,1577,26,,,0,100,,1578,26,,,0,110,,1580,11,,,0
1501,'4833',1929,,1978,21,0,7,0,124,,1980,21,0,7,0
1501,'5323',1929,,1982,21,0,7,0,124,,1984,21,0,7,0
1501,'5325',1929,,1987,21,0,7,0,124,,1988,21,0,7,0
1501,'5326',1929,,1990,21,0,7,0,124,,1992,21,0,7,0
1501,'5328',1929,,1995,21,0,7,0,124,,1996,21,0,7,0
1600,'5322',905,,1998,8,,,0,100,,2001,14,,,0,100,,2000,14,,,0,100,,1999,14,,,0,100,,2002,14,,,0,100,,2003,14,,,0,100,,2004,14,,,0,100,,2005,14,,,0,100,,2006,14,,,0,100,,2008,14,,,0
