101,'4833',655,,1219,8,,,0,100,,1220,8,,,0,100,,1221,8,,,0,100,,1222,8,,,0,100,,1224,8,,,0,100,,1223,8,,,0,100,,1226,8,,,0,100,,1225,8,,,0,100,,1227,8,,,0,100,,1228,8,,,0,100,,1229,8,,,0,100,,1230,8,,,0
101,'5323',655,,1232,8,,,0,100,,1233,8,,,0,100,,1234,8,,,0,100,,1235,8,,,0,100,,1237,8,,,0,100,,1236,8,,,0,100,,1239,8,,,0,100,,1238,8,,,0,100,,1240,8,,,0,100,,1241,8,,,0,100,,1242,8,,,0,100,,1243,8,,,0
101,'5325',855,,1248,8,,,0,100,,1250,8,,,0,100,,1244,8,,,0,100,,1246,8,,,0,100,,1249,8,,,0,100,,1247,8,,,0,100,,1251,8,,,0,100,,1245,8,,,0,100,,1252,8,,,0,100,,1253,8,,,0
101,'5326',655,,1256,8,,,0,100,,1257,8,,,0,100,,1258,8,,,0,100,,1259,8,,,0,100,,1261,8,,,0,100,,1260,8,,,0,100,,1263,8,,,0,100,,1262,8,,,0,100,,1264,8,,,0,100,,1265,8,,,0,100,,1266,8,,,0,100,,1267,8,,,0
101,'5328',855,,1272,8,,,0,100,,1274,8,,,0,100,,1268,8,,,0,100,,1270,8,,,0,100,,1273,8,,,0,100,,1271,8,,,0,100,,1275,8,,,0,100,,1269,8,,,0,100,,1276,8,,,0,100,,1277,8,,,0
301,'4833',725,,2182,10,,,0,100,,2183,3,,,0,100,,2184,10,,,0,100,,2185,10,,,0,100,,2186,10,,,0,100,,2187,10,,,0,100,,2188,10,,,0,100,,2189,10,,,0,100,,2190,10,,,0,100,,2191,10,,,0,100,,2192,10,,,0,99,,1469,10,4,,0
301,'5323',725,,2194,10,,,0,100,,2195,3,,,0,100,,2196,10,,,0,100,,2197,10,,,0,100,,2198,10,,,0,100,,2199,10,,,0,100,,2200,10,,,0,100,,2201,10,,,0,100,,2202,10,,,0,100,,2203,10,,,0,100,,2204,10,,,0,99,,1482,10,4,,0
301,'5325',825,,2207,3,,,0,100,,2205,10,,,0,100,,2208,10,,,0,100,,2206,10,,,0,100,,2209,10,,,0,100,,2210,10,,,0,100,,2211,10,,,0,100,,2212,10,,,0,100,,2213,10,,,0,100,,2215,10,,,0,99,,2214,10,4,,0
301,'5326',725,,2217,10,,,0,100,,2218,3,,,0,100,,2219,10,,,0,100,,2220,10,,,0,100,,2221,10,,,0,100,,2222,10,,,0,100,,2223,10,,,0,100,,2224,10,,,0,100,,2225,10,,,0,100,,2226,10,,,0,100,,2227,10,,,0,99,,1506,10,4,,0
301,'5328',825,,2230,3,,,0,100,,2228,10,,,0,100,,2231,10,,,0,100,,2229,10,,,0,100,,2232,10,,,0,100,,2233,10,,,0,100,,2234,10,,,0,100,,2235,10,,,0,100,,2236,10,,,0,100,,2238,10,,,0,99,,2237,10,4,,0
400,'4833',714,,1518,16,,,0,100,,1523,16,,,0,100,,1525,16,,,0,100,,1526,16,,,0,100,,1527,16,,,0,100,,1528,16,,,0,100,,1529,16,,,0,100,,1530,16,,,0,100,,1524,16,,,0,100,,1521,16,,,0,100,,1522,16,,,0,100,,1520,16,4,,0,10,,1519,1,,,0
400,'5323',714,,1531,16,,,0,100,,1536,16,,,0,100,,1538,16,,,0,100,,1539,16,,,0,100,,1540,16,,,0,100,,1541,16,,,0,100,,1542,16,,,0,100,,1543,16,,,0,100,,1537,16,,,0,100,,1534,16,,,0,100,,1535,16,,,0,100,,1533,16,4,,0,10,,1532,1,,,0
400,'5325',814,,1547,16,,,0,100,,1550,16,,,0,100,,1544,16,,,0,100,,1545,16,,,0,100,,1548,16,,,0,100,,1549,16,,,0,100,,1546,16,,,0,100,,1551,16,,,0,100,,1552,16,,,0,100,,1553,16,,,0,100,,1554,16,4,,0,10,,2239,1,,,0
400,'5326',714,,1556,16,,,0,100,,1561,16,,,0,100,,1563,16,,,0,100,,1564,16,,,0,100,,1565,16,,,0,100,,1566,16,,,0,100,,1567,16,,,0,100,,1568,16,,,0,100,,1562,16,,,0,100,,1559,16,,,0,100,,1560,16,,,0,100,,1558,16,4,,0,10,,1557,1,,,0
400,'5328',814,,1572,16,,,0,100,,1575,16,,,0,100,,1569,16,,,0,100,,1570,16,,,0,100,,1573,16,,,0,100,,1574,16,,,0,100,,1571,16,,,0,100,,1576,16,,,0,100,,1577,16,,,0,100,,1578,16,,,0,100,,1579,16,4,,0,10,,2240,1,,,0
1001,'5323',747,,1912,16,,,0,164,,1913,16,,,0,123,,1916,16,,,0,311,,1914,16,,,0,403,,1915,16,,,0
1001,'5325',911,,1917,16,,,0,434,,1919,16,,,0,403,,1918,16,,,0
1001,'5326',747,,1920,16,,,0,164,,1921,16,,,0,123,,1924,16,,,0,311,,1922,16,,,0,403,,1923,16,,,0
1001,'5328',911,,1925,16,,,0,434,,1927,16,,,0,403,,1926,16,,,0
1601,'5322',928,,2009,10,,,0,100,,2011,10,,,0,100,,2010,10,,,0,100,,2012,10,,,0,100,,2014,10,,,0,100,,2013,10,,,0,100,,2016,10,,,0,100,,2015,10,,,0,100,,2018,10,,,0,100,,2017,10,,,0
