501,'4833',708,,1768,22,,,0,30,,1778,22,,,0,70,,1769,24,,,0,30,,1790,24,,,0,70,,1771,24,,,0,30,,1779,24,,,0,70,,1772,24,,,0,30,,1780,24,,,0,70,,1773,24,,,0,30,,1781,24,,,0,70,,1770,24,,,0,30,,1782,24,,,0,70,,1775,24,,,0,30,,1783,24,,,0,70,,1774,24,,,0,30,,1784,24,,,0,70,,1776,24,,,0,30,,1791,24,,,0,70,,1777,24,,,0,30,,1789,24,,,0,70,,1785,24,,,0,30,,1786,24,,,0,70,,1787,24,,,0,30,,1788,24,,,0
501,'5322',1238,,1792,24,,,0,100,,1793,24,,,0,100,,1794,24,,,0,100,,1795,24,,,0
501,'5323',708,,1796,22,,,0,30,,1806,22,,,0,70,,1797,24,,,0,30,,1818,24,,,0,70,,1799,24,,,0,30,,1807,24,,,0,70,,1800,24,,,0,30,,1808,24,,,0,70,,1801,24,,,0,30,,1809,24,,,0,70,,1798,24,,,0,30,,1810,24,,,0,70,,1803,24,,,0,30,,1811,24,,,0,70,,1802,24,,,0,30,,1812,24,,,0,70,,1804,24,,,0,30,,1819,24,,,0,70,,1805,24,,,0,30,,1817,24,,,0,70,,1813,24,,,0,30,,1814,24,,,0,70,,1815,24,,,0,30,,1816,24,,,0
501,'5325',908,,1825,22,,,0,30,,1836,22,,,0,70,,1827,24,,,0,30,,1837,24,,,0,70,,1828,24,,,0,30,,1833,24,,,0,70,,1824,24,,,0,30,,1834,24,,,0,70,,1829,24,,,0,30,,1835,24,,,0,70,,1820,24,,,0,30,,1838,24,,,0,70,,1821,24,,,0,30,,1839,24,,,0,70,,1822,24,,,0,30,,1830,24,,,0,70,,1823,24,,,0,30,,1831,24,,,0,70,,1826,24,,,0,30,,1832,24,,,0
501,'5326',708,,1840,22,,,0,30,,1850,22,,,0,70,,1841,24,,,0,30,,1862,24,,,0,70,,1843,24,,,0,30,,1851,24,,,0,70,,1844,24,,,0,30,,1852,24,,,0,70,,1845,24,,,0,30,,1853,24,,,0,70,,1842,24,,,0,30,,1854,24,,,0,70,,1847,24,,,0,30,,1855,24,,,0,70,,1846,24,,,0,30,,1856,24,,,0,70,,1848,24,,,0,30,,1863,24,,,0,70,,1849,24,,,0,30,,1861,24,,,0,70,,1857,24,,,0,30,,1858,24,,,0,70,,1859,24,,,0,30,,1860,24,,,0,70,,1866,24,,,0,100,,1867,24,,,0,100,,1868,24,,,0,100,,1869,24,,,0,100,,1864,24,,,0
501,'5328',908,,1875,22,,,0,30,,1886,22,,,0,70,,1877,24,,,0,30,,1887,24,,,0,70,,1878,24,,,0,30,,1883,24,,,0,70,,1874,24,,,0,30,,1884,24,,,0,70,,1879,24,,,0,30,,1885,24,,,0,70,,1870,24,,,0,30,,1888,24,,,0,70,,1871,24,,,0,30,,1889,24,,,0,70,,1872,24,,,0,30,,1880,24,,,0,70,,1873,24,,,0,30,,1881,24,,,0,70,,1876,24,,,0,30,,1882,24,,,0,70,,1892,24,,,0,100,,1893,24,,,0,100,,1894,24,,,0,100,,1895,24,,,0,100,,1891,24,,,0
1500,'4833',1908,,1941,7,0,13,0,124,,1942,33,0,13,0,123,,1945,33,0,13,0,85,,1947,33,0,13,0
1500,'5323',1908,,1949,7,0,13,0,124,,1950,33,0,13,0,123,,1953,33,0,13,0,85,,1955,33,0,13,0
1500,'5325',1908,,1956,33,0,13,0,124,,1958,33,0,13,0,123,,1961,33,0,13,0,85,,1962,33,0,13,0
1500,'5326',1908,,1964,7,0,13,0,124,,1965,33,0,13,0,123,,1968,33,0,13,0,85,,1970,33,0,13,0
1500,'5328',1908,,1971,33,0,13,0,124,,1973,33,0,13,0,123,,1976,33,0,13,0,85,,1977,33,0,13,0
1601,'5322',945,,2009,28,,,0,100,,2011,28,,,0,100,,2010,28,,,0,100,,2012,28,,,0,100,,2014,28,,,0,100,,2013,28,,,0,100,,2016,28,,,0,100,,2015,28,,,0,100,,2018,28,,,0,100,,2017,28,,,0
2001,'5323',644,,2029,7,0,16 17,0,164,,2030,7,0,16 17,0,295,,2031,7,0,8 9,0,435,,2033,7,0,8 9,0,170,,2032,7,0,8 9,0
2001,'5326',644,,2034,7,0,16 17,0,164,,2035,7,0,16 17,0,295,,2036,7,0,8 9,0,435,,2038,7,0,8 9,0,170,,2037,7,0,8 9,0
7000,'5323',554,,2105,6,,,0
7000,'5326',554,,2109,6,,,0
