500,'4833',712,,1642,5,,,0,30,,1664,5,,,0,70,,1644,5,,,0,30,,1662,5,,,0,70,,1645,5,,,0,30,,1652,5,,,0,70,,1646,5,,,0,30,,1653,5,,,0,70,,1643,5,,,0,30,,1654,5,,,0,70,,1648,5,,,0,30,,1655,5,,,0,70,,1647,5,,,0,30,,1656,5,,,0,70,,1649,5,,,0,30,,1659,5,,,0,70,,1650,5,,,0,30,,1665,5,,,0,70,,1651,5,,,0,30,,1663,5,,,0,70,,1657,5,,,0,30,,1658,5,,,0,70,,1660,5,,,0,30,,1661,5,0,13,0
500,'5322',1242,,1666,5,,,0,100,,1667,5,,,0,100,,1668,5,,,0,100,,1669,5,,,0
500,'5323',712,,1670,5,,,0,30,,1692,5,,,0,70,,1672,5,,,0,30,,1690,5,,,0,70,,1673,5,,,0,30,,1680,5,,,0,70,,1674,5,,,0,30,,1681,5,,,0,70,,1671,5,,,0,30,,1682,5,,,0,70,,1676,5,,,0,30,,1683,5,,,0,70,,1675,5,,,0,30,,1684,5,,,0,70,,1677,5,,,0,30,,1687,5,,,0,70,,1678,5,,,0,30,,1693,5,,,0,70,,1679,5,,,0,30,,1691,5,,,0,70,,1685,5,,,0,30,,1686,5,,,0,70,,1688,5,,,0,30,,1689,5,0,13,0
500,'5325',912,,1694,5,,,0,30,,1710,5,,,0,70,,1699,5,,,0,30,,1707,5,,,0,70,,1700,5,,,0,30,,1708,5,,,0,70,,1702,5,,,0,30,,1706,5,,,0,70,,1703,5,,,0,30,,1709,5,,,0,70,,1701,5,,,0,30,,1711,5,,,0,70,,1698,5,,,0,30,,1705,5,,,0,70,,1697,5,,,0,30,,1704,5,,,0,70,,1695,5,,,0,30,,1712,5,,,0,70,,1696,5,,,0,30,,1713,5,0,13,0
500,'5326',712,,1714,5,,,0,30,,1736,5,,,0,70,,1716,5,,,0,30,,1734,5,,,0,70,,1717,5,,,0,30,,1724,5,,,0,70,,1718,5,,,0,30,,1725,5,,,0,70,,1715,5,,,0,30,,1726,5,,,0,70,,1720,5,,,0,30,,1727,5,,,0,70,,1719,5,,,0,30,,1728,5,,,0,70,,1721,5,,,0,30,,1731,5,,,0,70,,1722,5,,,0,30,,1737,5,,,0,70,,1723,5,,,0,30,,1735,5,,,0,70,,1729,5,,,0,30,,1730,5,,,0,70,,1732,5,,,0,30,,1733,5,0,13,0,70,,1738,5,,,0,100,,1739,5,,,0,100,,1740,5,,,0,100,,1741,5,,,0,100,,1742,5,,,0
500,'5328',912,,1743,5,,,0,30,,1759,5,,,0,70,,1748,5,,,0,30,,1756,5,,,0,70,,1749,5,,,0,30,,1757,5,,,0,70,,1751,5,,,0,30,,1755,5,,,0,70,,1752,5,,,0,30,,1758,5,,,0,70,,1750,5,,,0,30,,1760,5,,,0,70,,1747,5,,,0,30,,1754,5,,,0,70,,1746,5,,,0,30,,1753,5,,,0,70,,1744,5,,,0,30,,1761,5,,,0,70,,1745,5,,,0,30,,1762,5,0,13,0,70,,1763,5,,,0,100,,1764,5,,,0,100,,1765,5,,,0,100,,1766,5,,,0,100,,1767,5,,,0
1500,'4833',1911,,1941,12,0,13,0,124,,1942,38,0,13,0,123,,1945,38,0,13,0,85,,1947,38,0,13,0
1500,'5323',1911,,1949,12,0,13,0,124,,1950,38,0,13,0,123,,1953,38,0,13,0,85,,1955,38,0,13,0
1500,'5325',1911,,1956,38,0,13,0,124,,1958,38,0,13,0,123,,1961,38,0,13,0,85,,1962,38,0,13,0
1500,'5326',1911,,1964,12,0,13,0,124,,1965,38,0,13,0,123,,1968,38,0,13,0,85,,1970,38,0,13,0
1500,'5328',1911,,1971,38,0,13,0,124,,1973,38,0,13,0,123,,1976,38,0,13,0,85,,1977,38,0,13,0
7000,'5323',557,,2105,11,,,0
7000,'5326',557,,2109,11,,,0
