500,'4833',711,,1642,4,,,0,30,,1664,4,,,0,70,,1644,4,,,0,30,,1662,4,,,0,70,,1645,4,,,0,30,,1652,4,,,0,70,,1646,4,,,0,30,,1653,4,,,0,70,,1643,4,,,0,30,,1654,4,,,0,70,,1648,4,,,0,30,,1655,4,,,0,70,,1647,4,,,0,30,,1656,4,,,0,70,,1649,4,,,0,30,,1659,4,,,0,70,,1650,4,,,0,30,,1665,4,,,0,70,,1651,4,,,0,30,,1663,4,,,0,70,,1657,4,,,0,30,,1658,4,,,0,70,,1660,4,,,0,30,,1661,4,0,13,0
500,'5322',1241,,1666,4,,,0,100,,1667,4,,,0,100,,1668,4,,,0,100,,1669,4,,,0
500,'5323',711,,1670,4,,,0,30,,1692,4,,,0,70,,1672,4,,,0,30,,1690,4,,,0,70,,1673,4,,,0,30,,1680,4,,,0,70,,1674,4,,,0,30,,1681,4,,,0,70,,1671,4,,,0,30,,1682,4,,,0,70,,1676,4,,,0,30,,1683,4,,,0,70,,1675,4,,,0,30,,1684,4,,,0,70,,1677,4,,,0,30,,1687,4,,,0,70,,1678,4,,,0,30,,1693,4,,,0,70,,1679,4,,,0,30,,1691,4,,,0,70,,1685,4,,,0,30,,1686,4,,,0,70,,1688,4,,,0,30,,1689,4,0,13,0
500,'5325',911,,1694,4,,,0,30,,1710,4,,,0,70,,1699,4,,,0,30,,1707,4,,,0,70,,1700,4,,,0,30,,1708,4,,,0,70,,1702,4,,,0,30,,1706,4,,,0,70,,1703,4,,,0,30,,1709,4,,,0,70,,1701,4,,,0,30,,1711,4,,,0,70,,1698,4,,,0,30,,1705,4,,,0,70,,1697,4,,,0,30,,1704,4,,,0,70,,1695,4,,,0,30,,1712,4,,,0,70,,1696,4,,,0,30,,1713,4,0,13,0
500,'5326',711,,1714,4,,,0,30,,1736,4,,,0,70,,1716,4,,,0,30,,1734,4,,,0,70,,1717,4,,,0,30,,1724,4,,,0,70,,1718,4,,,0,30,,1725,4,,,0,70,,1715,4,,,0,30,,1726,4,,,0,70,,1720,4,,,0,30,,1727,4,,,0,70,,1719,4,,,0,30,,1728,4,,,0,70,,1721,4,,,0,30,,1731,4,,,0,70,,1722,4,,,0,30,,1737,4,,,0,70,,1723,4,,,0,30,,1735,4,,,0,70,,1729,4,,,0,30,,1730,4,,,0,70,,1732,4,,,0,30,,1733,4,0,13,0,70,,1738,4,,,0,100,,1739,4,,,0,100,,1740,4,,,0,100,,1741,4,,,0,100,,1742,4,,,0
500,'5328',911,,1743,4,,,0,30,,1759,4,,,0,70,,1748,4,,,0,30,,1756,4,,,0,70,,1749,4,,,0,30,,1757,4,,,0,70,,1751,4,,,0,30,,1755,4,,,0,70,,1752,4,,,0,30,,1758,4,,,0,70,,1750,4,,,0,30,,1760,4,,,0,70,,1747,4,,,0,30,,1754,4,,,0,70,,1746,4,,,0,30,,1753,4,,,0,70,,1744,4,,,0,30,,1761,4,,,0,70,,1745,4,,,0,30,,1762,4,0,13,0,70,,1763,4,,,0,100,,1764,4,,,0,100,,1765,4,,,0,100,,1766,4,,,0,100,,1767,4,,,0
1500,'4833',1910,,1941,11,0,13,0,124,,1942,37,0,13,0,123,,1945,37,0,13,0,85,,1947,37,0,13,0
1500,'5323',1910,,1949,11,0,13,0,124,,1950,37,0,13,0,123,,1953,37,0,13,0,85,,1955,37,0,13,0
1500,'5325',1910,,1956,37,0,13,0,124,,1958,37,0,13,0,123,,1961,37,0,13,0,85,,1962,37,0,13,0
1500,'5326',1910,,1964,11,0,13,0,124,,1965,37,0,13,0,123,,1968,37,0,13,0,85,,1970,37,0,13,0
1500,'5328',1910,,1971,37,0,13,0,124,,1973,37,0,13,0,123,,1976,37,0,13,0,85,,1977,37,0,13,0
7000,'5323',557,,2105,10,,,0
7000,'5326',557,,2109,10,,,0
