100,'4833',825,,1159,2,,,0
100,'5323',825,,1172,2,,,0
100,'5325',825,,1183,2,,,0
100,'5326',825,,1196,2,,,0
100,'5328',825,,1207,2,,,0
300,'4833',654,,1396,4,,,0,100,,1397,4,0,11 12,0,100,,1398,4,,,0,100,,1399,4,,,0,100,,1401,4,,,0,100,,1400,4,,,0,100,,1402,4,,,0,100,,1403,4,,,0,100,,1404,4,,,0,100,,1405,4,,,0,100,,1406,4,,,0,100,,1407,4,,,0
300,'5323',654,,1409,4,,,0,100,,1410,4,0,11 12,0,100,,1411,4,,,0,100,,1412,4,,,0,100,,1414,4,,,0,100,,1413,4,,,0,100,,1415,4,,,0,100,,1416,4,,,0,100,,1417,4,,,0,100,,1418,4,,,0,100,,1419,4,,,0,100,,1420,4,,,0
300,'5325',854,,1424,4,,,0,100,,1425,4,,,0,100,,1422,4,,,0,100,,1426,4,,,0,100,,1427,4,,,0,100,,1428,4,,,0,100,,1429,4,,,0,100,,1430,4,,,0,100,,1431,4,,,0,100,,1432,4,,,0
300,'5326',654,,1433,4,,,0,100,,1434,4,0,11 12,0,100,,1435,4,,,0,100,,1436,4,,,0,100,,1438,4,,,0,100,,1437,4,,,0,100,,1439,4,,,0,100,,1440,4,,,0,100,,1441,4,,,0,100,,1442,4,,,0,100,,1443,4,,,0,100,,1444,4,,,0
300,'5328',854,,1448,4,,,0,100,,1449,4,,,0,100,,1446,4,,,0,100,,1450,4,,,0,100,,1451,4,,,0,100,,1452,4,,,0,100,,1453,4,,,0,100,,1454,4,,,0,100,,1455,4,,,0,100,,1456,4,,,0
1500,'4833',1958,,1943,3,,,0,164,,1944,3,,,0,85,,1946,3,,,0
1500,'5323',1958,,1951,3,,,0,164,,1952,3,,,0,85,,1954,3,,,0
1500,'5325',1958,,1957,3,,,0,164,,1960,3,,,0,85,,1959,3,,,0
1500,'5326',1958,,1966,3,,,0,164,,1967,3,,,0,85,,1969,3,,,0
1500,'5328',1958,,1972,3,,,0,164,,1975,3,,,0,85,,1974,3,,,0
1600,'5322',954,,2001,4,,,0,100,,2000,4,,,0,100,,1999,4,,,0,100,,2002,4,,,0,100,,2003,4,,,0,100,,2004,4,,,0,100,,2005,4,,,0,100,,2006,4,,,0,100,,2008,4,,,0,100,,2007,4,0,14 15,0
4000,'5323',821,,2090,9,4,,0,516,,2089,9,4,,0
4000,'5326',821,,2092,9,4,,0,516,,2091,9,4,,0
7000,'5323',600,,2105,15,,,0
7000,'5326',600,,2109,15,,,0
