500,'4833',711,,1642,3,,,0,30,,1664,3,,,0,70,,1644,3,,,0,30,,1662,3,,,0,70,,1645,3,,,0,30,,1652,3,,,0,70,,1646,3,,,0,30,,1653,3,,,0,70,,1643,3,,,0,30,,1654,3,,,0,70,,1648,3,,,0,30,,1655,3,,,0,70,,1647,3,,,0,30,,1656,3,,,0,70,,1649,3,,,0,30,,1659,3,,,0,70,,1650,3,,,0,30,,1665,3,,,0,70,,1651,3,,,0,30,,1663,3,,,0,70,,1657,3,,,0,30,,1658,3,,,0,70,,1660,3,,,0,30,,1661,3,0,13,0
500,'5322',1241,,1666,3,,,0,100,,1667,3,,,0,100,,1668,3,,,0,100,,1669,3,,,0
500,'5323',711,,1670,3,,,0,30,,1692,3,,,0,70,,1672,3,,,0,30,,1690,3,,,0,70,,1673,3,,,0,30,,1680,3,,,0,70,,1674,3,,,0,30,,1681,3,,,0,70,,1671,3,,,0,30,,1682,3,,,0,70,,1676,3,,,0,30,,1683,3,,,0,70,,1675,3,,,0,30,,1684,3,,,0,70,,1677,3,,,0,30,,1687,3,,,0,70,,1678,3,,,0,30,,1693,3,,,0,70,,1679,3,,,0,30,,1691,3,,,0,70,,1685,3,,,0,30,,1686,3,,,0,70,,1688,3,,,0,30,,1689,3,0,13,0
500,'5325',911,,1694,3,,,0,30,,1710,3,,,0,70,,1699,3,,,0,30,,1707,3,,,0,70,,1700,3,,,0,30,,1708,3,,,0,70,,1702,3,,,0,30,,1706,3,,,0,70,,1703,3,,,0,30,,1709,3,,,0,70,,1701,3,,,0,30,,1711,3,,,0,70,,1698,3,,,0,30,,1705,3,,,0,70,,1697,3,,,0,30,,1704,3,,,0,70,,1695,3,,,0,30,,1712,3,,,0,70,,1696,3,,,0,30,,1713,3,0,13,0
500,'5326',711,,1714,3,,,0,30,,1736,3,,,0,70,,1716,3,,,0,30,,1734,3,,,0,70,,1717,3,,,0,30,,1724,3,,,0,70,,1718,3,,,0,30,,1725,3,,,0,70,,1715,3,,,0,30,,1726,3,,,0,70,,1720,3,,,0,30,,1727,3,,,0,70,,1719,3,,,0,30,,1728,3,,,0,70,,1721,3,,,0,30,,1731,3,,,0,70,,1722,3,,,0,30,,1737,3,,,0,70,,1723,3,,,0,30,,1735,3,,,0,70,,1729,3,,,0,30,,1730,3,,,0,70,,1732,3,,,0,30,,1733,3,0,13,0,70,,1738,3,,,0,100,,1739,3,,,0,100,,1740,3,,,0,100,,1741,3,,,0,100,,1742,3,,,0
500,'5328',911,,1743,3,,,0,30,,1759,3,,,0,70,,1748,3,,,0,30,,1756,3,,,0,70,,1749,3,,,0,30,,1757,3,,,0,70,,1751,3,,,0,30,,1755,3,,,0,70,,1752,3,,,0,30,,1758,3,,,0,70,,1750,3,,,0,30,,1760,3,,,0,70,,1747,3,,,0,30,,1754,3,,,0,70,,1746,3,,,0,30,,1753,3,,,0,70,,1744,3,,,0,30,,1761,3,,,0,70,,1745,3,,,0,30,,1762,3,0,13,0,70,,1763,3,,,0,100,,1764,3,,,0,100,,1765,3,,,0,100,,1766,3,,,0,100,,1767,3,,,0
1500,'4833',1910,,1941,10,0,13,0,124,,1942,36,0,13,0,123,,1945,36,0,13,0,85,,1947,36,0,13,0
1500,'5323',1910,,1949,10,0,13,0,124,,1950,36,0,13,0,123,,1953,36,0,13,0,85,,1955,36,0,13,0
1500,'5325',1910,,1956,36,0,13,0,124,,1958,36,0,13,0,123,,1961,36,0,13,0,85,,1962,36,0,13,0
1500,'5326',1910,,1964,10,0,13,0,124,,1965,36,0,13,0,123,,1968,36,0,13,0,85,,1970,36,0,13,0
1500,'5328',1910,,1971,36,0,13,0,124,,1973,36,0,13,0,123,,1976,36,0,13,0,85,,1977,36,0,13,0
1601,'5322',947,,2009,31,,,0,100,,2011,31,,,0,100,,2010,31,,,0,100,,2012,31,,,0,100,,2014,31,,,0,100,,2013,31,,,0,100,,2016,31,,,0,100,,2015,31,,,0,100,,2018,31,,,0,100,,2017,31,,,0
7000,'5323',556,,2105,9,,,0
7000,'5326',556,,2109,9,,,0
