201,'4833',718,,1335,25,,,0,100,,1336,25,,,0,100,,1337,25,,,0,100,,1338,25,,,0,100,,1339,25,,,0,100,,1340,25,,,0,100,,1341,25,,,0,100,,1342,25,,,0,100,,1343,25,,,0,100,,1344,25,,,0,100,,1345,25,,,0,100,,1347,7,,,0
201,'5323',718,,1348,25,,,0,100,,1349,25,,,0,100,,1350,25,,,0,100,,1351,25,,,0,100,,1352,25,,,0,100,,1353,25,,,0,100,,1354,25,,,0,100,,1355,25,,,0,100,,1356,25,,,0,100,,1357,25,,,0,100,,1358,25,,,0,100,,1360,7,,,0
201,'5325',818,,1361,25,,,0,100,,1362,25,,,0,100,,1363,25,,,0,100,,1364,25,,,0,100,,1365,25,,,0,100,,1366,25,,,0,100,,1367,25,,,0,100,,1368,25,,,0,100,,1369,25,,,0,100,,1370,25,,,0,100,,1371,25,,,0
201,'5326',718,,1372,25,,,0,100,,1373,25,,,0,100,,1374,25,,,0,100,,1375,25,,,0,100,,1376,25,,,0,100,,1377,25,,,0,100,,1378,25,,,0,100,,1379,25,,,0,100,,1380,25,,,0,100,,1381,25,,,0,100,,1382,25,,,0,100,,1384,7,,,0
201,'5328',818,,1385,25,,,0,100,,1386,25,,,0,100,,1388,25,,,0,100,,1387,25,,,0,100,,1389,25,,,0,100,,1390,25,,,0,100,,1391,25,,,0,100,,1392,25,,,0,100,,1393,25,,,0,100,,1394,25,,,0,100,,1395,25,,,0
1501,'4833',1945,,1979,7,,,0,164,,1981,7,,,0
1501,'5323',1945,,1983,7,,,0,164,,1985,7,,,0
1501,'5325',1945,,1986,7,,,0,164,,1989,7,,,0
1501,'5326',1945,,1991,7,,,0,164,,1993,7,,,0
1501,'5328',1945,,1994,7,,,0,164,,1997,7,,,0
