201,'4833',728,,1335,35,,,0,100,,1336,35,,,0,100,,1337,35,,,0,100,,1338,35,,,0,100,,1339,35,,,0,100,,1340,35,,,0,100,,1341,35,,,0,100,,1342,35,,,0,100,,1343,35,,,0,100,,1344,35,,,0,100,,1345,35,,,0,100,,2121,17,,,0
201,'5323',728,,1348,35,,,0,100,,1349,35,,,0,100,,1350,35,,,0,100,,1351,35,,,0,100,,1352,35,,,0,100,,1353,35,,,0,100,,1354,35,,,0,100,,1355,35,,,0,100,,1356,35,,,0,100,,1357,35,,,0,100,,1358,35,,,0,100,,2122,17,,,0
201,'5325',828,,1361,35,,,0,100,,1362,35,,,0,100,,1363,35,,,0,100,,1364,35,,,0,100,,1365,35,,,0,100,,1366,35,,,0,100,,1367,35,,,0,100,,1368,35,,,0,100,,1369,35,,,0,100,,1370,35,,,0,100,,1371,35,,,0
201,'5326',728,,1372,35,,,0,100,,1373,35,,,0,100,,1374,35,,,0,100,,1375,35,,,0,100,,1376,35,,,0,100,,1377,35,,,0,100,,1378,35,,,0,100,,1379,35,,,0,100,,1380,35,,,0,100,,1381,35,,,0,100,,1382,35,,,0,100,,2123,17,,,0
201,'5328',828,,1385,35,,,0,100,,1386,35,,,0,100,,1388,35,,,0,100,,1387,35,,,0,100,,1389,35,,,0,100,,1390,35,,,0,100,,1391,35,,,0,100,,1392,35,,,0,100,,1393,35,,,0,100,,1394,35,,,0,100,,1395,35,,,0
401,'4833',657,,1587,15,,,0,100,,1588,28,,,0,100,,1589,28,,,0,100,,1590,28,,,0,100,,1591,28,,,0,100,,1592,28,,,0,100,,1593,28,,,0,100,,1585,28,,,0,100,,1586,28,,,0,100,,1584,28,,,0,100,,1583,28,,,0,100,,1582,28,,,0
401,'5323',657,,1600,15,,,0,100,,1601,28,,,0,100,,1602,28,,,0,100,,1603,28,,,0,100,,1604,28,,,0,100,,1605,28,,,0,100,,1606,28,,,0,100,,1598,28,,,0,100,,1599,28,,,0,100,,1597,28,,,0,100,,1596,28,,,0,100,,1595,28,,,0
401,'5325',857,,1607,28,,,0,100,,1609,28,,,0,100,,1610,28,,,0,100,,1608,28,,,0,100,,1612,28,,,0,100,,1611,28,,,0,100,,1613,28,,,0,100,,1614,28,,,0,100,,1615,28,,,0,100,,1616,28,,,0
401,'5326',657,,1624,15,,,0,100,,1625,28,,,0,100,,1626,28,,,0,100,,1627,28,,,0,100,,1628,28,,,0,100,,1629,28,,,0,100,,1630,28,,,0,100,,1622,28,,,0,100,,1623,28,,,0,100,,1621,28,,,0,100,,1620,28,,,0,100,,1619,28,,,0
401,'5328',857,,1631,28,,,0,100,,1633,28,,,0,100,,1635,28,,,0,100,,1632,28,,,0,100,,1636,28,,,0,100,,1634,28,,,0,100,,1637,28,,,0,100,,1638,28,,,0,100,,1639,28,,,0,100,,1640,28,,,0
1501,'4833',1951,,1979,17,,,0,164,,1981,17,,,0
1501,'5323',1951,,1983,17,,,0,164,,1985,17,,,0
1501,'5325',1951,,1986,17,,,0,164,,1989,17,,,0
1501,'5326',1951,,1991,17,,,0,164,,1993,17,,,0
1501,'5328',1951,,1994,17,,,0,164,,1997,17,,,0
7001,'5323',1819,,2116,27,,,0
7001,'5326',1819,,2120,27,,,0
