100,'4833',616,,1157,1,,,0,100,,1158,1,,,0,200,,1160,1,,,0,100,,1161,1,,,0,100,,1162,1,,,0,100,,1163,1,,,0,100,,1164,1,,,0,100,,1165,1,,,0,100,,1166,1,,,0,100,,1167,1,,,0,100,,1168,1,,,0,100,,1169,1,0,5 6,0
100,'5323',616,,1170,1,,,0,100,,1171,1,,,0,200,,1173,1,,,0,100,,1174,1,,,0,100,,1175,1,,,0,100,,1176,1,,,0,100,,1177,1,,,0,100,,1178,1,,,0,100,,1179,1,,,0,100,,1180,1,,,0,100,,1181,1,,,0,100,,1182,1,0,5 6,0
100,'5325',916,,1185,1,,,0,100,,1190,1,,,0,100,,1193,1,,,0,100,,1186,1,,,0,100,,1184,1,,,0,100,,1188,1,,,0,100,,1189,1,,,0,100,,1187,1,,,0,100,,1192,1,,,0,100,,1191,1,0,5 6,0
100,'5326',616,,1194,1,,,0,100,,1195,1,,,0,200,,1197,1,,,0,100,,1198,1,,,0,100,,1199,1,,,0,100,,1200,1,,,0,100,,1201,1,,,0,100,,1202,1,,,0,100,,1203,1,,,0,100,,1204,1,,,0,100,,1205,1,,,0,100,,1206,1,0,5 6,0
100,'5328',916,,1210,1,,,0,100,,1214,1,,,0,100,,1217,1,,,0,100,,1209,1,,,0,100,,1208,1,,,0,100,,1212,1,,,0,100,,1213,1,,,0,100,,1211,1,,,0,100,,1216,1,,,0,100,,1215,1,0,5 6,0
101,'4833',616,,1218,5,4,,0,100,,1219,28,4,,0,200,,1221,28,4,,0,100,,1222,28,4,,0,100,,1224,28,4,,0,100,,1223,28,4,,0,100,,1226,28,4,,0,100,,1225,28,4,,0,100,,1227,28,4,,0,100,,1228,28,4,,0,100,,1229,28,4,,0,100,,1230,28,4,,0
101,'5323',616,,1231,5,4,,0,100,,1232,28,4,,0,200,,1234,28,4,,0,100,,1235,28,4,,0,100,,1237,28,4,,0,100,,1236,28,4,,0,100,,1239,28,4,,0,100,,1238,28,4,,0,100,,1240,28,4,,0,100,,1241,28,4,,0,100,,1242,28,4,,0,100,,1243,28,4,,0
101,'5325',916,,1248,28,4,,0,100,,1250,28,4,,0,100,,1244,28,4,,0,100,,1246,28,4,,0,100,,1249,28,4,,0,100,,1247,28,4,,0,100,,1251,28,4,,0,100,,1245,28,4,,0,100,,1252,28,4,,0,100,,1253,28,4,,0
101,'5326',616,,1255,5,4,,0,100,,1256,28,4,,0,200,,1258,28,4,,0,100,,1259,28,4,,0,100,,1261,28,4,,0,100,,1260,28,4,,0,100,,1263,28,4,,0,100,,1262,28,4,,0,100,,1264,28,4,,0,100,,1265,28,4,,0,100,,1266,28,4,,0,100,,1267,28,4,,0
101,'5328',916,,1272,28,4,,0,100,,1274,28,4,,0,100,,1268,28,4,,0,100,,1270,28,4,,0,100,,1273,28,4,,0,100,,1271,28,4,,0,100,,1275,28,4,,0,100,,1269,28,4,,0,100,,1276,28,4,,0,100,,1277,28,4,,0
501,'4833',705,,1768,17,,,0,30,,1778,17,,,0,70,,1769,19,,,0,30,,1790,19,,,0,70,,1771,19,,,0,30,,1779,19,,,0,70,,1772,19,,,0,30,,1780,19,,,0,70,,1773,19,,,0,30,,1781,19,,,0,70,,1770,19,,,0,30,,1782,19,,,0,70,,1775,19,,,0,30,,1783,19,,,0,70,,1774,19,,,0,30,,1784,19,,,0,70,,1776,19,,,0,30,,1791,19,,,0,70,,1777,19,,,0,30,,1789,19,,,0,70,,1785,19,,,0,30,,1786,19,,,0,70,,1787,19,,,0,30,,1788,19,,,0
501,'5322',1235,,1792,19,,,0,100,,1793,19,,,0,100,,1794,19,,,0,100,,1795,19,,,0
501,'5323',705,,1796,17,,,0,30,,1806,17,,,0,70,,1797,19,,,0,30,,1818,19,,,0,70,,1799,19,,,0,30,,1807,19,,,0,70,,1800,19,,,0,30,,1808,19,,,0,70,,1801,19,,,0,30,,1809,19,,,0,70,,1798,19,,,0,30,,1810,19,,,0,70,,1803,19,,,0,30,,1811,19,,,0,70,,1802,19,,,0,30,,1812,19,,,0,70,,1804,19,,,0,30,,1819,19,,,0,70,,1805,19,,,0,30,,1817,19,,,0,70,,1813,19,,,0,30,,1814,19,,,0,70,,1815,19,,,0,30,,1816,19,,,0
501,'5325',905,,1825,17,,,0,30,,1836,17,,,0,70,,1827,19,,,0,30,,1837,19,,,0,70,,1828,19,,,0,30,,1833,19,,,0,70,,1824,19,,,0,30,,1834,19,,,0,70,,1829,19,,,0,30,,1835,19,,,0,70,,1820,19,,,0,30,,1838,19,,,0,70,,1821,19,,,0,30,,1839,19,,,0,70,,1822,19,,,0,30,,1830,19,,,0,70,,1823,19,,,0,30,,1831,19,,,0,70,,1826,19,,,0,30,,1832,19,,,0
501,'5326',705,,1840,17,,,0,30,,1850,17,,,0,70,,1841,19,,,0,30,,1862,19,,,0,70,,1843,19,,,0,30,,1851,19,,,0,70,,1844,19,,,0,30,,1852,19,,,0,70,,1845,19,,,0,30,,1853,19,,,0,70,,1842,19,,,0,30,,1854,19,,,0,70,,1847,19,,,0,30,,1855,19,,,0,70,,1846,19,,,0,30,,1856,19,,,0,70,,1848,19,,,0,30,,1863,19,,,0,70,,1849,19,,,0,30,,1861,19,,,0,70,,1857,19,,,0,30,,1858,19,,,0,70,,1859,19,,,0,30,,1860,19,,,0,70,,1866,19,,,0,100,,1867,19,,,0,100,,1868,19,,,0,100,,1869,19,,,0,100,,1864,19,,,0
501,'5328',905,,1875,17,,,0,30,,1886,17,,,0,70,,1877,19,,,0,30,,1887,19,,,0,70,,1878,19,,,0,30,,1883,19,,,0,70,,1874,19,,,0,30,,1884,19,,,0,70,,1879,19,,,0,30,,1885,19,,,0,70,,1870,19,,,0,30,,1888,19,,,0,70,,1871,19,,,0,30,,1889,19,,,0,70,,1872,19,,,0,30,,1880,19,,,0,70,,1873,19,,,0,30,,1881,19,,,0,70,,1876,19,,,0,30,,1882,19,,,0,70,,1892,19,,,0,100,,1893,19,,,0,100,,1894,19,,,0,100,,1895,19,,,0,100,,1891,19,,,0
1500,'4833',1913,,1941,16,4,,0,43,,1943,1,,,0,81,,1942,42,4,,0,83,,1944,1,,,0,80,,1945,42,4,,0,5,,1946,1,,,0,40,,1947,42,4,,0
1500,'5323',1913,,1949,16,4,,0,43,,1951,1,,,0,81,,1950,42,4,,0,83,,1952,1,,,0,80,,1953,42,4,,0,5,,1954,1,,,0,40,,1955,42,4,,0
1500,'5325',1913,,1956,42,4,,0,43,,1957,1,,,0,81,,1958,42,4,,0,83,,1960,1,,,0,80,,1961,42,4,,0,5,,1959,1,,,0,40,,1962,42,4,,0
1500,'5326',1913,,1964,16,4,,0,43,,1966,1,,,0,81,,1965,42,4,,0,83,,1967,1,,,0,80,,1968,42,4,,0,5,,1969,1,,,0,40,,1970,42,4,,0
1500,'5328',1913,,1971,42,4,,0,43,,1972,1,,,0,81,,1973,42,4,,0,83,,1975,1,,,0,80,,1976,42,4,,0,5,,1974,1,,,0,40,,1977,42,4,,0
1501,'4833',1914,,1978,1,0,7,0,42,,1979,22,4,,0,82,,1980,1,0,7,0,82,,1981,22,4,,0
1501,'5323',1914,,1982,1,0,7,0,42,,1983,22,4,,0,82,,1984,1,0,7,0,82,,1985,22,4,,0
1501,'5325',1914,,1987,1,0,7,0,42,,1986,22,4,,0,82,,1988,1,0,7,0,82,,1989,22,4,,0
1501,'5326',1914,,1990,1,0,7,0,42,,1991,22,4,,0,82,,1992,1,0,7,0,82,,1993,22,4,,0
1501,'5328',1914,,1995,1,0,7,0,42,,1994,22,4,,0,82,,1996,1,0,7,0,82,,1997,22,4,,0
4001,'5323',1006,,2093,20,,,0,604,,2094,20,,,0
4001,'5326',1006,,2095,20,,,0,604,,2096,20,,,0
5001,'5324',1250,,2103,4,,,0
5001,'5327',1250,,2104,4,,,0
7001,'5323',1822,,2116,31,,,0
7001,'5326',1822,,2120,31,,,0
