101,'4833',703,,1219,16,,,0,100,,1220,16,,,0,100,,1221,16,,,0,100,,1222,16,,,0,100,,1224,16,,,0,100,,1223,16,,,0,100,,1226,16,,,0,100,,1225,16,,,0,100,,1227,16,,,0,100,,1228,16,,,0,100,,1229,16,,,0,100,,1230,16,,,0
101,'5323',703,,1232,16,,,0,100,,1233,16,,,0,100,,1234,16,,,0,100,,1235,16,,,0,100,,1237,16,,,0,100,,1236,16,,,0,100,,1239,16,,,0,100,,1238,16,,,0,100,,1240,16,,,0,100,,1241,16,,,0,100,,1242,16,,,0,100,,1243,16,,,0
101,'5325',903,,1248,16,,,0,100,,1250,16,,,0,100,,1244,16,,,0,100,,1246,16,,,0,100,,1249,16,,,0,100,,1247,16,,,0,100,,1251,16,,,0,100,,1245,16,,,0,100,,1252,16,,,0,100,,1253,16,,,0
101,'5326',703,,1256,16,,,0,100,,1257,16,,,0,100,,1258,16,,,0,100,,1259,16,,,0,100,,1261,16,,,0,100,,1260,16,,,0,100,,1263,16,,,0,100,,1262,16,,,0,100,,1264,16,,,0,100,,1265,16,,,0,100,,1266,16,,,0,100,,1267,16,,,0
101,'5328',903,,1272,16,,,0,100,,1274,16,,,0,100,,1268,16,,,0,100,,1270,16,,,0,100,,1273,16,,,0,100,,1271,16,,,0,100,,1275,16,,,0,100,,1269,16,,,0,100,,1276,16,,,0,100,,1277,16,,,0
301,'4833',633,,1457,8,,,0,100,,1458,18,,,0,100,,1459,11,,,0,100,,1460,18,,,0,100,,1461,18,,,0,100,,1462,18,,,0,100,,1463,18,,,0,100,,1464,18,,,0,100,,1465,18,,,0,100,,1466,18,,,0,100,,1467,18,,,0,100,,1468,18,,,0
301,'5323',633,,1470,8,,,0,100,,1471,18,,,0,100,,1472,11,,,0,100,,1473,18,,,0,100,,1474,18,,,0,100,,1475,18,,,0,100,,1476,18,,,0,100,,1477,18,,,0,100,,1478,18,,,0,100,,1479,18,,,0,100,,1480,18,,,0,100,,1481,18,,,0
301,'5325',833,,1485,11,,,0,100,,1483,18,,,0,100,,1486,18,,,0,100,,1484,18,,,0,100,,1487,18,,,0,100,,1488,18,,,0,100,,1489,18,,,0,100,,1490,18,,,0,100,,1491,18,,,0,100,,1493,18,,,0
301,'5326',633,,1494,8,,,0,100,,1495,18,,,0,100,,1496,11,,,0,100,,1497,18,,,0,100,,1498,18,,,0,100,,1499,18,,,0,100,,1500,18,,,0,100,,1501,18,,,0,100,,1502,18,,,0,100,,1503,18,,,0,100,,1504,18,,,0,100,,1505,18,,,0
301,'5328',833,,1509,11,,,0,100,,1507,18,,,0,100,,1510,18,,,0,100,,1508,18,,,0,100,,1511,18,,,0,100,,1512,18,,,0,100,,1513,18,,,0,100,,1514,18,,,0,100,,1515,18,,,0,100,,1517,18,,,0
1500,'4833',1852,,1940,8,0,14 15,0,164,,1942,8,0,13,0,124,,1945,8,0,13,0,85,,1947,8,0,13,0
1500,'5323',1852,,1948,8,0,14 15,0,164,,1950,8,0,13,0,124,,1953,8,0,13,0,85,,1955,8,0,13,0
1500,'5325',1852,,1956,8,0,13,0,164,,1958,8,0,13,0,124,,1961,8,0,13,0,85,,1962,8,0,13,0
1500,'5326',1852,,1963,8,0,14 15,0,164,,1965,8,0,13,0,124,,1968,8,0,13,0,85,,1970,8,0,13,0
1500,'5328',1852,,1971,8,0,13,0,164,,1973,8,0,13,0,124,,1976,8,0,13,0,85,,1977,8,0,13,0
7001,'5323',848,,2113,21,0,14 15,0,296,,2114,19,0,14 15,0,365,,2115,21,0,14 15,0,305,,2116,19,,,0
7001,'5326',848,,2117,21,0,14 15,0,296,,2118,19,0,14 15,0,365,,2119,21,0,14 15,0,305,,2120,19,,,0
