300,'4833',821,,1397,39,4,,0
300,'5323',821,,1410,39,4,,0
300,'5325',821,,1423,33,4,,0
300,'5326',821,,1434,39,4,,0
300,'5328',821,,1447,33,4,,0
301,'4833',721,,1458,8,,,0,100,,1459,1,,,0,100,,1460,8,,,0,100,,1461,8,,,0,100,,1462,8,,,0,100,,1463,8,,,0,100,,1464,8,,,0,100,,1465,8,,,0,100,,1466,8,,,0,100,,1467,8,,,0,100,,1468,8,,,0,99,,1469,8,0,7 6,0
301,'5323',721,,1471,8,,,0,100,,1472,1,,,0,100,,1473,8,,,0,100,,1474,8,,,0,100,,1475,8,,,0,100,,1476,8,,,0,100,,1477,8,,,0,100,,1478,8,,,0,100,,1479,8,,,0,100,,1480,8,,,0,100,,1481,8,,,0,99,,1482,8,0,7 6,0
301,'5325',821,,1485,1,,,0,100,,1483,8,,,0,100,,1486,8,,,0,100,,1484,8,,,0,100,,1487,8,,,0,100,,1488,8,,,0,100,,1489,8,,,0,100,,1490,8,,,0,100,,1491,8,,,0,100,,1493,8,,,0,99,,1492,8,0,7 6,0
301,'5326',721,,1495,8,,,0,100,,1496,1,,,0,100,,1497,8,,,0,100,,1498,8,,,0,100,,1499,8,,,0,100,,1500,8,,,0,100,,1501,8,,,0,100,,1502,8,,,0,100,,1503,8,,,0,100,,1504,8,,,0,100,,1505,8,,,0,99,,1506,8,0,7 6,0
301,'5328',821,,1509,1,,,0,100,,1507,8,,,0,100,,1510,8,,,0,100,,1508,8,,,0,100,,1511,8,,,0,100,,1512,8,,,0,100,,1513,8,,,0,100,,1514,8,,,0,100,,1515,8,,,0,100,,1517,8,,,0,99,,1516,8,0,7 6,0
1601,'5322',925,,2009,8,,,0,100,,2011,8,,,0,100,,2010,8,,,0,100,,2012,8,,,0,100,,2014,8,,,0,100,,2013,8,,,0,100,,2016,8,,,0,100,,2015,8,,,0,100,,2018,8,,,0,100,,2017,8,,,0
