101,'4833',706,,1219,21,,,0,100,,1220,21,,,0,100,,1221,21,,,0,100,,1222,21,,,0,100,,1224,21,,,0,100,,1223,21,,,0,100,,1226,21,,,0,100,,1225,21,,,0,100,,1227,21,,,0,100,,1228,21,,,0,100,,1229,21,,,0,100,,1230,21,,,0
101,'5323',706,,1232,21,,,0,100,,1233,21,,,0,100,,1234,21,,,0,100,,1235,21,,,0,100,,1237,21,,,0,100,,1236,21,,,0,100,,1239,21,,,0,100,,1238,21,,,0,100,,1240,21,,,0,100,,1241,21,,,0,100,,1242,21,,,0,100,,1243,21,,,0
101,'5325',906,,1248,21,,,0,100,,1250,21,,,0,100,,1244,21,,,0,100,,1246,21,,,0,100,,1249,21,,,0,100,,1247,21,,,0,100,,1251,21,,,0,100,,1245,21,,,0,100,,1252,21,,,0,100,,1253,21,,,0
101,'5326',706,,1256,21,,,0,100,,1257,21,,,0,100,,1258,21,,,0,100,,1259,21,,,0,100,,1261,21,,,0,100,,1260,21,,,0,100,,1263,21,,,0,100,,1262,21,,,0,100,,1264,21,,,0,100,,1265,21,,,0,100,,1266,21,,,0,100,,1267,21,,,0
101,'5328',906,,1272,21,,,0,100,,1274,21,,,0,100,,1268,21,,,0,100,,1270,21,,,0,100,,1273,21,,,0,100,,1271,21,,,0,100,,1275,21,,,0,100,,1269,21,,,0,100,,1276,21,,,0,100,,1277,21,,,0
301,'4833',636,,1457,13,,,0,100,,1458,23,,,0,100,,1459,16,,,0,100,,1460,23,,,0,100,,1461,23,,,0,100,,1462,23,,,0,100,,1463,23,,,0,100,,1464,23,,,0,100,,1465,23,,,0,100,,1466,23,,,0,100,,1467,23,,,0,100,,1468,23,,,0
301,'5323',636,,1470,13,,,0,100,,1471,23,,,0,100,,1472,16,,,0,100,,1473,23,,,0,100,,1474,23,,,0,100,,1475,23,,,0,100,,1476,23,,,0,100,,1477,23,,,0,100,,1478,23,,,0,100,,1479,23,,,0,100,,1480,23,,,0,100,,1481,23,,,0
301,'5325',836,,1485,16,,,0,100,,1483,23,,,0,100,,1486,23,,,0,100,,1484,23,,,0,100,,1487,23,,,0,100,,1488,23,,,0,100,,1489,23,,,0,100,,1490,23,,,0,100,,1491,23,,,0,100,,1493,23,,,0
301,'5326',636,,1494,13,,,0,100,,1495,23,,,0,100,,1496,16,,,0,100,,1497,23,,,0,100,,1498,23,,,0,100,,1499,23,,,0,100,,1500,23,,,0,100,,1501,23,,,0,100,,1502,23,,,0,100,,1503,23,,,0,100,,1504,23,,,0,100,,1505,23,,,0
301,'5328',836,,1509,16,,,0,100,,1507,23,,,0,100,,1510,23,,,0,100,,1508,23,,,0,100,,1511,23,,,0,100,,1512,23,,,0,100,,1513,23,,,0,100,,1514,23,,,0,100,,1515,23,,,0,100,,1517,23,,,0
3001,'5323',756,,2069,22,,,0,350,,2070,20,,,0,145,,2073,20,,,0,295,,2071,22,,,0,170,,2072,20,,,0
3001,'5325',856,,2074,22,,,0,250,,2075,20,,,0,145,,2076,20,,,0,295,,2077,22,,,0,170,,2078,20,,,0
3001,'5326',756,,2079,22,,,0,350,,2080,20,,,0,145,,2083,20,,,0,295,,2081,22,,,0,170,,2082,20,,,0
3001,'5328',856,,2084,22,,,0,250,,2085,20,,,0,145,,2086,20,,,0,295,,2087,22,,,0,170,,2088,20,,,0
4001,'5323',957,,2093,15,,,0,644,,2094,15,,,0
4001,'5326',957,,2095,15,,,0,644,,2096,15,,,0
