200,'4833',645,,1279,19,,,0,100,,1280,19,,,0,100,,1281,19,,,0,100,,1282,19,,,0,100,,1283,19,,,0,100,,1284,19,,,0,100,,1285,19,,,0,100,,1286,19,,,0,100,,1287,19,,,0,100,,1288,19,,,0,100,,1289,19,,,0,100,,1290,19,,,0
200,'5323',645,,1291,19,,,0,100,,1292,19,,,0,100,,1293,19,,,0,100,,1294,19,,,0,100,,1295,19,,,0,100,,1296,19,,,0,100,,1297,19,,,0,100,,1298,19,,,0,100,,1299,19,,,0,100,,1300,19,,,0,100,,1301,19,,,0,100,,1302,19,,,0
200,'5325',845,,1303,19,,,0,100,,1304,19,,,0,100,,1305,19,,,0,100,,1306,19,,,0,100,,1307,19,,,0,100,,1308,19,,,0,100,,1309,19,,,0,100,,1310,19,,,0,100,,1311,19,,,0,100,,1312,19,,,0
200,'5326',645,,1313,19,,,0,100,,1314,19,,,0,100,,1315,19,,,0,100,,1316,19,,,0,100,,1317,19,,,0,100,,1318,19,,,0,100,,1319,19,,,0,100,,1320,19,,,0,100,,1321,19,,,0,100,,1322,19,,,0,100,,1323,19,,,0,100,,1324,19,,,0
200,'5328',845,,1325,19,,,0,100,,1326,19,,,0,100,,1327,19,,,0,100,,1328,19,,,0,100,,1329,19,,,0,100,,1330,19,,,0,100,,1331,19,,,0,100,,1332,19,,,0,100,,1333,19,,,0,100,,1334,19,,,0
501,'4833',648,,1768,2,,,0,70,,1778,2,,,0,30,,1769,4,,,0,70,,1790,4,,,0,30,,1771,4,,,0,70,,1779,4,,,0,30,,1772,4,,,0,70,,1780,4,,,0,30,,1773,4,,,0,70,,1781,4,,,0,30,,1770,4,,,0,70,,1782,4,,,0,30,,1775,4,,,0,70,,1783,4,,,0,30,,1774,4,,,0,70,,1784,4,,,0,30,,1776,4,,,0,70,,1791,4,,,0,30,,1777,4,,,0,70,,1789,4,,,0,30,,1785,4,,,0,70,,1786,4,,,0,30,,1787,4,,,0,70,,1788,4,,,0
501,'5322',1218,,1792,4,,,0,100,,1793,4,,,0,100,,1794,4,,,0,100,,1795,4,,,0
501,'5323',648,,1796,2,,,0,70,,1806,2,,,0,30,,1797,4,,,0,70,,1818,4,,,0,30,,1799,4,,,0,70,,1807,4,,,0,30,,1800,4,,,0,70,,1808,4,,,0,30,,1801,4,,,0,70,,1809,4,,,0,30,,1798,4,,,0,70,,1810,4,,,0,30,,1803,4,,,0,70,,1811,4,,,0,30,,1802,4,,,0,70,,1812,4,,,0,30,,1804,4,,,0,70,,1819,4,,,0,30,,1805,4,,,0,70,,1817,4,,,0,30,,1813,4,,,0,70,,1814,4,,,0,30,,1815,4,,,0,70,,1816,4,,,0
501,'5325',848,,1825,2,,,0,70,,1836,2,,,0,30,,1827,4,,,0,70,,1837,4,,,0,30,,1828,4,,,0,70,,1833,4,,,0,30,,1824,4,,,0,70,,1834,4,,,0,30,,1829,4,,,0,70,,1835,4,,,0,30,,1820,4,,,0,70,,1838,4,,,0,30,,1821,4,,,0,70,,1839,4,,,0,30,,1822,4,,,0,70,,1830,4,,,0,30,,1823,4,,,0,70,,1831,4,,,0,30,,1826,4,,,0,70,,1832,4,,,0
501,'5326',648,,1840,2,,,0,70,,1850,2,,,0,30,,1841,4,,,0,70,,1862,4,,,0,30,,1843,4,,,0,70,,1851,4,,,0,30,,1844,4,,,0,70,,1852,4,,,0,30,,1845,4,,,0,70,,1853,4,,,0,30,,1842,4,,,0,70,,1854,4,,,0,30,,1847,4,,,0,70,,1855,4,,,0,30,,1846,4,,,0,70,,1856,4,,,0,30,,1848,4,,,0,70,,1863,4,,,0,30,,1849,4,,,0,70,,1861,4,,,0,30,,1857,4,,,0,70,,1858,4,,,0,30,,1859,4,,,0,70,,1860,4,,,0,30,,1866,4,,,0,100,,1867,4,,,0,100,,1868,4,,,0,100,,1869,4,,,0,100,,1864,4,,,0,100,,1865,4,0,21,0
501,'5328',848,,1875,2,,,0,70,,1886,2,,,0,30,,1877,4,,,0,70,,1887,4,,,0,30,,1878,4,,,0,70,,1883,4,,,0,30,,1874,4,,,0,70,,1884,4,,,0,30,,1879,4,,,0,70,,1885,4,,,0,30,,1870,4,,,0,70,,1888,4,,,0,30,,1871,4,,,0,70,,1889,4,,,0,30,,1872,4,,,0,70,,1880,4,,,0,30,,1873,4,,,0,70,,1881,4,,,0,30,,1876,4,,,0,70,,1882,4,,,0,30,,1892,4,,,0,100,,1893,4,,,0,100,,1894,4,,,0,100,,1895,4,,,0,100,,1891,4,,,0,100,,1890,4,0,21,0
1001,'5323',748,,1912,18,,,0,164,,1913,18,,,0,123,,1916,18,,,0,311,,1914,18,,,0,403,,1915,18,,,0
1001,'5325',912,,1917,18,,,0,434,,1919,18,,,0,403,,1918,18,,,0
1001,'5326',748,,1920,18,,,0,164,,1921,18,,,0,123,,1924,18,,,0,311,,1922,18,,,0,403,,1923,18,,,0
1001,'5328',912,,1925,18,,,0,434,,1927,18,,,0,403,,1926,18,,,0
1601,'5322',929,,2009,12,,,0,100,,2011,12,,,0,100,,2010,12,,,0,100,,2012,12,,,0,100,,2014,12,,,0,100,,2013,12,,,0,100,,2016,12,,,0,100,,2015,12,,,0,100,,2018,12,,,0,100,,2017,12,,,0
