201,'4833',724,,1335,32,,,0,100,,1336,32,,,0,100,,1337,32,,,0,100,,1338,32,,,0,100,,1339,32,,,0,100,,1340,32,,,0,100,,1341,32,,,0,100,,1342,32,,,0,100,,1343,32,,,0,100,,1344,32,,,0,100,,1345,32,,,0,100,,2121,14,,,0
201,'5323',724,,1348,32,,,0,100,,1349,32,,,0,100,,1350,32,,,0,100,,1351,32,,,0,100,,1352,32,,,0,100,,1353,32,,,0,100,,1354,32,,,0,100,,1355,32,,,0,100,,1356,32,,,0,100,,1357,32,,,0,100,,1358,32,,,0,100,,2122,14,,,0
201,'5325',824,,1361,32,,,0,100,,1362,32,,,0,100,,1363,32,,,0,100,,1364,32,,,0,100,,1365,32,,,0,100,,1366,32,,,0,100,,1367,32,,,0,100,,1368,32,,,0,100,,1369,32,,,0,100,,1370,32,,,0,100,,1371,32,,,0
201,'5326',724,,1372,32,,,0,100,,1373,32,,,0,100,,1374,32,,,0,100,,1375,32,,,0,100,,1376,32,,,0,100,,1377,32,,,0,100,,1378,32,,,0,100,,1379,32,,,0,100,,1380,32,,,0,100,,1381,32,,,0,100,,1382,32,,,0,100,,2123,14,,,0
201,'5328',824,,1385,32,,,0,100,,1386,32,,,0,100,,1388,32,,,0,100,,1387,32,,,0,100,,1389,32,,,0,100,,1390,32,,,0,100,,1391,32,,,0,100,,1392,32,,,0,100,,1393,32,,,0,100,,1394,32,,,0,100,,1395,32,,,0
401,'4833',650,,1587,12,,,0,100,,1588,25,,,0,100,,1589,25,,,0,100,,1590,25,,,0,100,,1591,25,,,0,100,,1592,25,,,0,100,,1593,25,,,0,100,,1585,25,,,0,100,,1586,25,,,0,100,,1584,25,,,0,100,,1583,25,,,0,100,,1582,25,,,0
401,'5323',650,,1600,12,,,0,100,,1601,25,,,0,100,,1602,25,,,0,100,,1603,25,,,0,100,,1604,25,,,0,100,,1605,25,,,0,100,,1606,25,,,0,100,,1598,25,,,0,100,,1599,25,,,0,100,,1597,25,,,0,100,,1596,25,,,0,100,,1595,25,,,0
401,'5325',850,,1607,25,,,0,100,,1609,25,,,0,100,,1610,25,,,0,100,,1608,25,,,0,100,,1612,25,,,0,100,,1611,25,,,0,100,,1613,25,,,0,100,,1614,25,,,0,100,,1615,25,,,0,100,,1616,25,,,0
401,'5326',650,,1624,12,,,0,100,,1625,25,,,0,100,,1626,25,,,0,100,,1627,25,,,0,100,,1628,25,,,0,100,,1629,25,,,0,100,,1630,25,,,0,100,,1622,25,,,0,100,,1623,25,,,0,100,,1621,25,,,0,100,,1620,25,,,0,100,,1619,25,,,0
401,'5328',850,,1631,25,,,0,100,,1633,25,,,0,100,,1635,25,,,0,100,,1632,25,,,0,100,,1636,25,,,0,100,,1634,25,,,0,100,,1637,25,,,0,100,,1638,25,,,0,100,,1639,25,,,0,100,,1640,25,,,0
1100,'5323',1000,,1928,14,,,0,308,,1929,14,,,0
1100,'5326',1000,,1931,14,,,0,308,,1932,14,,,0
1501,'4833',1949,,1979,14,,,0,164,,1981,14,,,0
1501,'5323',1949,,1983,14,,,0,164,,1985,14,,,0
1501,'5325',1949,,1986,14,,,0,164,,1989,14,,,0
1501,'5326',1949,,1991,14,,,0,164,,1993,14,,,0
1501,'5328',1949,,1994,14,,,0,164,,1997,14,,,0
7001,'5323',854,,2113,26,0,14 15,0,296,,2114,24,0,14 15,0,365,,2115,26,0,14 15,0,302,,2116,24,,,0
7001,'5326',854,,2117,26,0,14 15,0,296,,2118,24,0,14 15,0,365,,2119,26,0,14 15,0,302,,2120,24,,,0
