201,'4833',704,,1335,15,,,0,100,,1336,15,,,0,100,,1337,15,,,0,100,,1338,15,,,0,100,,1339,15,,,0,100,,1340,15,,,0,100,,1341,15,,,0,100,,1342,15,,,0,100,,1343,15,,,0,100,,1344,15,,,0,100,,1345,15,,,0,100,,1346,15,0,7 6,0
201,'5323',704,,1348,15,,,0,100,,1349,15,,,0,100,,1350,15,,,0,100,,1351,15,,,0,100,,1352,15,,,0,100,,1353,15,,,0,100,,1354,15,,,0,100,,1355,15,,,0,100,,1356,15,,,0,100,,1357,15,,,0,100,,1358,15,,,0,100,,1359,15,0,7 6,0
201,'5325',804,,1361,15,,,0,100,,1362,15,,,0,100,,1363,15,,,0,100,,1364,15,,,0,100,,1365,15,,,0,100,,1366,15,,,0,100,,1367,15,,,0,100,,1368,15,,,0,100,,1369,15,,,0,100,,1370,15,,,0,100,,1371,15,,,0
201,'5326',704,,1372,15,,,0,100,,1373,15,,,0,100,,1374,15,,,0,100,,1375,15,,,0,100,,1376,15,,,0,100,,1377,15,,,0,100,,1378,15,,,0,100,,1379,15,,,0,100,,1380,15,,,0,100,,1381,15,,,0,100,,1382,15,,,0,100,,1383,15,0,7 6,0
201,'5328',804,,1385,15,,,0,100,,1386,15,,,0,100,,1388,15,,,0,100,,1387,15,,,0,100,,1389,15,,,0,100,,1390,15,,,0,100,,1391,15,,,0,100,,1392,15,,,0,100,,1393,15,,,0,100,,1394,15,,,0,100,,1395,15,,,0
300,'4833',819,,2125,38,0,11 12,0
300,'5323',819,,2137,38,0,11 12,0
300,'5325',819,,2149,32,0,11 12,0
300,'5326',819,,2160,38,0,11 12,0
500,'4833',740,,1642,24,,,0,70,,1664,24,,,0,30,,1644,24,,,0,70,,1662,24,,,0,30,,1645,24,,,0,70,,1652,24,,,0,30,,1646,24,,,0,70,,1653,24,,,0,30,,1643,24,,,0,70,,1654,24,,,0,30,,1648,24,,,0,70,,1655,24,,,0,30,,1647,24,,,0,70,,1656,24,,,0,30,,1649,24,,,0,70,,1659,24,,,0,30,,1650,24,,,0,70,,1665,24,,,0,30,,1651,24,,,0,70,,1663,24,,,0,30,,1657,24,,,0,70,,1658,24,,,0,30,,1660,24,,,0
500,'5322',1310,,1666,24,,,0,100,,1667,24,,,0,100,,1668,24,,,0,100,,1669,24,,,0
500,'5323',740,,1670,24,,,0,70,,1692,24,,,0,30,,1672,24,,,0,70,,1690,24,,,0,30,,1673,24,,,0,70,,1680,24,,,0,30,,1674,24,,,0,70,,1681,24,,,0,30,,1671,24,,,0,70,,1682,24,,,0,30,,1676,24,,,0,70,,1683,24,,,0,30,,1675,24,,,0,70,,1684,24,,,0,30,,1677,24,,,0,70,,1687,24,,,0,30,,1678,24,,,0,70,,1693,24,,,0,30,,1679,24,,,0,70,,1691,24,,,0,30,,1685,24,,,0,70,,1686,24,,,0,30,,1688,24,,,0
500,'5325',940,,1694,24,,,0,70,,1710,24,,,0,30,,1699,24,,,0,70,,1707,24,,,0,30,,1700,24,,,0,70,,1708,24,,,0,30,,1702,24,,,0,70,,1706,24,,,0,30,,1703,24,,,0,70,,1709,24,,,0,30,,1701,24,,,0,70,,1711,24,,,0,30,,1698,24,,,0,70,,1705,24,,,0,30,,1697,24,,,0,70,,1704,24,,,0,30,,1695,24,,,0,70,,1712,24,,,0,30,,1696,24,,,0
500,'5326',740,,1714,24,,,0,70,,1736,24,,,0,30,,1716,24,,,0,70,,1734,24,,,0,30,,1717,24,,,0,70,,1724,24,,,0,30,,1718,24,,,0,70,,1725,24,,,0,30,,1715,24,,,0,70,,1726,24,,,0,30,,1720,24,,,0,70,,1727,24,,,0,30,,1719,24,,,0,70,,1728,24,,,0,30,,1721,24,,,0,70,,1731,24,,,0,30,,1722,24,,,0,70,,1737,24,,,0,30,,1723,24,,,0,70,,1735,24,,,0,30,,1729,24,,,0,70,,1730,24,,,0,30,,1732,24,,,0,100,,1738,24,,,0,100,,1739,24,,,0,100,,1740,24,,,0,100,,1741,24,,,0,100,,1742,24,,,0
500,'5328',940,,1743,24,,,0,70,,1759,24,,,0,30,,1748,24,,,0,70,,1756,24,,,0,30,,1749,24,,,0,70,,1757,24,,,0,30,,1751,24,,,0,70,,1755,24,,,0,30,,1752,24,,,0,70,,1758,24,,,0,30,,1750,24,,,0,70,,1760,24,,,0,30,,1747,24,,,0,70,,1754,24,,,0,30,,1746,24,,,0,70,,1753,24,,,0,30,,1744,24,,,0,70,,1761,24,,,0,30,,1745,24,,,0,100,,1763,24,,,0,100,,1764,24,,,0,100,,1765,24,,,0,100,,1766,24,,,0,100,,1767,24,,,0
