100,'4833',637,,1157,23,,,0,100,,1158,23,,,0,100,,1159,16,,,0,100,,1160,23,,,0,100,,1161,23,,,0,100,,1162,23,,,0,100,,1163,23,,,0,100,,1164,23,,,0,100,,1165,23,,,0,100,,1166,23,,,0,100,,1167,23,,,0,100,,1168,23,,,0
100,'5323',637,,1170,23,,,0,100,,1171,23,,,0,100,,1172,16,,,0,100,,1173,23,,,0,100,,1174,23,,,0,100,,1175,23,,,0,100,,1176,23,,,0,100,,1177,23,,,0,100,,1178,23,,,0,100,,1179,23,,,0,100,,1180,23,,,0,100,,1181,23,,,0
100,'5325',837,,1183,16,,,0,100,,1185,23,,,0,100,,1190,23,,,0,100,,1193,23,,,0,100,,1186,23,,,0,100,,1184,23,,,0,100,,1188,23,,,0,100,,1189,23,,,0,100,,1187,23,,,0,100,,1192,23,,,0
100,'5326',637,,1194,23,,,0,100,,1195,23,,,0,100,,1196,16,,,0,100,,1197,23,,,0,100,,1198,23,,,0,100,,1199,23,,,0,100,,1200,23,,,0,100,,1201,23,,,0,100,,1202,23,,,0,100,,1203,23,,,0,100,,1204,23,,,0,100,,1205,23,,,0
100,'5328',837,,1207,16,,,0,100,,1210,23,,,0,100,,1214,23,,,0,100,,1217,23,,,0,100,,1209,23,,,0,100,,1208,23,,,0,100,,1212,23,,,0,100,,1213,23,,,0,100,,1211,23,,,0,100,,1216,23,,,0
300,'4833',706,,1396,18,,,0,109,,1397,32,0,11 12,0,91,,1398,18,,,0,100,,1399,18,,,0,100,,1401,18,,,0,100,,1400,18,,,0,100,,1402,18,,,0,100,,1403,18,,,0,100,,1404,18,,,0,100,,1405,18,,,0,100,,1406,18,,,0,100,,1407,18,,,0
300,'5323',706,,1409,18,,,0,109,,1410,32,0,11 12,0,91,,1411,18,,,0,100,,1412,18,,,0,100,,1414,18,,,0,100,,1413,18,,,0,100,,1415,18,,,0,100,,1416,18,,,0,100,,1417,18,,,0,100,,1418,18,,,0,100,,1419,18,,,0,100,,1420,18,,,0
300,'5325',815,,1423,26,0,11 12,0,91,,1424,18,,,0,100,,1425,18,,,0,100,,1422,18,,,0,100,,1426,18,,,0,100,,1427,18,,,0,100,,1428,18,,,0,100,,1429,18,,,0,100,,1430,18,,,0,100,,1431,18,,,0,100,,1432,18,,,0
300,'5326',706,,1433,18,,,0,109,,1434,32,0,11 12,0,91,,1435,18,,,0,100,,1436,18,,,0,100,,1438,18,,,0,100,,1437,18,,,0,100,,1439,18,,,0,100,,1440,18,,,0,100,,1441,18,,,0,100,,1442,18,,,0,100,,1443,18,,,0,100,,1444,18,,,0
300,'5328',815,,1447,26,0,11 12,0,91,,1448,18,,,0,100,,1449,18,,,0,100,,1446,18,,,0,100,,1450,18,,,0,100,,1451,18,,,0,100,,1452,18,,,0,100,,1453,18,,,0,100,,1454,18,,,0,100,,1455,18,,,0,100,,1456,18,,,0
1501,'4833',1936,,1978,34,0,7,0,164,,1980,34,0,7,0
1501,'5323',1936,,1982,34,0,7,0,164,,1984,34,0,7,0
1501,'5325',1936,,1987,34,0,7,0,164,,1988,34,0,7,0
1501,'5326',1936,,1990,34,0,7,0,164,,1992,34,0,7,0
1501,'5328',1936,,1995,34,0,7,0,164,,1996,34,0,7,0
1600,'5322',908,,1998,14,,,0,100,,2001,20,,,0,100,,2000,20,,,0,100,,1999,20,,,0,100,,2002,20,,,0,100,,2003,20,,,0,100,,2004,20,,,0,100,,2005,20,,,0,100,,2006,20,,,0,100,,2008,20,,,0
7000,'5323',609,,2105,27,,,0,305,,2106,10,,,0,324,,2107,10,,,0,300,,2108,10,,,0
7000,'5326',609,,2109,27,,,0,305,,2110,10,,,0,324,,2111,10,,,0,300,,2112,10,,,0
