500,'4833',731,,1642,13,,,0,70,,1664,13,,,0,30,,1644,13,,,0,70,,1662,13,,,0,30,,1645,13,,,0,70,,1652,13,,,0,30,,1646,13,,,0,70,,1653,13,,,0,30,,1643,13,,,0,70,,1654,13,,,0,30,,1648,13,,,0,70,,1655,13,,,0,30,,1647,13,,,0,70,,1656,13,,,0,30,,1649,13,,,0,70,,1659,13,,,0,30,,1650,13,,,0,70,,1665,13,,,0,30,,1651,13,,,0,70,,1663,13,,,0,30,,1657,13,,,0,70,,1658,13,,,0,30,,1660,13,,,0
500,'5322',1301,,1666,13,,,0,100,,1667,13,,,0,100,,1668,13,,,0,100,,1669,13,,,0
500,'5323',731,,1670,13,,,0,70,,1692,13,,,0,30,,1672,13,,,0,70,,1690,13,,,0,30,,1673,13,,,0,70,,1680,13,,,0,30,,1674,13,,,0,70,,1681,13,,,0,30,,1671,13,,,0,70,,1682,13,,,0,30,,1676,13,,,0,70,,1683,13,,,0,30,,1675,13,,,0,70,,1684,13,,,0,30,,1677,13,,,0,70,,1687,13,,,0,30,,1678,13,,,0,70,,1693,13,,,0,30,,1679,13,,,0,70,,1691,13,,,0,30,,1685,13,,,0,70,,1686,13,,,0,30,,1688,13,,,0
500,'5325',931,,1694,13,,,0,70,,1710,13,,,0,30,,1699,13,,,0,70,,1707,13,,,0,30,,1700,13,,,0,70,,1708,13,,,0,30,,1702,13,,,0,70,,1706,13,,,0,30,,1703,13,,,0,70,,1709,13,,,0,30,,1701,13,,,0,70,,1711,13,,,0,30,,1698,13,,,0,70,,1705,13,,,0,30,,1697,13,,,0,70,,1704,13,,,0,30,,1695,13,,,0,70,,1712,13,,,0,30,,1696,13,,,0
500,'5326',731,,1714,13,,,0,70,,1736,13,,,0,30,,1716,13,,,0,70,,1734,13,,,0,30,,1717,13,,,0,70,,1724,13,,,0,30,,1718,13,,,0,70,,1725,13,,,0,30,,1715,13,,,0,70,,1726,13,,,0,30,,1720,13,,,0,70,,1727,13,,,0,30,,1719,13,,,0,70,,1728,13,,,0,30,,1721,13,,,0,70,,1731,13,,,0,30,,1722,13,,,0,70,,1737,13,,,0,30,,1723,13,,,0,70,,1735,13,,,0,30,,1729,13,,,0,70,,1730,13,,,0,30,,1732,13,,,0,100,,1738,13,,,0,100,,1739,13,,,0,100,,1740,13,,,0,100,,1741,13,,,0,100,,1742,13,,,0
500,'5328',931,,1743,13,,,0,70,,1759,13,,,0,30,,1748,13,,,0,70,,1756,13,,,0,30,,1749,13,,,0,70,,1757,13,,,0,30,,1751,13,,,0,70,,1755,13,,,0,30,,1752,13,,,0,70,,1758,13,,,0,30,,1750,13,,,0,70,,1760,13,,,0,30,,1747,13,,,0,70,,1754,13,,,0,30,,1746,13,,,0,70,,1753,13,,,0,30,,1744,13,,,0,70,,1761,13,,,0,30,,1745,13,,,0,100,,1763,13,,,0,100,,1764,13,,,0,100,,1765,13,,,0,100,,1766,13,,,0,100,,1767,13,,,0
1501,'4833',1926,,1978,15,0,7,0,124,,1980,15,0,7,0
1501,'5323',1926,,1982,15,0,7,0,124,,1984,15,0,7,0
1501,'5325',1926,,1987,15,0,7,0,124,,1988,15,0,7,0
1501,'5326',1926,,1990,15,0,7,0,124,,1992,15,0,7,0
1501,'5328',1926,,1995,15,0,7,0,124,,1996,15,0,7,0
1600,'5322',901,,1998,2,,,0,100,,2001,8,,,0,100,,2000,8,,,0,100,,1999,8,,,0,100,,2002,8,,,0,100,,2003,8,,,0,100,,2004,8,,,0,100,,2005,8,,,0,100,,2006,8,,,0,100,,2008,8,,,0
