300,'4833',808,,1397,21,0,11 12,0
300,'5323',808,,1410,21,0,11 12,0
300,'5325',808,,1423,15,0,11 12,0
300,'5326',808,,1434,21,0,11 12,0
300,'5328',808,,1447,15,0,11 12,0
400,'4833',725,,1518,35,,,0,100,,1523,35,,,0,100,,1525,35,,,0,100,,1526,35,,,0,100,,1527,35,,,0,100,,1528,35,,,0,100,,1529,35,,,0,100,,1530,35,,,0,100,,1524,35,,,0,100,,1521,35,,,0,100,,1522,35,,,0,110,,1519,20,,,0
400,'5323',725,,1531,35,,,0,100,,1536,35,,,0,100,,1538,35,,,0,100,,1539,35,,,0,100,,1540,35,,,0,100,,1541,35,,,0,100,,1542,35,,,0,100,,1543,35,,,0,100,,1537,35,,,0,100,,1534,35,,,0,100,,1535,35,,,0,110,,1532,20,,,0
400,'5325',825,,1547,35,,,0,100,,1550,35,,,0,100,,1544,35,,,0,100,,1545,35,,,0,100,,1548,35,,,0,100,,1549,35,,,0,100,,1546,35,,,0,100,,1551,35,,,0,100,,1552,35,,,0,100,,1553,35,,,0,110,,1555,20,,,0
400,'5326',725,,1556,35,,,0,100,,1561,35,,,0,100,,1563,35,,,0,100,,1564,35,,,0,100,,1565,35,,,0,100,,1566,35,,,0,100,,1567,35,,,0,100,,1568,35,,,0,100,,1562,35,,,0,100,,1559,35,,,0,100,,1560,35,,,0,110,,1557,20,,,0
400,'5328',825,,1572,35,,,0,100,,1575,35,,,0,100,,1569,35,,,0,100,,1570,35,,,0,100,,1573,35,,,0,100,,1574,35,,,0,100,,1571,35,,,0,100,,1576,35,,,0,100,,1577,35,,,0,100,,1578,35,,,0,110,,1580,20,,,0
