100,'4833',642,,1157,26,,,0,100,,1158,26,,,0,100,,1159,19,,,0,100,,1160,26,,,0,100,,1161,26,,,0,100,,1162,26,,,0,100,,1163,26,,,0,100,,1164,26,,,0,100,,1165,26,,,0,100,,1166,26,,,0,100,,1167,26,,,0,100,,1168,26,,,0
100,'5323',642,,1170,26,,,0,100,,1171,26,,,0,100,,1172,19,,,0,100,,1173,26,,,0,100,,1174,26,,,0,100,,1175,26,,,0,100,,1176,26,,,0,100,,1177,26,,,0,100,,1178,26,,,0,100,,1179,26,,,0,100,,1180,26,,,0,100,,1181,26,,,0
100,'5325',842,,1183,19,,,0,100,,1185,26,,,0,100,,1190,26,,,0,100,,1193,26,,,0,100,,1186,26,,,0,100,,1184,26,,,0,100,,1188,26,,,0,100,,1189,26,,,0,100,,1187,26,,,0,100,,1192,26,,,0
100,'5326',642,,1194,26,,,0,100,,1195,26,,,0,100,,1196,19,,,0,100,,1197,26,,,0,100,,1198,26,,,0,100,,1199,26,,,0,100,,1200,26,,,0,100,,1201,26,,,0,100,,1202,26,,,0,100,,1203,26,,,0,100,,1204,26,,,0,100,,1205,26,,,0
100,'5328',842,,1207,19,,,0,100,,1210,26,,,0,100,,1214,26,,,0,100,,1217,26,,,0,100,,1209,26,,,0,100,,1208,26,,,0,100,,1212,26,,,0,100,,1213,26,,,0,100,,1211,26,,,0,100,,1216,26,,,0
300,'4833',709,,1396,21,,,0,200,,1398,21,,,0,100,,1399,21,,,0,100,,1401,21,,,0,100,,1400,21,,,0,100,,1402,21,,,0,100,,1403,21,,,0,100,,1404,21,,,0,100,,1405,21,,,0,100,,1406,21,,,0,100,,1407,21,,,0
300,'5323',709,,1409,21,,,0,200,,1411,21,,,0,100,,1412,21,,,0,100,,1414,21,,,0,100,,1413,21,,,0,100,,1415,21,,,0,100,,1416,21,,,0,100,,1417,21,,,0,100,,1418,21,,,0,100,,1419,21,,,0,100,,1420,21,,,0
300,'5325',909,,1424,21,,,0,100,,1425,21,,,0,100,,1422,21,,,0,100,,1426,21,,,0,100,,1427,21,,,0,100,,1428,21,,,0,100,,1429,21,,,0,100,,1430,21,,,0,100,,1431,21,,,0,100,,1432,21,,,0
300,'5326',709,,1433,21,,,0,200,,1435,21,,,0,100,,1436,21,,,0,100,,1438,21,,,0,100,,1437,21,,,0,100,,1439,21,,,0,100,,1440,21,,,0,100,,1441,21,,,0,100,,1442,21,,,0,100,,1443,21,,,0,100,,1444,21,,,0
300,'5328',909,,1448,21,,,0,100,,1449,21,,,0,100,,1446,21,,,0,100,,1450,21,,,0,100,,1451,21,,,0,100,,1452,21,,,0,100,,1453,21,,,0,100,,1454,21,,,0,100,,1455,21,,,0,100,,1456,21,,,0
1501,'4833',1938,,1978,37,0,7,0,164,,1980,37,0,7,0
1501,'5323',1938,,1982,37,0,7,0,164,,1984,37,0,7,0
1501,'5325',1938,,1987,37,0,7,0,164,,1988,37,0,7,0
1501,'5326',1938,,1990,37,0,7,0,164,,1992,37,0,7,0
1501,'5328',1938,,1995,37,0,7,0,164,,1996,37,0,7,0
1600,'5322',910,,1998,17,,,0,100,,2001,23,,,0,100,,2000,23,,,0,100,,1999,23,,,0,100,,2002,23,,,0,100,,2003,23,,,0,100,,2004,23,,,0,100,,2005,23,,,0,100,,2006,23,,,0,100,,2008,23,,,0
7000,'5323',611,,2105,30,,,0,305,,2106,13,,,0,324,,2107,13,,,0,300,,2108,13,,,0
7000,'5326',611,,2109,30,,,0,305,,2110,13,,,0,324,,2111,13,,,0,300,,2112,13,,,0
