101,'4833',704,,1219,17,,,0,100,,1220,17,,,0,100,,1221,17,,,0,100,,1222,17,,,0,100,,1224,17,,,0,100,,1223,17,,,0,100,,1226,17,,,0,100,,1225,17,,,0,100,,1227,17,,,0,100,,1228,17,,,0,100,,1229,17,,,0,100,,1230,17,,,0
101,'5323',704,,1232,17,,,0,100,,1233,17,,,0,100,,1234,17,,,0,100,,1235,17,,,0,100,,1237,17,,,0,100,,1236,17,,,0,100,,1239,17,,,0,100,,1238,17,,,0,100,,1240,17,,,0,100,,1241,17,,,0,100,,1242,17,,,0,100,,1243,17,,,0
101,'5325',904,,1248,17,,,0,100,,1250,17,,,0,100,,1244,17,,,0,100,,1246,17,,,0,100,,1249,17,,,0,100,,1247,17,,,0,100,,1251,17,,,0,100,,1245,17,,,0,100,,1252,17,,,0,100,,1253,17,,,0
101,'5326',704,,1256,17,,,0,100,,1257,17,,,0,100,,1258,17,,,0,100,,1259,17,,,0,100,,1261,17,,,0,100,,1260,17,,,0,100,,1263,17,,,0,100,,1262,17,,,0,100,,1264,17,,,0,100,,1265,17,,,0,100,,1266,17,,,0,100,,1267,17,,,0
101,'5328',904,,1272,17,,,0,100,,1274,17,,,0,100,,1268,17,,,0,100,,1270,17,,,0,100,,1273,17,,,0,100,,1271,17,,,0,100,,1275,17,,,0,100,,1269,17,,,0,100,,1276,17,,,0,100,,1277,17,,,0
301,'4833',634,,1457,9,,,0,100,,1458,19,,,0,100,,1459,12,,,0,100,,1460,19,,,0,100,,1461,19,,,0,100,,1462,19,,,0,100,,1463,19,,,0,100,,1464,19,,,0,100,,1465,19,,,0,100,,1466,19,,,0,100,,1467,19,,,0,100,,1468,19,,,0
301,'5323',634,,1470,9,,,0,100,,1471,19,,,0,100,,1472,12,,,0,100,,1473,19,,,0,100,,1474,19,,,0,100,,1475,19,,,0,100,,1476,19,,,0,100,,1477,19,,,0,100,,1478,19,,,0,100,,1479,19,,,0,100,,1480,19,,,0,100,,1481,19,,,0
301,'5325',834,,1485,12,,,0,100,,1483,19,,,0,100,,1486,19,,,0,100,,1484,19,,,0,100,,1487,19,,,0,100,,1488,19,,,0,100,,1489,19,,,0,100,,1490,19,,,0,100,,1491,19,,,0,100,,1493,19,,,0
301,'5326',634,,1494,9,,,0,100,,1495,19,,,0,100,,1496,12,,,0,100,,1497,19,,,0,100,,1498,19,,,0,100,,1499,19,,,0,100,,1500,19,,,0,100,,1501,19,,,0,100,,1502,19,,,0,100,,1503,19,,,0,100,,1504,19,,,0,100,,1505,19,,,0
301,'5328',834,,1509,12,,,0,100,,1507,19,,,0,100,,1510,19,,,0,100,,1508,19,,,0,100,,1511,19,,,0,100,,1512,19,,,0,100,,1513,19,,,0,100,,1514,19,,,0,100,,1515,19,,,0,100,,1517,19,,,0
1500,'4833',1853,,1940,9,0,14 15,0,164,,1942,9,0,13,0,124,,1945,9,0,13,0,85,,1947,9,0,13,0
1500,'5323',1853,,1948,9,0,14 15,0,164,,1950,9,0,13,0,124,,1953,9,0,13,0,85,,1955,9,0,13,0
1500,'5325',1853,,1956,9,0,13,0,164,,1958,9,0,13,0,124,,1961,9,0,13,0,85,,1962,9,0,13,0
1500,'5326',1853,,1963,9,0,14 15,0,164,,1965,9,0,13,0,124,,1968,9,0,13,0,85,,1970,9,0,13,0
1500,'5328',1853,,1971,9,0,13,0,164,,1973,9,0,13,0,124,,1976,9,0,13,0,85,,1977,9,0,13,0
7001,'5323',849,,2113,22,0,14 15,0,296,,2114,20,0,14 15,0,365,,2115,22,0,14 15,0,305,,2116,20,,,0
7001,'5326',849,,2117,22,0,14 15,0,296,,2118,20,0,14 15,0,365,,2119,22,0,14 15,0,305,,2120,20,,,0
