200,'4833',631,,1279,4,,,0,100,,1280,4,,,0,100,,1281,4,,,0,100,,1282,4,,,0,100,,1283,4,,,0,100,,1284,4,,,0,100,,1285,4,,,0,100,,1286,4,,,0,100,,1287,4,,,0,100,,1288,4,,,0,100,,1289,4,,,0,100,,1290,4,,,0
200,'5323',631,,1291,4,,,0,100,,1292,4,,,0,100,,1293,4,,,0,100,,1294,4,,,0,100,,1295,4,,,0,100,,1296,4,,,0,100,,1297,4,,,0,100,,1298,4,,,0,100,,1299,4,,,0,100,,1300,4,,,0,100,,1301,4,,,0,100,,1302,4,,,0
200,'5325',831,,1303,4,,,0,100,,1304,4,,,0,100,,1305,4,,,0,100,,1306,4,,,0,100,,1307,4,,,0,100,,1308,4,,,0,100,,1309,4,,,0,100,,1310,4,,,0,100,,1311,4,,,0,100,,1312,4,,,0
200,'5326',631,,1313,4,,,0,100,,1314,4,,,0,100,,1315,4,,,0,100,,1316,4,,,0,100,,1317,4,,,0,100,,1318,4,,,0,100,,1319,4,,,0,100,,1320,4,,,0,100,,1321,4,,,0,100,,1322,4,,,0,100,,1323,4,,,0,100,,1324,4,,,0
200,'5328',831,,1325,4,,,0,100,,1326,4,,,0,100,,1327,4,,,0,100,,1328,4,,,0,100,,1329,4,,,0,100,,1330,4,,,0,100,,1331,4,,,0,100,,1332,4,,,0,100,,1333,4,,,0,100,,1334,4,,,0
400,'4833',701,,1518,4,,,0,100,,1523,4,,,0,100,,1525,4,,,0,100,,1526,4,,,0,100,,1527,4,,,0,100,,1528,4,,,0,100,,1529,4,,,0,100,,1530,4,,,0,100,,1524,4,,,0,100,,1521,4,,,0,100,,1522,4,,,0,100,,1520,4,0,7 6,0
400,'5323',701,,1531,4,,,0,100,,1536,4,,,0,100,,1538,4,,,0,100,,1539,4,,,0,100,,1540,4,,,0,100,,1541,4,,,0,100,,1542,4,,,0,100,,1543,4,,,0,100,,1537,4,,,0,100,,1534,4,,,0,100,,1535,4,,,0,100,,1533,4,0,7 6,0
400,'5325',801,,1547,4,,,0,100,,1550,4,,,0,100,,1544,4,,,0,100,,1545,4,,,0,100,,1548,4,,,0,100,,1549,4,,,0,100,,1546,4,,,0,100,,1551,4,,,0,100,,1552,4,,,0,100,,1553,4,,,0,100,,1554,4,0,7 6,0
400,'5326',701,,1556,4,,,0,100,,1561,4,,,0,100,,1563,4,,,0,100,,1564,4,,,0,100,,1565,4,,,0,100,,1566,4,,,0,100,,1567,4,,,0,100,,1568,4,,,0,100,,1562,4,,,0,100,,1559,4,,,0,100,,1560,4,,,0,100,,1558,4,0,7 6,0
400,'5328',801,,1572,4,,,0,100,,1575,4,,,0,100,,1569,4,,,0,100,,1570,4,,,0,100,,1573,4,,,0,100,,1574,4,,,0,100,,1571,4,,,0,100,,1576,4,,,0,100,,1577,4,,,0,100,,1578,4,,,0,100,,1579,4,0,7 6,0
1000,'5323',642,,1896,4,,,0,162,,1897,4,,,0,123,,1900,4,,,0,305,,1898,4,,,0,407,,1899,4,,,0
1000,'5325',804,,1901,4,,,0,428,,1902,4,,,0,407,,1903,4,,,0
1000,'5326',642,,1904,4,,,0,162,,1905,4,,,0,123,,1908,4,,,0,305,,1906,4,,,0,407,,1907,4,,,0
1000,'5328',804,,1909,4,,,0,428,,1910,4,,,0,407,,1911,4,,,0
1101,'5323',1234,,1936,4,,,0,572,,1934,4,,,0
1101,'5326',1234,,1939,4,,,0,572,,1937,4,,,0
1500,'4833',2003,,1943,9,,,0,124,,1944,9,,,0,85,,1946,9,,,0
1500,'5323',2003,,1951,9,,,0,124,,1952,9,,,0,85,,1954,9,,,0
1500,'5325',2003,,1957,9,,,0,124,,1960,9,,,0,85,,1959,9,,,0
1500,'5326',2003,,1966,9,,,0,124,,1967,9,,,0,85,,1969,9,,,0
1500,'5328',2003,,1972,9,,,0,124,,1975,9,,,0,85,,1974,9,,,0
7000,'5323',604,,2105,20,,,0,305,,2106,3,,,0,324,,2107,3,,,0,300,,2108,3,,,0
7000,'5326',604,,2109,20,,,0,305,,2110,3,,,0,324,,2111,3,,,0,300,,2112,3,,,0
