501,'4833',708,,1768,21,,,0,30,,1778,21,,,0,70,,1769,23,,,0,30,,1790,23,,,0,70,,1771,23,,,0,30,,1779,23,,,0,70,,1772,23,,,0,30,,1780,23,,,0,70,,1773,23,,,0,30,,1781,23,,,0,70,,1770,23,,,0,30,,1782,23,,,0,70,,1775,23,,,0,30,,1783,23,,,0,70,,1774,23,,,0,30,,1784,23,,,0,70,,1776,23,,,0,30,,1791,23,,,0,70,,1777,23,,,0,30,,1789,23,,,0,70,,1785,23,,,0,30,,1786,23,,,0,70,,1787,23,,,0,30,,1788,23,,,0
501,'5322',1238,,1792,23,,,0,100,,1793,23,,,0,100,,1794,23,,,0,100,,1795,23,,,0
501,'5323',708,,1796,21,,,0,30,,1806,21,,,0,70,,1797,23,,,0,30,,1818,23,,,0,70,,1799,23,,,0,30,,1807,23,,,0,70,,1800,23,,,0,30,,1808,23,,,0,70,,1801,23,,,0,30,,1809,23,,,0,70,,1798,23,,,0,30,,1810,23,,,0,70,,1803,23,,,0,30,,1811,23,,,0,70,,1802,23,,,0,30,,1812,23,,,0,70,,1804,23,,,0,30,,1819,23,,,0,70,,1805,23,,,0,30,,1817,23,,,0,70,,1813,23,,,0,30,,1814,23,,,0,70,,1815,23,,,0,30,,1816,23,,,0
501,'5325',908,,1825,21,,,0,30,,1836,21,,,0,70,,1827,23,,,0,30,,1837,23,,,0,70,,1828,23,,,0,30,,1833,23,,,0,70,,1824,23,,,0,30,,1834,23,,,0,70,,1829,23,,,0,30,,1835,23,,,0,70,,1820,23,,,0,30,,1838,23,,,0,70,,1821,23,,,0,30,,1839,23,,,0,70,,1822,23,,,0,30,,1830,23,,,0,70,,1823,23,,,0,30,,1831,23,,,0,70,,1826,23,,,0,30,,1832,23,,,0
501,'5326',708,,1840,21,,,0,30,,1850,21,,,0,70,,1841,23,,,0,30,,1862,23,,,0,70,,1843,23,,,0,30,,1851,23,,,0,70,,1844,23,,,0,30,,1852,23,,,0,70,,1845,23,,,0,30,,1853,23,,,0,70,,1842,23,,,0,30,,1854,23,,,0,70,,1847,23,,,0,30,,1855,23,,,0,70,,1846,23,,,0,30,,1856,23,,,0,70,,1848,23,,,0,30,,1863,23,,,0,70,,1849,23,,,0,30,,1861,23,,,0,70,,1857,23,,,0,30,,1858,23,,,0,70,,1859,23,,,0,30,,1860,23,,,0,70,,1866,23,,,0,100,,1867,23,,,0,100,,1868,23,,,0,100,,1869,23,,,0,100,,1864,23,,,0
501,'5328',908,,1875,21,,,0,30,,1886,21,,,0,70,,1877,23,,,0,30,,1887,23,,,0,70,,1878,23,,,0,30,,1883,23,,,0,70,,1874,23,,,0,30,,1884,23,,,0,70,,1879,23,,,0,30,,1885,23,,,0,70,,1870,23,,,0,30,,1888,23,,,0,70,,1871,23,,,0,30,,1889,23,,,0,70,,1872,23,,,0,30,,1880,23,,,0,70,,1873,23,,,0,30,,1881,23,,,0,70,,1876,23,,,0,30,,1882,23,,,0,70,,1892,23,,,0,100,,1893,23,,,0,100,,1894,23,,,0,100,,1895,23,,,0,100,,1891,23,,,0
1500,'4833',1908,,1941,6,0,13,0,124,,1942,32,0,13,0,123,,1945,32,0,13,0,85,,1947,32,0,13,0
1500,'5323',1908,,1949,6,0,13,0,124,,1950,32,0,13,0,123,,1953,32,0,13,0,85,,1955,32,0,13,0
1500,'5325',1908,,1956,32,0,13,0,124,,1958,32,0,13,0,123,,1961,32,0,13,0,85,,1962,32,0,13,0
1500,'5326',1908,,1964,6,0,13,0,124,,1965,32,0,13,0,123,,1968,32,0,13,0,85,,1970,32,0,13,0
1500,'5328',1908,,1971,32,0,13,0,124,,1973,32,0,13,0,123,,1976,32,0,13,0,85,,1977,32,0,13,0
1601,'5322',945,,2009,27,,,0,100,,2011,27,,,0,100,,2010,27,,,0,100,,2012,27,,,0,100,,2014,27,,,0,100,,2013,27,,,0,100,,2016,27,,,0,100,,2015,27,,,0,100,,2018,27,,,0,100,,2017,27,,,0
2001,'5323',644,,2029,6,0,16 17,0,164,,2030,6,0,16 17,0,295,,2031,6,0,8 9,0,435,,2033,6,0,8 9,0,170,,2032,6,0,8 9,0
2001,'5326',644,,2034,6,0,16 17,0,164,,2035,6,0,16 17,0,295,,2036,6,0,8 9,0,435,,2038,6,0,8 9,0,170,,2037,6,0,8 9,0
7000,'5323',554,,2105,5,,,0
7000,'5326',554,,2109,5,,,0
