400,'4833',704,,1518,7,,,0,100,,1523,7,,,0,100,,1525,7,,,0,100,,1526,7,,,0,100,,1527,7,,,0,100,,1528,7,,,0,100,,1529,7,,,0,100,,1530,7,,,0,100,,1524,7,,,0,100,,1521,7,,,0,100,,1522,7,,,0,100,,1520,7,0,7 6,0
400,'5323',704,,1531,7,,,0,100,,1536,7,,,0,100,,1538,7,,,0,100,,1539,7,,,0,100,,1540,7,,,0,100,,1541,7,,,0,100,,1542,7,,,0,100,,1543,7,,,0,100,,1537,7,,,0,100,,1534,7,,,0,100,,1535,7,,,0,100,,1533,7,0,7 6,0
400,'5325',804,,1547,7,,,0,100,,1550,7,,,0,100,,1544,7,,,0,100,,1545,7,,,0,100,,1548,7,,,0,100,,1549,7,,,0,100,,1546,7,,,0,100,,1551,7,,,0,100,,1552,7,,,0,100,,1553,7,,,0,100,,1554,7,0,7 6,0
400,'5326',704,,1556,7,,,0,100,,1561,7,,,0,100,,1563,7,,,0,100,,1564,7,,,0,100,,1565,7,,,0,100,,1566,7,,,0,100,,1567,7,,,0,100,,1568,7,,,0,100,,1562,7,,,0,100,,1559,7,,,0,100,,1560,7,,,0,100,,1558,7,0,7 6,0
400,'5328',804,,1572,7,,,0,100,,1575,7,,,0,100,,1569,7,,,0,100,,1570,7,,,0,100,,1573,7,,,0,100,,1574,7,,,0,100,,1571,7,,,0,100,,1576,7,,,0,100,,1577,7,,,0,100,,1578,7,,,0,100,,1579,7,0,7 6,0
3000,'5323',813,,2050,13,,,0,310,,2049,13,,,0,185,,2053,13,,,0,295,,2051,13,,,0,131,,2052,13,,,0
3000,'5325',913,,2054,13,,,0,210,,2055,13,,,0,185,,2057,13,,,0,295,,2056,13,,,0,131,,2058,13,,,0
3000,'5326',813,,2060,13,,,0,310,,2059,13,,,0,185,,2063,13,,,0,295,,2061,13,,,0,131,,2062,13,,,0
3000,'5328',913,,2064,13,,,0,210,,2065,13,,,0,185,,2067,13,,,0,295,,2066,13,,,0,131,,2068,13,,,0
4000,'5323',832,,2090,23,4,,0,516,,2089,23,4,,0
4000,'5326',832,,2092,23,4,,0,516,,2091,23,4,,0
