100,'4833',619,,1157,4,,,0,100,,1158,4,,,0,200,,1160,4,,,0,100,,1161,4,,,0,100,,1162,4,,,0,100,,1163,4,,,0,100,,1164,4,,,0,100,,1165,4,,,0,100,,1166,4,,,0,100,,1167,4,,,0,100,,1168,4,,,0,100,,1169,4,0,5 6,0
100,'5323',619,,1170,4,,,0,100,,1171,4,,,0,200,,1173,4,,,0,100,,1174,4,,,0,100,,1175,4,,,0,100,,1176,4,,,0,100,,1177,4,,,0,100,,1178,4,,,0,100,,1179,4,,,0,100,,1180,4,,,0,100,,1181,4,,,0,100,,1182,4,0,5 6,0
100,'5325',919,,1185,4,,,0,100,,1190,4,,,0,100,,1193,4,,,0,100,,1186,4,,,0,100,,1184,4,,,0,100,,1188,4,,,0,100,,1189,4,,,0,100,,1187,4,,,0,100,,1192,4,,,0,100,,1191,4,0,5 6,0
100,'5326',619,,1194,4,,,0,100,,1195,4,,,0,200,,1197,4,,,0,100,,1198,4,,,0,100,,1199,4,,,0,100,,1200,4,,,0,100,,1201,4,,,0,100,,1202,4,,,0,100,,1203,4,,,0,100,,1204,4,,,0,100,,1205,4,,,0,100,,1206,4,0,5 6,0
100,'5328',919,,1210,4,,,0,100,,1214,4,,,0,100,,1217,4,,,0,100,,1209,4,,,0,100,,1208,4,,,0,100,,1212,4,,,0,100,,1213,4,,,0,100,,1211,4,,,0,100,,1216,4,,,0,100,,1215,4,0,5 6,0
1501,'4833',1921,,1978,11,0,7,0,124,,1980,11,0,7,0
1501,'5323',1921,,1982,11,0,7,0,124,,1984,11,0,7,0
1501,'5325',1921,,1987,11,0,7,0,124,,1988,11,0,7,0
1501,'5326',1921,,1990,11,0,7,0,124,,1992,11,0,7,0
1501,'5328',1921,,1995,11,0,7,0,124,,1996,11,0,7,0
2000,'5323',751,,2019,20,0,8 9,0,170,,2020,20,0,8 9,0,300,,2021,20,0,8 9,0,429,,2023,12,0,10,0,170,,2022,12,0,10,0
2000,'5326',751,,2024,20,0,8 9,0,170,,2025,20,0,8 9,0,300,,2026,20,0,8 9,0,429,,2028,12,0,10,0,170,,2027,12,0,10,0
7001,'5323',1834,,2116,41,4,,0
7001,'5326',1834,,2120,41,4,,0
