200,'4833',638,,1279,13,,,0,100,,1280,13,,,0,100,,1281,13,,,0,100,,1282,13,,,0,100,,1283,13,,,0,100,,1284,13,,,0,100,,1285,13,,,0,100,,1286,13,,,0,100,,1287,13,,,0,100,,1288,13,,,0,100,,1289,13,,,0,100,,1290,13,,,0
200,'5323',638,,1291,13,,,0,100,,1292,13,,,0,100,,1293,13,,,0,100,,1294,13,,,0,100,,1295,13,,,0,100,,1296,13,,,0,100,,1297,13,,,0,100,,1298,13,,,0,100,,1299,13,,,0,100,,1300,13,,,0,100,,1301,13,,,0,100,,1302,13,,,0
200,'5325',838,,1303,13,,,0,100,,1304,13,,,0,100,,1305,13,,,0,100,,1306,13,,,0,100,,1307,13,,,0,100,,1308,13,,,0,100,,1309,13,,,0,100,,1310,13,,,0,100,,1311,13,,,0,100,,1312,13,,,0
200,'5326',638,,1313,13,,,0,100,,1314,13,,,0,100,,1315,13,,,0,100,,1316,13,,,0,100,,1317,13,,,0,100,,1318,13,,,0,100,,1319,13,,,0,100,,1320,13,,,0,100,,1321,13,,,0,100,,1322,13,,,0,100,,1323,13,,,0,100,,1324,13,,,0
200,'5328',838,,1325,13,,,0,100,,1326,13,,,0,100,,1327,13,,,0,100,,1328,13,,,0,100,,1329,13,,,0,100,,1330,13,,,0,100,,1331,13,,,0,100,,1332,13,,,0,100,,1333,13,,,0,100,,1334,13,,,0
400,'4833',705,,1518,9,,,0,100,,1523,9,,,0,100,,1525,9,,,0,100,,1526,9,,,0,100,,1527,9,,,0,100,,1528,9,,,0,100,,1529,9,,,0,100,,1530,9,,,0,100,,1524,9,,,0,100,,1521,9,,,0,100,,1522,9,,,0,100,,1520,9,0,7 6,0
400,'5323',705,,1531,9,,,0,100,,1536,9,,,0,100,,1538,9,,,0,100,,1539,9,,,0,100,,1540,9,,,0,100,,1541,9,,,0,100,,1542,9,,,0,100,,1543,9,,,0,100,,1537,9,,,0,100,,1534,9,,,0,100,,1535,9,,,0,100,,1533,9,0,7 6,0
400,'5325',805,,1547,9,,,0,100,,1550,9,,,0,100,,1544,9,,,0,100,,1545,9,,,0,100,,1548,9,,,0,100,,1549,9,,,0,100,,1546,9,,,0,100,,1551,9,,,0,100,,1552,9,,,0,100,,1553,9,,,0,100,,1554,9,0,7 6,0
400,'5326',705,,1556,9,,,0,100,,1561,9,,,0,100,,1563,9,,,0,100,,1564,9,,,0,100,,1565,9,,,0,100,,1566,9,,,0,100,,1567,9,,,0,100,,1568,9,,,0,100,,1562,9,,,0,100,,1559,9,,,0,100,,1560,9,,,0,100,,1558,9,0,7 6,0
400,'5328',805,,1572,9,,,0,100,,1575,9,,,0,100,,1569,9,,,0,100,,1570,9,,,0,100,,1573,9,,,0,100,,1574,9,,,0,100,,1571,9,,,0,100,,1576,9,,,0,100,,1577,9,,,0,100,,1578,9,,,0,100,,1579,9,0,7 6,0
1500,'4833',2009,,1943,18,,,0,124,,1944,18,,,0,85,,1946,18,,,0
1500,'5323',2009,,1951,18,,,0,124,,1952,18,,,0,85,,1954,18,,,0
1500,'5325',2009,,1957,18,,,0,124,,1960,18,,,0,85,,1959,18,,,0
1500,'5326',2009,,1966,18,,,0,124,,1967,18,,,0,85,,1969,18,,,0
1500,'5328',2009,,1972,18,,,0,124,,1975,18,,,0,85,,1974,18,,,0
3000,'5323',814,,2050,15,,,0,310,,2049,15,,,0,185,,2053,15,,,0,295,,2051,15,,,0,131,,2052,15,,,0
3000,'5325',914,,2054,15,,,0,210,,2055,15,,,0,185,,2057,15,,,0,295,,2056,15,,,0,131,,2058,15,,,0
3000,'5326',814,,2060,15,,,0,310,,2059,15,,,0,185,,2063,15,,,0,295,,2061,15,,,0,131,,2062,15,,,0
3000,'5328',914,,2064,15,,,0,210,,2065,15,,,0,185,,2067,15,,,0,295,,2066,15,,,0,131,,2068,15,,,0
4000,'5323',834,,2090,25,4,,0,516,,2089,25,4,,0
4000,'5326',834,,2092,25,4,,0,516,,2091,25,4,,0
