500,'4833',727,,1642,11,,,0,30,,1664,11,,,0,70,,1644,11,,,0,30,,1662,11,,,0,70,,1645,11,,,0,30,,1652,11,,,0,70,,1646,11,,,0,30,,1653,11,,,0,70,,1643,11,,,0,30,,1654,11,,,0,70,,1648,11,,,0,30,,1655,11,,,0,70,,1647,11,,,0,30,,1656,11,,,0,70,,1649,11,,,0,30,,1659,11,,,0,70,,1650,11,,,0,30,,1665,11,,,0,70,,1651,11,,,0,30,,1663,11,,,0,70,,1657,11,,,0,30,,1658,11,,,0,70,,1660,11,,,0
500,'5322',1257,,1666,11,,,0,100,,1667,11,,,0,100,,1668,11,,,0,100,,1669,11,,,0
500,'5323',727,,1670,11,,,0,30,,1692,11,,,0,70,,1672,11,,,0,30,,1690,11,,,0,70,,1673,11,,,0,30,,1680,11,,,0,70,,1674,11,,,0,30,,1681,11,,,0,70,,1671,11,,,0,30,,1682,11,,,0,70,,1676,11,,,0,30,,1683,11,,,0,70,,1675,11,,,0,30,,1684,11,,,0,70,,1677,11,,,0,30,,1687,11,,,0,70,,1678,11,,,0,30,,1693,11,,,0,70,,1679,11,,,0,30,,1691,11,,,0,70,,1685,11,,,0,30,,1686,11,,,0,70,,1688,11,,,0
500,'5325',927,,1694,11,,,0,30,,1710,11,,,0,70,,1699,11,,,0,30,,1707,11,,,0,70,,1700,11,,,0,30,,1708,11,,,0,70,,1702,11,,,0,30,,1706,11,,,0,70,,1703,11,,,0,30,,1709,11,,,0,70,,1701,11,,,0,30,,1711,11,,,0,70,,1698,11,,,0,30,,1705,11,,,0,70,,1697,11,,,0,30,,1704,11,,,0,70,,1695,11,,,0,30,,1712,11,,,0,70,,1696,11,,,0
500,'5326',727,,1714,11,,,0,30,,1736,11,,,0,70,,1716,11,,,0,30,,1734,11,,,0,70,,1717,11,,,0,30,,1724,11,,,0,70,,1718,11,,,0,30,,1725,11,,,0,70,,1715,11,,,0,30,,1726,11,,,0,70,,1720,11,,,0,30,,1727,11,,,0,70,,1719,11,,,0,30,,1728,11,,,0,70,,1721,11,,,0,30,,1731,11,,,0,70,,1722,11,,,0,30,,1737,11,,,0,70,,1723,11,,,0,30,,1735,11,,,0,70,,1729,11,,,0,30,,1730,11,,,0,70,,1732,11,,,0,100,,1738,11,,,0,100,,1739,11,,,0,100,,1740,11,,,0,100,,1741,11,,,0,100,,1742,11,,,0
500,'5328',927,,1743,11,,,0,30,,1759,11,,,0,70,,1748,11,,,0,30,,1756,11,,,0,70,,1749,11,,,0,30,,1757,11,,,0,70,,1751,11,,,0,30,,1755,11,,,0,70,,1752,11,,,0,30,,1758,11,,,0,70,,1750,11,,,0,30,,1760,11,,,0,70,,1747,11,,,0,30,,1754,11,,,0,70,,1746,11,,,0,30,,1753,11,,,0,70,,1744,11,,,0,30,,1761,11,,,0,70,,1745,11,,,0,100,,1763,11,,,0,100,,1764,11,,,0,100,,1765,11,,,0,100,,1766,11,,,0,100,,1767,11,,,0
1501,'4833',1923,,1978,13,0,7,0,124,,1980,13,0,7,0
1501,'5323',1923,,1982,13,0,7,0,124,,1984,13,0,7,0
1501,'5325',1923,,1987,13,0,7,0,124,,1988,13,0,7,0
1501,'5326',1923,,1990,13,0,7,0,124,,1992,13,0,7,0
1501,'5328',1923,,1995,13,0,7,0,124,,1996,13,0,7,0
2000,'5323',753,,2019,22,0,8 9,0,170,,2020,22,0,8 9,0,300,,2021,22,0,8 9,0,428,,2023,14,0,10,0,170,,2022,14,0,10,0
2000,'5326',753,,2024,22,0,8 9,0,170,,2025,22,0,8 9,0,300,,2026,22,0,8 9,0,428,,2028,14,0,10,0,170,,2027,14,0,10,0
