300,'4833',810,,1397,23,0,11 12,0
300,'5323',810,,1410,23,0,11 12,0
300,'5325',810,,1423,17,0,11 12,0
300,'5326',810,,1434,23,0,11 12,0
300,'5328',810,,1447,17,0,11 12,0
400,'4833',727,,1518,37,,,0,100,,1523,37,,,0,100,,1525,37,,,0,100,,1526,37,,,0,100,,1527,37,,,0,100,,1528,37,,,0,100,,1529,37,,,0,100,,1530,37,,,0,100,,1524,37,,,0,100,,1521,37,,,0,100,,1522,37,,,0,110,,1519,22,,,0
400,'5323',727,,1531,37,,,0,100,,1536,37,,,0,100,,1538,37,,,0,100,,1539,37,,,0,100,,1540,37,,,0,100,,1541,37,,,0,100,,1542,37,,,0,100,,1543,37,,,0,100,,1537,37,,,0,100,,1534,37,,,0,100,,1535,37,,,0,110,,1532,22,,,0
400,'5325',827,,1547,37,,,0,100,,1550,37,,,0,100,,1544,37,,,0,100,,1545,37,,,0,100,,1548,37,,,0,100,,1549,37,,,0,100,,1546,37,,,0,100,,1551,37,,,0,100,,1552,37,,,0,100,,1553,37,,,0,110,,1555,22,,,0
400,'5326',727,,1556,37,,,0,100,,1561,37,,,0,100,,1563,37,,,0,100,,1564,37,,,0,100,,1565,37,,,0,100,,1566,37,,,0,100,,1567,37,,,0,100,,1568,37,,,0,100,,1562,37,,,0,100,,1559,37,,,0,100,,1560,37,,,0,110,,1557,22,,,0
400,'5328',827,,1572,37,,,0,100,,1575,37,,,0,100,,1569,37,,,0,100,,1570,37,,,0,100,,1573,37,,,0,100,,1574,37,,,0,100,,1571,37,,,0,100,,1576,37,,,0,100,,1577,37,,,0,100,,1578,37,,,0,110,,1580,22,,,0
