501,'4833',655,,1768,9,,,0,70,,1778,9,,,0,30,,1769,11,,,0,70,,1790,11,,,0,30,,1771,11,,,0,70,,1779,11,,,0,30,,1772,11,,,0,70,,1780,11,,,0,30,,1773,11,,,0,70,,1781,11,,,0,30,,1770,11,,,0,70,,1782,11,,,0,30,,1775,11,,,0,70,,1783,11,,,0,30,,1774,11,,,0,70,,1784,11,,,0,30,,1776,11,,,0,70,,1791,11,,,0,30,,1777,11,,,0,70,,1789,11,,,0,30,,1785,11,,,0,70,,1786,11,,,0,30,,1787,11,,,0,70,,1788,11,,,0
501,'5322',1225,,1792,11,,,0,100,,1793,11,,,0,100,,1794,11,,,0,100,,1795,11,,,0
501,'5323',655,,1796,9,,,0,70,,1806,9,,,0,30,,1797,11,,,0,70,,1818,11,,,0,30,,1799,11,,,0,70,,1807,11,,,0,30,,1800,11,,,0,70,,1808,11,,,0,30,,1801,11,,,0,70,,1809,11,,,0,30,,1798,11,,,0,70,,1810,11,,,0,30,,1803,11,,,0,70,,1811,11,,,0,30,,1802,11,,,0,70,,1812,11,,,0,30,,1804,11,,,0,70,,1819,11,,,0,30,,1805,11,,,0,70,,1817,11,,,0,30,,1813,11,,,0,70,,1814,11,,,0,30,,1815,11,,,0,70,,1816,11,,,0
501,'5325',855,,1825,9,,,0,70,,1836,9,,,0,30,,1827,11,,,0,70,,1837,11,,,0,30,,1828,11,,,0,70,,1833,11,,,0,30,,1824,11,,,0,70,,1834,11,,,0,30,,1829,11,,,0,70,,1835,11,,,0,30,,1820,11,,,0,70,,1838,11,,,0,30,,1821,11,,,0,70,,1839,11,,,0,30,,1822,11,,,0,70,,1830,11,,,0,30,,1823,11,,,0,70,,1831,11,,,0,30,,1826,11,,,0,70,,1832,11,,,0
501,'5326',655,,1840,9,,,0,70,,1850,9,,,0,30,,1841,11,,,0,70,,1862,11,,,0,30,,1843,11,,,0,70,,1851,11,,,0,30,,1844,11,,,0,70,,1852,11,,,0,30,,1845,11,,,0,70,,1853,11,,,0,30,,1842,11,,,0,70,,1854,11,,,0,30,,1847,11,,,0,70,,1855,11,,,0,30,,1846,11,,,0,70,,1856,11,,,0,30,,1848,11,,,0,70,,1863,11,,,0,30,,1849,11,,,0,70,,1861,11,,,0,30,,1857,11,,,0,70,,1858,11,,,0,30,,1859,11,,,0,70,,1860,11,,,0,30,,1866,11,,,0,100,,1867,11,,,0,100,,1868,11,,,0,100,,1869,11,,,0,100,,1864,11,,,0,100,,1865,11,0,21,0
501,'5328',855,,1875,9,,,0,70,,1886,9,,,0,30,,1877,11,,,0,70,,1887,11,,,0,30,,1878,11,,,0,70,,1883,11,,,0,30,,1874,11,,,0,70,,1884,11,,,0,30,,1879,11,,,0,70,,1885,11,,,0,30,,1870,11,,,0,70,,1888,11,,,0,30,,1871,11,,,0,70,,1889,11,,,0,30,,1872,11,,,0,70,,1880,11,,,0,30,,1873,11,,,0,70,,1881,11,,,0,30,,1876,11,,,0,70,,1882,11,,,0,30,,1892,11,,,0,100,,1893,11,,,0,100,,1894,11,,,0,100,,1895,11,,,0,100,,1891,11,,,0,100,,1890,11,0,21,0
1500,'4833',1902,,1940,24,0,14 15,0,124,,1942,24,0,13,0,123,,1945,24,0,13,0,85,,1947,24,0,13,0
1500,'5323',1902,,1948,24,0,14 15,0,124,,1950,24,0,13,0,123,,1953,24,0,13,0,85,,1955,24,0,13,0
1500,'5325',1902,,1956,24,0,13,0,124,,1958,24,0,13,0,123,,1961,24,0,13,0,85,,1962,24,0,13,0
1500,'5326',1902,,1963,24,0,14 15,0,124,,1965,24,0,13,0,123,,1968,24,0,13,0,85,,1970,24,0,13,0
1500,'5328',1902,,1971,24,0,13,0,124,,1973,24,0,13,0,123,,1976,24,0,13,0,85,,1977,24,0,13,0
1601,'5322',934,,2009,19,,,0,100,,2011,19,,,0,100,,2010,19,,,0,100,,2012,19,,,0,100,,2014,19,,,0,100,,2013,19,,,0,100,,2016,19,,,0,100,,2015,19,,,0,100,,2018,19,,,0,100,,2017,19,,,0
