100,'4833',631,,1157,14,,,0,100,,1158,14,,,0,100,,1159,7,,,0,100,,1160,14,,,0,100,,1161,14,,,0,100,,1162,14,,,0,100,,1163,14,,,0,100,,1164,14,,,0,100,,1165,14,,,0,100,,1166,14,,,0,100,,1167,14,,,0,100,,1168,14,,,0,97,,1169,14,0,5 6,0
100,'5323',631,,1170,14,,,0,100,,1171,14,,,0,100,,1172,7,,,0,100,,1173,14,,,0,100,,1174,14,,,0,100,,1175,14,,,0,100,,1176,14,,,0,100,,1177,14,,,0,100,,1178,14,,,0,100,,1179,14,,,0,100,,1180,14,,,0,100,,1181,14,,,0,97,,1182,14,0,5 6,0
100,'5325',831,,1183,7,,,0,100,,1185,14,,,0,100,,1190,14,,,0,100,,1193,14,,,0,100,,1186,14,,,0,100,,1184,14,,,0,100,,1188,14,,,0,100,,1189,14,,,0,100,,1187,14,,,0,100,,1192,14,,,0,97,,1191,14,0,5 6,0
100,'5326',631,,1194,14,,,0,100,,1195,14,,,0,100,,1196,7,,,0,100,,1197,14,,,0,100,,1198,14,,,0,100,,1199,14,,,0,100,,1200,14,,,0,100,,1201,14,,,0,100,,1202,14,,,0,100,,1203,14,,,0,100,,1204,14,,,0,100,,1205,14,,,0,97,,1206,14,0,5 6,0
100,'5328',831,,1207,7,,,0,100,,1210,14,,,0,100,,1214,14,,,0,100,,1217,14,,,0,100,,1209,14,,,0,100,,1208,14,,,0,100,,1212,14,,,0,100,,1213,14,,,0,100,,1211,14,,,0,100,,1216,14,,,0,97,,1215,14,0,5 6,0
101,'4833',811,,1220,27,,,0
101,'5323',811,,1233,27,,,0
101,'5325',811,,1254,4,,,0
101,'5326',811,,1257,27,,,0
101,'5328',811,,1278,4,,,0
300,'4833',701,,1396,9,,,0,100,,1397,9,0,11 12,0,100,,1398,9,,,0,100,,1399,9,,,0,100,,1401,9,,,0,100,,1400,9,,,0,100,,1402,9,,,0,100,,1403,9,,,0,100,,1404,9,,,0,100,,1405,9,,,0,100,,1406,9,,,0,100,,1407,9,,,0
300,'5323',701,,1409,9,,,0,100,,1410,9,0,11 12,0,100,,1411,9,,,0,100,,1412,9,,,0,100,,1414,9,,,0,100,,1413,9,,,0,100,,1415,9,,,0,100,,1416,9,,,0,100,,1417,9,,,0,100,,1418,9,,,0,100,,1419,9,,,0,100,,1420,9,,,0
300,'5325',801,,1423,3,0,11 12,0,100,,1424,9,,,0,100,,1425,9,,,0,100,,1422,9,,,0,100,,1426,9,,,0,100,,1427,9,,,0,100,,1428,9,,,0,100,,1429,9,,,0,100,,1430,9,,,0,100,,1431,9,,,0,100,,1432,9,,,0
300,'5326',701,,1433,9,,,0,100,,1434,9,0,11 12,0,100,,1435,9,,,0,100,,1436,9,,,0,100,,1438,9,,,0,100,,1437,9,,,0,100,,1439,9,,,0,100,,1440,9,,,0,100,,1441,9,,,0,100,,1442,9,,,0,100,,1443,9,,,0,100,,1444,9,,,0
300,'5328',801,,1447,3,0,11 12,0,100,,1448,9,,,0,100,,1449,9,,,0,100,,1446,9,,,0,100,,1450,9,,,0,100,,1451,9,,,0,100,,1452,9,,,0,100,,1453,9,,,0,100,,1454,9,,,0,100,,1455,9,,,0,100,,1456,9,,,0
3000,'5323',806,,2050,3,,,0,310,,2049,3,,,0,185,,2053,3,,,0,255,,2051,3,,,0,171,,2052,3,,,0
3000,'5325',906,,2054,3,,,0,210,,2055,3,,,0,185,,2057,3,,,0,255,,2056,3,,,0,171,,2058,3,,,0
3000,'5326',806,,2060,3,,,0,310,,2059,3,,,0,185,,2063,3,,,0,255,,2061,3,,,0,171,,2062,3,,,0
3000,'5328',906,,2064,3,,,0,210,,2065,3,,,0,185,,2067,3,,,0,255,,2066,3,,,0,171,,2068,3,,,0
4000,'5323',826,,2090,14,4,,0,516,,2089,14,4,,0
4000,'5326',826,,2092,14,4,,0,516,,2091,14,4,,0
