200,'4833',631,,1279,3,,,0,100,,1280,3,,,0,100,,1281,3,,,0,100,,1282,3,,,0,100,,1283,3,,,0,100,,1284,3,,,0,100,,1285,3,,,0,100,,1286,3,,,0,100,,1287,3,,,0,100,,1288,3,,,0,100,,1289,3,,,0,100,,1290,3,,,0
200,'5323',631,,1291,3,,,0,100,,1292,3,,,0,100,,1293,3,,,0,100,,1294,3,,,0,100,,1295,3,,,0,100,,1296,3,,,0,100,,1297,3,,,0,100,,1298,3,,,0,100,,1299,3,,,0,100,,1300,3,,,0,100,,1301,3,,,0,100,,1302,3,,,0
200,'5325',831,,1303,3,,,0,100,,1304,3,,,0,100,,1305,3,,,0,100,,1306,3,,,0,100,,1307,3,,,0,100,,1308,3,,,0,100,,1309,3,,,0,100,,1310,3,,,0,100,,1311,3,,,0,100,,1312,3,,,0
200,'5326',631,,1313,3,,,0,100,,1314,3,,,0,100,,1315,3,,,0,100,,1316,3,,,0,100,,1317,3,,,0,100,,1318,3,,,0,100,,1319,3,,,0,100,,1320,3,,,0,100,,1321,3,,,0,100,,1322,3,,,0,100,,1323,3,,,0,100,,1324,3,,,0
200,'5328',831,,1325,3,,,0,100,,1326,3,,,0,100,,1327,3,,,0,100,,1328,3,,,0,100,,1329,3,,,0,100,,1330,3,,,0,100,,1331,3,,,0,100,,1332,3,,,0,100,,1333,3,,,0,100,,1334,3,,,0
400,'4833',701,,1518,3,,,0,100,,1523,3,,,0,100,,1525,3,,,0,100,,1526,3,,,0,100,,1527,3,,,0,100,,1528,3,,,0,100,,1529,3,,,0,100,,1530,3,,,0,100,,1524,3,,,0,100,,1521,3,,,0,100,,1522,3,,,0,100,,1520,3,0,7 6,0
400,'5323',701,,1531,3,,,0,100,,1536,3,,,0,100,,1538,3,,,0,100,,1539,3,,,0,100,,1540,3,,,0,100,,1541,3,,,0,100,,1542,3,,,0,100,,1543,3,,,0,100,,1537,3,,,0,100,,1534,3,,,0,100,,1535,3,,,0,100,,1533,3,0,7 6,0
400,'5325',801,,1547,3,,,0,100,,1550,3,,,0,100,,1544,3,,,0,100,,1545,3,,,0,100,,1548,3,,,0,100,,1549,3,,,0,100,,1546,3,,,0,100,,1551,3,,,0,100,,1552,3,,,0,100,,1553,3,,,0,100,,1554,3,0,7 6,0
400,'5326',701,,1556,3,,,0,100,,1561,3,,,0,100,,1563,3,,,0,100,,1564,3,,,0,100,,1565,3,,,0,100,,1566,3,,,0,100,,1567,3,,,0,100,,1568,3,,,0,100,,1562,3,,,0,100,,1559,3,,,0,100,,1560,3,,,0,100,,1558,3,0,7 6,0
400,'5328',801,,1572,3,,,0,100,,1575,3,,,0,100,,1569,3,,,0,100,,1570,3,,,0,100,,1573,3,,,0,100,,1574,3,,,0,100,,1571,3,,,0,100,,1576,3,,,0,100,,1577,3,,,0,100,,1578,3,,,0,100,,1579,3,0,7 6,0
1000,'5323',642,,1896,3,,,0,162,,1897,3,,,0,123,,1900,3,,,0,305,,1898,3,,,0,407,,1899,3,,,0
1000,'5325',804,,1901,3,,,0,428,,1902,3,,,0,407,,1903,3,,,0
1000,'5326',642,,1904,3,,,0,162,,1905,3,,,0,123,,1908,3,,,0,305,,1906,3,,,0,407,,1907,3,,,0
1000,'5328',804,,1909,3,,,0,428,,1910,3,,,0,407,,1911,3,,,0
1101,'5323',1233,,1936,3,,,0,573,,1934,3,,,0
1101,'5326',1233,,1939,3,,,0,573,,1937,3,,,0
1500,'4833',2002,,1943,8,,,0,124,,1944,8,,,0,85,,1946,8,,,0
1500,'5323',2002,,1951,8,,,0,124,,1952,8,,,0,85,,1954,8,,,0
1500,'5325',2002,,1957,8,,,0,124,,1960,8,,,0,85,,1959,8,,,0
1500,'5326',2002,,1966,8,,,0,124,,1967,8,,,0,85,,1969,8,,,0
1500,'5328',2002,,1972,8,,,0,124,,1975,8,,,0,85,,1974,8,,,0
7000,'5323',604,,2105,19,,,0,305,,2106,2,,,0,324,,2107,2,,,0,300,,2108,2,,,0
7000,'5326',604,,2109,19,,,0,305,,2110,2,,,0,324,,2111,2,,,0,300,,2112,2,,,0
