300,'4833',806,,1397,17,0,11 12,0
300,'5323',806,,1410,17,0,11 12,0
300,'5325',806,,1423,11,0,11 12,0
300,'5326',806,,1434,17,0,11 12,0
300,'5328',806,,1447,11,0,11 12,0
400,'4833',723,,1518,31,,,0,100,,1523,31,,,0,100,,1525,31,,,0,100,,1526,31,,,0,100,,1527,31,,,0,100,,1528,31,,,0,100,,1529,31,,,0,100,,1530,31,,,0,100,,1524,31,,,0,100,,1521,31,,,0,100,,1522,31,,,0,110,,1519,16,,,0
400,'5323',723,,1531,31,,,0,100,,1536,31,,,0,100,,1538,31,,,0,100,,1539,31,,,0,100,,1540,31,,,0,100,,1541,31,,,0,100,,1542,31,,,0,100,,1543,31,,,0,100,,1537,31,,,0,100,,1534,31,,,0,100,,1535,31,,,0,110,,1532,16,,,0
400,'5325',823,,1547,31,,,0,100,,1550,31,,,0,100,,1544,31,,,0,100,,1545,31,,,0,100,,1548,31,,,0,100,,1549,31,,,0,100,,1546,31,,,0,100,,1551,31,,,0,100,,1552,31,,,0,100,,1553,31,,,0,110,,1555,16,,,0
400,'5326',723,,1556,31,,,0,100,,1561,31,,,0,100,,1563,31,,,0,100,,1564,31,,,0,100,,1565,31,,,0,100,,1566,31,,,0,100,,1567,31,,,0,100,,1568,31,,,0,100,,1562,31,,,0,100,,1559,31,,,0,100,,1560,31,,,0,110,,1557,16,,,0
400,'5328',823,,1572,31,,,0,100,,1575,31,,,0,100,,1569,31,,,0,100,,1570,31,,,0,100,,1573,31,,,0,100,,1574,31,,,0,100,,1571,31,,,0,100,,1576,31,,,0,100,,1577,31,,,0,100,,1578,31,,,0,110,,1580,16,,,0
1500,'4833',1857,,1940,14,0,14 15,0,164,,1942,14,0,13,0,123,,1945,14,0,13,0,85,,1947,14,0,13,0
1500,'5323',1857,,1948,14,0,14 15,0,164,,1950,14,0,13,0,123,,1953,14,0,13,0,85,,1955,14,0,13,0
1500,'5325',1857,,1956,14,0,13,0,164,,1958,14,0,13,0,123,,1961,14,0,13,0,85,,1962,14,0,13,0
1500,'5326',1857,,1963,14,0,14 15,0,164,,1965,14,0,13,0,123,,1968,14,0,13,0,85,,1970,14,0,13,0
1500,'5328',1857,,1971,14,0,13,0,164,,1973,14,0,13,0,123,,1976,14,0,13,0,85,,1977,14,0,13,0
1501,'4833',1932,,1978,26,0,7,0,124,,1980,26,0,7,0
1501,'5323',1932,,1982,26,0,7,0,124,,1984,26,0,7,0
1501,'5325',1932,,1987,26,0,7,0,124,,1988,26,0,7,0
1501,'5326',1932,,1990,26,0,7,0,124,,1992,26,0,7,0
1501,'5328',1932,,1995,26,0,7,0,124,,1996,26,0,7,0
