200,'4833',634,,1279,7,,,0,100,,1280,7,,,0,100,,1281,7,,,0,100,,1282,7,,,0,100,,1283,7,,,0,100,,1284,7,,,0,100,,1285,7,,,0,100,,1286,7,,,0,100,,1287,7,,,0,100,,1288,7,,,0,100,,1289,7,,,0,100,,1290,7,,,0
200,'5323',634,,1291,7,,,0,100,,1292,7,,,0,100,,1293,7,,,0,100,,1294,7,,,0,100,,1295,7,,,0,100,,1296,7,,,0,100,,1297,7,,,0,100,,1298,7,,,0,100,,1299,7,,,0,100,,1300,7,,,0,100,,1301,7,,,0,100,,1302,7,,,0
200,'5325',834,,1303,7,,,0,100,,1304,7,,,0,100,,1305,7,,,0,100,,1306,7,,,0,100,,1307,7,,,0,100,,1308,7,,,0,100,,1309,7,,,0,100,,1310,7,,,0,100,,1311,7,,,0,100,,1312,7,,,0
200,'5326',634,,1313,7,,,0,100,,1314,7,,,0,100,,1315,7,,,0,100,,1316,7,,,0,100,,1317,7,,,0,100,,1318,7,,,0,100,,1319,7,,,0,100,,1320,7,,,0,100,,1321,7,,,0,100,,1322,7,,,0,100,,1323,7,,,0,100,,1324,7,,,0
200,'5328',834,,1325,7,,,0,100,,1326,7,,,0,100,,1327,7,,,0,100,,1328,7,,,0,100,,1329,7,,,0,100,,1330,7,,,0,100,,1331,7,,,0,100,,1332,7,,,0,100,,1333,7,,,0,100,,1334,7,,,0
401,'4833',734,,1588,9,,,0,100,,1589,9,,,0,100,,1590,9,,,0,100,,1591,9,,,0,100,,1592,9,,,0,100,,1593,9,,,0,100,,1585,9,,,0,100,,1586,9,,,0,100,,1584,9,,,0,100,,1583,9,,,0,100,,1582,9,,,0,110,,1581,9,0,7 6,0
401,'5323',734,,1601,9,,,0,100,,1602,9,,,0,100,,1603,9,,,0,100,,1604,9,,,0,100,,1605,9,,,0,100,,1606,9,,,0,100,,1598,9,,,0,100,,1599,9,,,0,100,,1597,9,,,0,100,,1596,9,,,0,100,,1595,9,,,0,110,,1594,9,0,7 6,0
401,'5325',834,,1607,9,,,0,100,,1609,9,,,0,100,,1610,9,,,0,100,,1608,9,,,0,100,,1612,9,,,0,100,,1611,9,,,0,100,,1613,9,,,0,100,,1614,9,,,0,100,,1615,9,,,0,100,,1616,9,,,0,110,,1617,9,0,7 6,0
401,'5326',734,,1625,9,,,0,100,,1626,9,,,0,100,,1627,9,,,0,100,,1628,9,,,0,100,,1629,9,,,0,100,,1630,9,,,0,100,,1622,9,,,0,100,,1623,9,,,0,100,,1621,9,,,0,100,,1620,9,,,0,100,,1619,9,,,0,110,,1618,9,0,7 6,0
401,'5328',834,,1631,9,,,0,100,,1633,9,,,0,100,,1635,9,,,0,100,,1632,9,,,0,100,,1636,9,,,0,100,,1634,9,,,0,100,,1637,9,,,0,100,,1638,9,,,0,100,,1639,9,,,0,100,,1640,9,,,0,110,,1641,9,0,7 6,0
1000,'5323',645,,1896,7,,,0,162,,1897,7,,,0,123,,1900,7,,,0,305,,1898,7,,,0,407,,1899,7,,,0
1000,'5325',807,,1901,7,,,0,428,,1902,7,,,0,407,,1903,7,,,0
1000,'5326',645,,1904,7,,,0,162,,1905,7,,,0,123,,1908,7,,,0,305,,1906,7,,,0,407,,1907,7,,,0
1000,'5328',807,,1909,7,,,0,428,,1910,7,,,0,407,,1911,7,,,0
1500,'4833',2006,,1943,12,,,0,124,,1944,12,,,0,85,,1946,12,,,0
1500,'5323',2006,,1951,12,,,0,124,,1952,12,,,0,85,,1954,12,,,0
1500,'5325',2006,,1957,12,,,0,124,,1960,12,,,0,85,,1959,12,,,0
1500,'5326',2006,,1966,12,,,0,124,,1967,12,,,0,85,,1969,12,,,0
1500,'5328',2006,,1972,12,,,0,124,,1975,12,,,0,85,,1974,12,,,0
