300,'4833',812,,2125,27,0,11 12,0
300,'5323',812,,2137,27,0,11 12,0
300,'5325',812,,2149,21,0,11 12,0
300,'5326',812,,2160,27,0,11 12,0
401,'4833',730,,1588,3,,,0,100,,1589,3,,,0,100,,1590,3,,,0,100,,1591,3,,,0,100,,1592,3,,,0,100,,1593,3,,,0,100,,1585,3,,,0,100,,1586,3,,,0,100,,1584,3,,,0,100,,1583,3,,,0,100,,1582,3,,,0,110,,1581,3,0,7 6,0
401,'5323',730,,1601,3,,,0,100,,1602,3,,,0,100,,1603,3,,,0,100,,1604,3,,,0,100,,1605,3,,,0,100,,1606,3,,,0,100,,1598,3,,,0,100,,1599,3,,,0,100,,1597,3,,,0,100,,1596,3,,,0,100,,1595,3,,,0,110,,1594,3,0,7 6,0
401,'5325',830,,1607,3,,,0,100,,1609,3,,,0,100,,1610,3,,,0,100,,1608,3,,,0,100,,1612,3,,,0,100,,1611,3,,,0,100,,1613,3,,,0,100,,1614,3,,,0,100,,1615,3,,,0,100,,1616,3,,,0,110,,2241,3,0,7 6,0
401,'5326',730,,1625,3,,,0,100,,1626,3,,,0,100,,1627,3,,,0,100,,1628,3,,,0,100,,1629,3,,,0,100,,1630,3,,,0,100,,1622,3,,,0,100,,1623,3,,,0,100,,1621,3,,,0,100,,1620,3,,,0,100,,1619,3,,,0,110,,1618,3,0,7 6,0
401,'5328',830,,1631,3,,,0,100,,1633,3,,,0,100,,1635,3,,,0,100,,1632,3,,,0,100,,1636,3,,,0,100,,1634,3,,,0,100,,1637,3,,,0,100,,1638,3,,,0,100,,1639,3,,,0,100,,1640,3,,,0,110,,2242,3,0,7 6,0
1500,'4833',1859,,1940,17,0,14 15,0,164,,1942,17,0,13,0,123,,1945,17,0,13,0,85,,1947,17,0,13,0
1500,'5323',1859,,1948,17,0,14 15,0,164,,1950,17,0,13,0,123,,1953,17,0,13,0,85,,1955,17,0,13,0
1500,'5325',1859,,1956,17,0,13,0,164,,1958,17,0,13,0,123,,1961,17,0,13,0,85,,1962,17,0,13,0
1500,'5326',1859,,1963,17,0,14 15,0,164,,1965,17,0,13,0,123,,1968,17,0,13,0,85,,1970,17,0,13,0
1500,'5328',1859,,1971,17,0,13,0,164,,1973,17,0,13,0,123,,1976,17,0,13,0,85,,1977,17,0,13,0
1501,'4833',1934,,1978,29,0,7,0,124,,1980,29,0,7,0
1501,'5323',1934,,1982,29,0,7,0,124,,1984,29,0,7,0
1501,'5325',1934,,1987,29,0,7,0,124,,1988,29,0,7,0
1501,'5326',1934,,1990,29,0,7,0,124,,1992,29,0,7,0
1501,'5328',1934,,1995,29,0,7,0,124,,1996,29,0,7,0
