201,'4833',715,,1335,23,,,0,100,,1336,23,,,0,100,,1337,23,,,0,100,,1338,23,,,0,100,,1339,23,,,0,100,,1340,23,,,0,100,,1341,23,,,0,100,,1342,23,,,0,100,,1343,23,,,0,100,,1344,23,,,0,100,,1345,23,,,0,100,,1347,5,,,0
201,'5323',715,,1348,23,,,0,100,,1349,23,,,0,100,,1350,23,,,0,100,,1351,23,,,0,100,,1352,23,,,0,100,,1353,23,,,0,100,,1354,23,,,0,100,,1355,23,,,0,100,,1356,23,,,0,100,,1357,23,,,0,100,,1358,23,,,0,100,,1360,5,,,0
201,'5325',815,,1361,23,,,0,100,,1362,23,,,0,100,,1363,23,,,0,100,,1364,23,,,0,100,,1365,23,,,0,100,,1366,23,,,0,100,,1367,23,,,0,100,,1368,23,,,0,100,,1369,23,,,0,100,,1370,23,,,0,100,,1371,23,,,0
201,'5326',715,,1372,23,,,0,100,,1373,23,,,0,100,,1374,23,,,0,100,,1375,23,,,0,100,,1376,23,,,0,100,,1377,23,,,0,100,,1378,23,,,0,100,,1379,23,,,0,100,,1380,23,,,0,100,,1381,23,,,0,100,,1382,23,,,0,100,,1384,5,,,0
201,'5328',815,,1385,23,,,0,100,,1386,23,,,0,100,,1388,23,,,0,100,,1387,23,,,0,100,,1389,23,,,0,100,,1390,23,,,0,100,,1391,23,,,0,100,,1392,23,,,0,100,,1393,23,,,0,100,,1394,23,,,0,100,,1395,23,,,0
401,'4833',646,,1587,7,,,0,100,,1588,20,,,0,100,,1589,20,,,0,100,,1590,20,,,0,100,,1591,20,,,0,100,,1592,20,,,0,100,,1593,20,,,0,100,,1585,20,,,0,100,,1586,20,,,0,100,,1584,20,,,0,100,,1583,20,,,0,100,,1582,20,,,0
401,'5323',646,,1600,7,,,0,100,,1601,20,,,0,100,,1602,20,,,0,100,,1603,20,,,0,100,,1604,20,,,0,100,,1605,20,,,0,100,,1606,20,,,0,100,,1598,20,,,0,100,,1599,20,,,0,100,,1597,20,,,0,100,,1596,20,,,0,100,,1595,20,,,0
401,'5325',846,,1607,20,,,0,100,,1609,20,,,0,100,,1610,20,,,0,100,,1608,20,,,0,100,,1612,20,,,0,100,,1611,20,,,0,100,,1613,20,,,0,100,,1614,20,,,0,100,,1615,20,,,0,100,,1616,20,,,0
401,'5326',646,,1624,7,,,0,100,,1625,20,,,0,100,,1626,20,,,0,100,,1627,20,,,0,100,,1628,20,,,0,100,,1629,20,,,0,100,,1630,20,,,0,100,,1622,20,,,0,100,,1623,20,,,0,100,,1621,20,,,0,100,,1620,20,,,0,100,,1619,20,,,0
401,'5328',846,,1631,20,,,0,100,,1633,20,,,0,100,,1635,20,,,0,100,,1632,20,,,0,100,,1636,20,,,0,100,,1634,20,,,0,100,,1637,20,,,0,100,,1638,20,,,0,100,,1639,20,,,0,100,,1640,20,,,0
1100,'5323',1837,,1930,10,,,0
1100,'5326',1837,,1933,10,,,0
1101,'5323',1241,,1936,11,,,0,572,,1934,11,,,0
1101,'5326',1241,,1939,11,,,0,572,,1937,11,,,0
1501,'4833',1942,,1979,5,,,0,164,,1981,5,,,0
1501,'5323',1942,,1983,5,,,0,164,,1985,5,,,0
1501,'5325',1942,,1986,5,,,0,164,,1989,5,,,0
1501,'5326',1942,,1991,5,,,0,164,,1993,5,,,0
1501,'5328',1942,,1994,5,,,0,164,,1997,5,,,0
3001,'5323',747,,2069,12,,,0,310,,2070,10,,,0,185,,2073,10,,,0,295,,2071,12,,,0,170,,2072,10,,,0
3001,'5325',847,,2074,12,,,0,210,,2075,10,,,0,185,,2076,10,,,0,295,,2077,12,,,0,170,,2078,10,,,0
3001,'5326',747,,2079,12,,,0,310,,2080,10,,,0,185,,2083,10,,,0,295,,2081,12,,,0,170,,2082,10,,,0
3001,'5328',847,,2084,12,,,0,210,,2085,10,,,0,185,,2086,10,,,0,295,,2087,12,,,0,170,,2088,10,,,0
4001,'5323',945,,2093,5,,,0,604,,2094,5,,,0
4001,'5326',945,,2095,5,,,0,604,,2096,5,,,0
