300,'4833',803,,1397,14,0,11 12,0
300,'5323',803,,1410,14,0,11 12,0
300,'5325',803,,1423,8,0,11 12,0
300,'5326',803,,1434,14,0,11 12,0
300,'5328',803,,1447,8,0,11 12,0
400,'4833',721,,1518,28,,,0,100,,1523,28,,,0,100,,1525,28,,,0,100,,1526,28,,,0,100,,1527,28,,,0,100,,1528,28,,,0,100,,1529,28,,,0,100,,1530,28,,,0,100,,1524,28,,,0,100,,1521,28,,,0,100,,1522,28,,,0,110,,1519,13,,,0
400,'5323',721,,1531,28,,,0,100,,1536,28,,,0,100,,1538,28,,,0,100,,1539,28,,,0,100,,1540,28,,,0,100,,1541,28,,,0,100,,1542,28,,,0,100,,1543,28,,,0,100,,1537,28,,,0,100,,1534,28,,,0,100,,1535,28,,,0,110,,1532,13,,,0
400,'5325',821,,1547,28,,,0,100,,1550,28,,,0,100,,1544,28,,,0,100,,1545,28,,,0,100,,1548,28,,,0,100,,1549,28,,,0,100,,1546,28,,,0,100,,1551,28,,,0,100,,1552,28,,,0,100,,1553,28,,,0,110,,1555,13,,,0
400,'5326',721,,1556,28,,,0,100,,1561,28,,,0,100,,1563,28,,,0,100,,1564,28,,,0,100,,1565,28,,,0,100,,1566,28,,,0,100,,1567,28,,,0,100,,1568,28,,,0,100,,1562,28,,,0,100,,1559,28,,,0,100,,1560,28,,,0,110,,1557,13,,,0
400,'5328',821,,1572,28,,,0,100,,1575,28,,,0,100,,1569,28,,,0,100,,1570,28,,,0,100,,1573,28,,,0,100,,1574,28,,,0,100,,1571,28,,,0,100,,1576,28,,,0,100,,1577,28,,,0,100,,1578,28,,,0,110,,1580,13,,,0
1500,'4833',1855,,1940,11,0,14 15,0,164,,1942,11,0,13,0,123,,1945,11,0,13,0,85,,1947,11,0,13,0
1500,'5323',1855,,1948,11,0,14 15,0,164,,1950,11,0,13,0,123,,1953,11,0,13,0,85,,1955,11,0,13,0
1500,'5325',1855,,1956,11,0,13,0,164,,1958,11,0,13,0,123,,1961,11,0,13,0,85,,1962,11,0,13,0
1500,'5326',1855,,1963,11,0,14 15,0,164,,1965,11,0,13,0,123,,1968,11,0,13,0,85,,1970,11,0,13,0
1500,'5328',1855,,1971,11,0,13,0,164,,1973,11,0,13,0,123,,1976,11,0,13,0,85,,1977,11,0,13,0
1501,'4833',1930,,1978,23,0,7,0,124,,1980,23,0,7,0
1501,'5323',1930,,1982,23,0,7,0,124,,1984,23,0,7,0
1501,'5325',1930,,1987,23,0,7,0,124,,1988,23,0,7,0
1501,'5326',1930,,1990,23,0,7,0,124,,1992,23,0,7,0
1501,'5328',1930,,1995,23,0,7,0,124,,1996,23,0,7,0
