100,'4833',824,,1159,1,,,0
100,'5323',824,,1172,1,,,0
100,'5325',824,,1183,1,,,0
100,'5326',824,,1196,1,,,0
100,'5328',824,,1207,1,,,0
101,'4833',824,,1220,38,4,,0
101,'5323',824,,1233,38,4,,0
101,'5325',824,,1254,15,4,,0
101,'5326',824,,1257,38,4,,0
101,'5328',824,,1278,15,4,,0
300,'4833',652,,1396,3,,,0,100,,1397,3,0,11 12,0,100,,1398,3,,,0,100,,1399,3,,,0,100,,1401,3,,,0,100,,1400,3,,,0,100,,1402,3,,,0,100,,1403,3,,,0,100,,1404,3,,,0,100,,1405,3,,,0,100,,1406,3,,,0,100,,1407,3,,,0
300,'5323',652,,1409,3,,,0,100,,1410,3,0,11 12,0,100,,1411,3,,,0,100,,1412,3,,,0,100,,1414,3,,,0,100,,1413,3,,,0,100,,1415,3,,,0,100,,1416,3,,,0,100,,1417,3,,,0,100,,1418,3,,,0,100,,1419,3,,,0,100,,1420,3,,,0
300,'5325',852,,1424,3,,,0,100,,1425,3,,,0,100,,1422,3,,,0,100,,1426,3,,,0,100,,1427,3,,,0,100,,1428,3,,,0,100,,1429,3,,,0,100,,1430,3,,,0,100,,1431,3,,,0,100,,1432,3,,,0
300,'5326',652,,1433,3,,,0,100,,1434,3,0,11 12,0,100,,1435,3,,,0,100,,1436,3,,,0,100,,1438,3,,,0,100,,1437,3,,,0,100,,1439,3,,,0,100,,1440,3,,,0,100,,1441,3,,,0,100,,1442,3,,,0,100,,1443,3,,,0,100,,1444,3,,,0
300,'5328',852,,1448,3,,,0,100,,1449,3,,,0,100,,1446,3,,,0,100,,1450,3,,,0,100,,1451,3,,,0,100,,1452,3,,,0,100,,1453,3,,,0,100,,1454,3,,,0,100,,1455,3,,,0,100,,1456,3,,,0
500,'4833',722,7,1642,8,,,0,30,7,1664,8,,,0,70,7,1644,8,,,0,30,7,1662,8,,,0,70,7,1645,8,,,0,30,7,1652,8,,,0,70,7,1646,8,,,0,30,7,1653,8,,,0,70,7,1643,8,,,0,30,7,1654,8,,,0,70,7,1648,8,,,0,30,7,1655,8,,,0,70,7,1647,8,,,0,30,7,1656,8,,,0,70,7,1649,8,,,0,30,7,1659,8,,,0,70,7,1650,8,,,0,30,7,1665,8,,,0,70,7,1651,8,,,0,30,7,1663,8,,,0,70,7,1657,8,,,0,30,7,1658,8,,,0,70,7,1660,8,,,0,23,,1661,8,4,,0
500,'5322',1252,7,1666,8,,,0,100,7,1667,8,,,0,100,7,1668,8,,,0,100,7,1669,8,,,0
500,'5323',722,7,1670,8,,,0,30,7,1692,8,,,0,70,7,1672,8,,,0,30,7,1690,8,,,0,70,7,1673,8,,,0,30,7,1680,8,,,0,70,7,1674,8,,,0,30,7,1681,8,,,0,70,7,1671,8,,,0,30,7,1682,8,,,0,70,7,1676,8,,,0,30,7,1683,8,,,0,70,7,1675,8,,,0,30,7,1684,8,,,0,70,7,1677,8,,,0,30,7,1687,8,,,0,70,7,1678,8,,,0,30,7,1693,8,,,0,70,7,1679,8,,,0,30,7,1691,8,,,0,70,7,1685,8,,,0,30,7,1686,8,,,0,70,7,1688,8,,,0,23,,1689,8,4,,0
500,'5325',922,7,1694,8,,,0,30,7,1710,8,,,0,70,7,1699,8,,,0,30,7,1707,8,,,0,70,7,1700,8,,,0,30,7,1708,8,,,0,70,7,1702,8,,,0,30,7,1706,8,,,0,70,7,1703,8,,,0,30,7,1709,8,,,0,70,7,1701,8,,,0,30,7,1711,8,,,0,70,7,1698,8,,,0,30,7,1705,8,,,0,70,7,1697,8,,,0,30,7,1704,8,,,0,70,7,1695,8,,,0,30,7,1712,8,,,0,70,7,1696,8,,,0,23,,1713,8,4,,0
500,'5326',722,7,1714,8,,,0,30,7,1736,8,,,0,70,7,1716,8,,,0,30,7,1734,8,,,0,70,7,1717,8,,,0,30,7,1724,8,,,0,70,7,1718,8,,,0,30,7,1725,8,,,0,70,7,1715,8,,,0,30,7,1726,8,,,0,70,7,1720,8,,,0,30,7,1727,8,,,0,70,7,1719,8,,,0,30,7,1728,8,,,0,70,7,1721,8,,,0,30,7,1731,8,,,0,70,7,1722,8,,,0,30,7,1737,8,,,0,70,7,1723,8,,,0,30,7,1735,8,,,0,70,7,1729,8,,,0,30,7,1730,8,,,0,70,7,1732,8,,,0,23,,1733,8,4,,0,77,7,1738,8,,,0,100,7,1739,8,,,0,100,7,1740,8,,,0,100,7,1741,8,,,0,100,7,1742,8,,,0
500,'5328',922,7,1743,8,,,0,30,7,1759,8,,,0,70,7,1748,8,,,0,30,7,1756,8,,,0,70,7,1749,8,,,0,30,7,1757,8,,,0,70,7,1751,8,,,0,30,7,1755,8,,,0,70,7,1752,8,,,0,30,7,1758,8,,,0,70,7,1750,8,,,0,30,7,1760,8,,,0,70,7,1747,8,,,0,30,7,1754,8,,,0,70,7,1746,8,,,0,30,7,1753,8,,,0,70,7,1744,8,,,0,30,7,1761,8,,,0,70,7,1745,8,,,0,23,,1762,8,4,,0,77,7,1763,8,,,0,100,7,1764,8,,,0,100,7,1765,8,,,0,100,7,1766,8,,,0,100,7,1767,8,,,0
1600,'5322',952,,2001,3,,,0,100,,2000,3,,,0,100,,1999,3,,,0,100,,2002,3,,,0,100,,2003,3,,,0,100,,2004,3,,,0,100,,2005,3,,,0,100,,2006,3,,,0,100,,2008,3,,,0,100,,2007,3,0,14 15,0
4000,'5323',820,,2090,8,4,,0,516,,2089,8,4,,0
4000,'5326',820,,2092,8,4,,0,516,,2091,8,4,,0
5000,'5324',855,,2101,8,,,0
5000,'5327',855,,2102,8,,,0
7000,'5323',559,,2105,14,,,0
7000,'5326',559,,2109,14,,,0
