401,'4833',732,,1588,6,,,0,100,,1589,6,,,0,100,,1590,6,,,0,100,,1591,6,,,0,100,,1592,6,,,0,100,,1593,6,,,0,100,,1585,6,,,0,100,,1586,6,,,0,100,,1584,6,,,0,100,,1583,6,,,0,100,,1582,6,,,0,110,,1581,6,0,7 6,0
401,'5323',732,,1601,6,,,0,100,,1602,6,,,0,100,,1603,6,,,0,100,,1604,6,,,0,100,,1605,6,,,0,100,,1606,6,,,0,100,,1598,6,,,0,100,,1599,6,,,0,100,,1597,6,,,0,100,,1596,6,,,0,100,,1595,6,,,0,110,,1594,6,0,7 6,0
401,'5325',832,,1607,6,,,0,100,,1609,6,,,0,100,,1610,6,,,0,100,,1608,6,,,0,100,,1612,6,,,0,100,,1611,6,,,0,100,,1613,6,,,0,100,,1614,6,,,0,100,,1615,6,,,0,100,,1616,6,,,0,110,,1617,6,0,7 6,0
401,'5326',732,,1625,6,,,0,100,,1626,6,,,0,100,,1627,6,,,0,100,,1628,6,,,0,100,,1629,6,,,0,100,,1630,6,,,0,100,,1622,6,,,0,100,,1623,6,,,0,100,,1621,6,,,0,100,,1620,6,,,0,100,,1619,6,,,0,110,,1618,6,0,7 6,0
401,'5328',832,,1631,6,,,0,100,,1633,6,,,0,100,,1635,6,,,0,100,,1632,6,,,0,100,,1636,6,,,0,100,,1634,6,,,0,100,,1637,6,,,0,100,,1638,6,,,0,100,,1639,6,,,0,100,,1640,6,,,0,110,,1641,6,0,7 6,0
1500,'4833',1900,,1940,20,0,14 15,0,124,,1942,20,0,13,0,123,,1945,20,0,13,0,85,,1947,20,0,13,0
1500,'5323',1900,,1948,20,0,14 15,0,124,,1950,20,0,13,0,123,,1953,20,0,13,0,85,,1955,20,0,13,0
1500,'5325',1900,,1956,20,0,13,0,124,,1958,20,0,13,0,123,,1961,20,0,13,0,85,,1962,20,0,13,0
1500,'5326',1900,,1963,20,0,14 15,0,124,,1965,20,0,13,0,123,,1968,20,0,13,0,85,,1970,20,0,13,0
1500,'5328',1900,,1971,20,0,13,0,124,,1973,20,0,13,0,123,,1976,20,0,13,0,85,,1977,20,0,13,0
3000,'5323',810,,2050,10,,,0,310,,2049,10,,,0,185,,2053,10,,,0,295,,2051,10,,,0,131,,2052,10,,,0
3000,'5325',910,,2054,10,,,0,210,,2055,10,,,0,185,,2057,10,,,0,295,,2056,10,,,0,131,,2058,10,,,0
3000,'5326',810,,2060,10,,,0,310,,2059,10,,,0,185,,2063,10,,,0,295,,2061,10,,,0,131,,2062,10,,,0
3000,'5328',910,,2064,10,,,0,210,,2065,10,,,0,185,,2067,10,,,0,295,,2066,10,,,0,131,,2068,10,,,0
4000,'5323',830,,2090,20,4,,0,516,,2089,20,4,,0
4000,'5326',830,,2092,20,4,,0,516,,2091,20,4,,0
7001,'5323',851,,2113,24,0,14 15,0,296,,2114,22,0,14 15,0,365,,2115,24,0,14 15,0,304,,2116,22,,,0
7001,'5326',851,,2117,24,0,14 15,0,296,,2118,22,0,14 15,0,365,,2119,24,0,14 15,0,304,,2120,22,,,0
