100,'4833',645,,1157,31,,,0,100,,1158,31,,,0,100,,1159,24,,,0,100,,1160,31,,,0,100,,1161,31,,,0,100,,1162,31,,,0,100,,1163,31,,,0,100,,1164,31,,,0,100,,1165,31,,,0,100,,1166,31,,,0,100,,1167,31,,,0,100,,1168,31,,,0
100,'5323',645,,1170,31,,,0,100,,1171,31,,,0,100,,1172,24,,,0,100,,1173,31,,,0,100,,1174,31,,,0,100,,1175,31,,,0,100,,1176,31,,,0,100,,1177,31,,,0,100,,1178,31,,,0,100,,1179,31,,,0,100,,1180,31,,,0,100,,1181,31,,,0
100,'5325',845,,1183,24,,,0,100,,1185,31,,,0,100,,1190,31,,,0,100,,1193,31,,,0,100,,1186,31,,,0,100,,1184,31,,,0,100,,1188,31,,,0,100,,1189,31,,,0,100,,1187,31,,,0,100,,1192,31,,,0
100,'5326',645,,1194,31,,,0,100,,1195,31,,,0,100,,1196,24,,,0,100,,1197,31,,,0,100,,1198,31,,,0,100,,1199,31,,,0,100,,1200,31,,,0,100,,1201,31,,,0,100,,1202,31,,,0,100,,1203,31,,,0,100,,1204,31,,,0,100,,1205,31,,,0
100,'5328',845,,1207,24,,,0,100,,1210,31,,,0,100,,1214,31,,,0,100,,1217,31,,,0,100,,1209,31,,,0,100,,1208,31,,,0,100,,1212,31,,,0,100,,1213,31,,,0,100,,1211,31,,,0,100,,1216,31,,,0
201,'4833',714,,1335,22,,,0,100,,1336,22,,,0,100,,1337,22,,,0,100,,1338,22,,,0,100,,1339,22,,,0,100,,1340,22,,,0,100,,1341,22,,,0,100,,1342,22,,,0,100,,1343,22,,,0,100,,1344,22,,,0,100,,1345,22,,,0,100,,2121,4,,,0
201,'5323',714,,1348,22,,,0,100,,1349,22,,,0,100,,1350,22,,,0,100,,1351,22,,,0,100,,1352,22,,,0,100,,1353,22,,,0,100,,1354,22,,,0,100,,1355,22,,,0,100,,1356,22,,,0,100,,1357,22,,,0,100,,1358,22,,,0,100,,2122,4,,,0
201,'5325',814,,1361,22,,,0,100,,1362,22,,,0,100,,1363,22,,,0,100,,1364,22,,,0,100,,1365,22,,,0,100,,1366,22,,,0,100,,1367,22,,,0,100,,1368,22,,,0,100,,1369,22,,,0,100,,1370,22,,,0,100,,1371,22,,,0
201,'5326',714,,1372,22,,,0,100,,1373,22,,,0,100,,1374,22,,,0,100,,1375,22,,,0,100,,1376,22,,,0,100,,1377,22,,,0,100,,1378,22,,,0,100,,1379,22,,,0,100,,1380,22,,,0,100,,1381,22,,,0,100,,1382,22,,,0,100,,2123,4,,,0
201,'5328',814,,1385,22,,,0,100,,1386,22,,,0,100,,1388,22,,,0,100,,1387,22,,,0,100,,1389,22,,,0,100,,1390,22,,,0,100,,1391,22,,,0,100,,1392,22,,,0,100,,1393,22,,,0,100,,1394,22,,,0,100,,1395,22,,,0
1101,'5323',1241,,1936,10,,,0,572,,1934,10,,,0
1101,'5326',1241,,1939,10,,,0,572,,1937,10,,,0
1501,'4833',1941,,1979,4,,,0,164,,1981,4,,,0
1501,'5323',1941,,1983,4,,,0,164,,1985,4,,,0
1501,'5325',1941,,1986,4,,,0,164,,1989,4,,,0
1501,'5326',1941,,1991,4,,,0,164,,1993,4,,,0
1501,'5328',1941,,1994,4,,,0,164,,1997,4,,,0
1600,'5322',912,,1998,22,,,0,100,,2001,28,,,0,100,,2000,28,,,0,100,,1999,28,,,0,100,,2002,28,,,0,100,,2003,28,,,0,100,,2004,28,,,0,100,,2005,28,,,0,100,,2006,28,,,0,100,,2008,28,,,0
4001,'5323',945,,2093,4,,,0,604,,2094,4,,,0
4001,'5326',945,,2095,4,,,0,604,,2096,4,,,0
7000,'5323',614,,2105,35,,,0,305,,2106,18,,,0,324,,2107,18,,,0,300,,2108,18,,,0
7000,'5326',614,,2109,35,,,0,305,,2110,18,,,0,324,,2111,18,,,0,300,,2112,18,,,0
