201,'4833',720,,1335,28,,,0,100,,1336,28,,,0,100,,1337,28,,,0,100,,1338,28,,,0,100,,1339,28,,,0,100,,1340,28,,,0,100,,1341,28,,,0,100,,1342,28,,,0,100,,1343,28,,,0,100,,1344,28,,,0,100,,1345,28,,,0,100,,1347,10,,,0
201,'5323',720,,1348,28,,,0,100,,1349,28,,,0,100,,1350,28,,,0,100,,1351,28,,,0,100,,1352,28,,,0,100,,1353,28,,,0,100,,1354,28,,,0,100,,1355,28,,,0,100,,1356,28,,,0,100,,1357,28,,,0,100,,1358,28,,,0,100,,1360,10,,,0
201,'5325',820,,1361,28,,,0,100,,1362,28,,,0,100,,1363,28,,,0,100,,1364,28,,,0,100,,1365,28,,,0,100,,1366,28,,,0,100,,1367,28,,,0,100,,1368,28,,,0,100,,1369,28,,,0,100,,1370,28,,,0,100,,1371,28,,,0
201,'5326',720,,1372,28,,,0,100,,1373,28,,,0,100,,1374,28,,,0,100,,1375,28,,,0,100,,1376,28,,,0,100,,1377,28,,,0,100,,1378,28,,,0,100,,1379,28,,,0,100,,1380,28,,,0,100,,1381,28,,,0,100,,1382,28,,,0,100,,1384,10,,,0
201,'5328',820,,1385,28,,,0,100,,1386,28,,,0,100,,1388,28,,,0,100,,1387,28,,,0,100,,1389,28,,,0,100,,1390,28,,,0,100,,1391,28,,,0,100,,1392,28,,,0,100,,1393,28,,,0,100,,1394,28,,,0,100,,1395,28,,,0
1501,'4833',1946,,1979,10,,,0,164,,1981,10,,,0
1501,'5323',1946,,1983,10,,,0,164,,1985,10,,,0
1501,'5325',1946,,1986,10,,,0,164,,1989,10,,,0
1501,'5326',1946,,1991,10,,,0,164,,1993,10,,,0
1501,'5328',1946,,1994,10,,,0,164,,1997,10,,,0
