300,'4833',804,,1397,15,0,11 12,0
300,'5323',804,,1410,15,0,11 12,0
300,'5325',804,,1423,9,0,11 12,0
300,'5326',804,,1434,15,0,11 12,0
300,'5328',804,,1447,9,0,11 12,0
400,'4833',721,,1518,29,,,0,100,,1523,29,,,0,100,,1525,29,,,0,100,,1526,29,,,0,100,,1527,29,,,0,100,,1528,29,,,0,100,,1529,29,,,0,100,,1530,29,,,0,100,,1524,29,,,0,100,,1521,29,,,0,100,,1522,29,,,0,110,,1519,14,,,0
400,'5323',721,,1531,29,,,0,100,,1536,29,,,0,100,,1538,29,,,0,100,,1539,29,,,0,100,,1540,29,,,0,100,,1541,29,,,0,100,,1542,29,,,0,100,,1543,29,,,0,100,,1537,29,,,0,100,,1534,29,,,0,100,,1535,29,,,0,110,,1532,14,,,0
400,'5325',821,,1547,29,,,0,100,,1550,29,,,0,100,,1544,29,,,0,100,,1545,29,,,0,100,,1548,29,,,0,100,,1549,29,,,0,100,,1546,29,,,0,100,,1551,29,,,0,100,,1552,29,,,0,100,,1553,29,,,0,110,,1555,14,,,0
400,'5326',721,,1556,29,,,0,100,,1561,29,,,0,100,,1563,29,,,0,100,,1564,29,,,0,100,,1565,29,,,0,100,,1566,29,,,0,100,,1567,29,,,0,100,,1568,29,,,0,100,,1562,29,,,0,100,,1559,29,,,0,100,,1560,29,,,0,110,,1557,14,,,0
400,'5328',821,,1572,29,,,0,100,,1575,29,,,0,100,,1569,29,,,0,100,,1570,29,,,0,100,,1573,29,,,0,100,,1574,29,,,0,100,,1571,29,,,0,100,,1576,29,,,0,100,,1577,29,,,0,100,,1578,29,,,0,110,,1580,14,,,0
1500,'4833',1856,,1940,12,0,14 15,0,164,,1942,12,0,13,0,123,,1945,12,0,13,0,85,,1947,12,0,13,0
1500,'5323',1856,,1948,12,0,14 15,0,164,,1950,12,0,13,0,123,,1953,12,0,13,0,85,,1955,12,0,13,0
1500,'5325',1856,,1956,12,0,13,0,164,,1958,12,0,13,0,123,,1961,12,0,13,0,85,,1962,12,0,13,0
1500,'5326',1856,,1963,12,0,14 15,0,164,,1965,12,0,13,0,123,,1968,12,0,13,0,85,,1970,12,0,13,0
1500,'5328',1856,,1971,12,0,13,0,164,,1973,12,0,13,0,123,,1976,12,0,13,0,85,,1977,12,0,13,0
1501,'4833',1931,,1978,24,0,7,0,124,,1980,24,0,7,0
1501,'5323',1931,,1982,24,0,7,0,124,,1984,24,0,7,0
1501,'5325',1931,,1987,24,0,7,0,124,,1988,24,0,7,0
1501,'5326',1931,,1990,24,0,7,0,124,,1992,24,0,7,0
1501,'5328',1931,,1995,24,0,7,0,124,,1996,24,0,7,0
