100,'4833',644,,1157,30,,,0,100,,1158,30,,,0,100,,1159,23,,,0,100,,1160,30,,,0,100,,1161,30,,,0,100,,1162,30,,,0,100,,1163,30,,,0,100,,1164,30,,,0,100,,1165,30,,,0,100,,1166,30,,,0,100,,1167,30,,,0,100,,1168,30,,,0
100,'5323',644,,1170,30,,,0,100,,1171,30,,,0,100,,1172,23,,,0,100,,1173,30,,,0,100,,1174,30,,,0,100,,1175,30,,,0,100,,1176,30,,,0,100,,1177,30,,,0,100,,1178,30,,,0,100,,1179,30,,,0,100,,1180,30,,,0,100,,1181,30,,,0
100,'5325',844,,1183,23,,,0,100,,1185,30,,,0,100,,1190,30,,,0,100,,1193,30,,,0,100,,1186,30,,,0,100,,1184,30,,,0,100,,1188,30,,,0,100,,1189,30,,,0,100,,1187,30,,,0,100,,1192,30,,,0
100,'5326',644,,1194,30,,,0,100,,1195,30,,,0,100,,1196,23,,,0,100,,1197,30,,,0,100,,1198,30,,,0,100,,1199,30,,,0,100,,1200,30,,,0,100,,1201,30,,,0,100,,1202,30,,,0,100,,1203,30,,,0,100,,1204,30,,,0,100,,1205,30,,,0
100,'5328',844,,1207,23,,,0,100,,1210,30,,,0,100,,1214,30,,,0,100,,1217,30,,,0,100,,1209,30,,,0,100,,1208,30,,,0,100,,1212,30,,,0,100,,1213,30,,,0,100,,1211,30,,,0,100,,1216,30,,,0
201,'4833',714,,1335,21,,,0,100,,1336,21,,,0,100,,1337,21,,,0,100,,1338,21,,,0,100,,1339,21,,,0,100,,1340,21,,,0,100,,1341,21,,,0,100,,1342,21,,,0,100,,1343,21,,,0,100,,1344,21,,,0,100,,1345,21,,,0,100,,2121,3,,,0
201,'5323',714,,1348,21,,,0,100,,1349,21,,,0,100,,1350,21,,,0,100,,1351,21,,,0,100,,1352,21,,,0,100,,1353,21,,,0,100,,1354,21,,,0,100,,1355,21,,,0,100,,1356,21,,,0,100,,1357,21,,,0,100,,1358,21,,,0,100,,2122,3,,,0
201,'5325',814,,1361,21,,,0,100,,1362,21,,,0,100,,1363,21,,,0,100,,1364,21,,,0,100,,1365,21,,,0,100,,1366,21,,,0,100,,1367,21,,,0,100,,1368,21,,,0,100,,1369,21,,,0,100,,1370,21,,,0,100,,1371,21,,,0
201,'5326',714,,1372,21,,,0,100,,1373,21,,,0,100,,1374,21,,,0,100,,1375,21,,,0,100,,1376,21,,,0,100,,1377,21,,,0,100,,1378,21,,,0,100,,1379,21,,,0,100,,1380,21,,,0,100,,1381,21,,,0,100,,1382,21,,,0,100,,2123,3,,,0
201,'5328',814,,1385,21,,,0,100,,1386,21,,,0,100,,1388,21,,,0,100,,1387,21,,,0,100,,1389,21,,,0,100,,1390,21,,,0,100,,1391,21,,,0,100,,1392,21,,,0,100,,1393,21,,,0,100,,1394,21,,,0,100,,1395,21,,,0
1101,'5323',1240,,1936,9,,,0,572,,1934,9,,,0
1101,'5326',1240,,1939,9,,,0,572,,1937,9,,,0
1501,'4833',1941,,1979,3,,,0,164,,1981,3,,,0
1501,'5323',1941,,1983,3,,,0,164,,1985,3,,,0
1501,'5325',1941,,1986,3,,,0,164,,1989,3,,,0
1501,'5326',1941,,1991,3,,,0,164,,1993,3,,,0
1501,'5328',1941,,1994,3,,,0,164,,1997,3,,,0
1600,'5322',912,,1998,21,,,0,100,,2001,27,,,0,100,,2000,27,,,0,100,,1999,27,,,0,100,,2002,27,,,0,100,,2003,27,,,0,100,,2004,27,,,0,100,,2005,27,,,0,100,,2006,27,,,0,100,,2008,27,,,0
4001,'5323',944,,2093,3,,,0,604,,2094,3,,,0
4001,'5326',944,,2095,3,,,0,604,,2096,3,,,0
7000,'5323',613,,2105,34,,,0,305,,2106,17,,,0,324,,2107,17,,,0,300,,2108,17,,,0
7000,'5326',613,,2109,34,,,0,305,,2110,17,,,0,324,,2111,17,,,0,300,,2112,17,,,0
