200,'4833',640,,1279,14,,,0,100,,1280,14,,,0,100,,1281,14,,,0,100,,1282,14,,,0,100,,1283,14,,,0,100,,1284,14,,,0,100,,1285,14,,,0,100,,1286,14,,,0,100,,1287,14,,,0,100,,1288,14,,,0,100,,1289,14,,,0,100,,1290,14,,,0
200,'5323',640,,1291,14,,,0,100,,1292,14,,,0,100,,1293,14,,,0,100,,1294,14,,,0,100,,1295,14,,,0,100,,1296,14,,,0,100,,1297,14,,,0,100,,1298,14,,,0,100,,1299,14,,,0,100,,1300,14,,,0,100,,1301,14,,,0,100,,1302,14,,,0
200,'5325',840,,1303,14,,,0,100,,1304,14,,,0,100,,1305,14,,,0,100,,1306,14,,,0,100,,1307,14,,,0,100,,1308,14,,,0,100,,1309,14,,,0,100,,1310,14,,,0,100,,1311,14,,,0,100,,1312,14,,,0
200,'5326',640,,1313,14,,,0,100,,1314,14,,,0,100,,1315,14,,,0,100,,1316,14,,,0,100,,1317,14,,,0,100,,1318,14,,,0,100,,1319,14,,,0,100,,1320,14,,,0,100,,1321,14,,,0,100,,1322,14,,,0,100,,1323,14,,,0,100,,1324,14,,,0
200,'5328',840,,1325,14,,,0,100,,1326,14,,,0,100,,1327,14,,,0,100,,1328,14,,,0,100,,1329,14,,,0,100,,1330,14,,,0,100,,1331,14,,,0,100,,1332,14,,,0,100,,1333,14,,,0,100,,1334,14,,,0
400,'4833',707,,1518,10,,,0,100,,1523,10,,,0,100,,1525,10,,,0,100,,1526,10,,,0,100,,1527,10,,,0,100,,1528,10,,,0,100,,1529,10,,,0,100,,1530,10,,,0,100,,1524,10,,,0,100,,1521,10,,,0,100,,1522,10,,,0,100,,1520,10,0,7 6,0
400,'5323',707,,1531,10,,,0,100,,1536,10,,,0,100,,1538,10,,,0,100,,1539,10,,,0,100,,1540,10,,,0,100,,1541,10,,,0,100,,1542,10,,,0,100,,1543,10,,,0,100,,1537,10,,,0,100,,1534,10,,,0,100,,1535,10,,,0,100,,1533,10,0,7 6,0
400,'5325',807,,1547,10,,,0,100,,1550,10,,,0,100,,1544,10,,,0,100,,1545,10,,,0,100,,1548,10,,,0,100,,1549,10,,,0,100,,1546,10,,,0,100,,1551,10,,,0,100,,1552,10,,,0,100,,1553,10,,,0,100,,1554,10,0,7 6,0
400,'5326',707,,1556,10,,,0,100,,1561,10,,,0,100,,1563,10,,,0,100,,1564,10,,,0,100,,1565,10,,,0,100,,1566,10,,,0,100,,1567,10,,,0,100,,1568,10,,,0,100,,1562,10,,,0,100,,1559,10,,,0,100,,1560,10,,,0,100,,1558,10,0,7 6,0
400,'5328',807,,1572,10,,,0,100,,1575,10,,,0,100,,1569,10,,,0,100,,1570,10,,,0,100,,1573,10,,,0,100,,1574,10,,,0,100,,1571,10,,,0,100,,1576,10,,,0,100,,1577,10,,,0,100,,1578,10,,,0,100,,1579,10,0,7 6,0
1500,'4833',2011,,1943,19,,,0,124,,1944,19,,,0,85,,1946,19,,,0
1500,'5323',2011,,1951,19,,,0,124,,1952,19,,,0,85,,1954,19,,,0
1500,'5325',2011,,1957,19,,,0,124,,1960,19,,,0,85,,1959,19,,,0
1500,'5326',2011,,1966,19,,,0,124,,1967,19,,,0,85,,1969,19,,,0
1500,'5328',2011,,1972,19,,,0,124,,1975,19,,,0,85,,1974,19,,,0
3000,'5323',815,,2050,16,,,0,310,,2049,16,,,0,185,,2053,16,,,0,295,,2051,16,,,0,131,,2052,16,,,0
3000,'5325',915,,2054,16,,,0,210,,2055,16,,,0,185,,2057,16,,,0,295,,2056,16,,,0,131,,2058,16,,,0
3000,'5326',815,,2060,16,,,0,310,,2059,16,,,0,185,,2063,16,,,0,295,,2061,16,,,0,131,,2062,16,,,0
3000,'5328',915,,2064,16,,,0,210,,2065,16,,,0,185,,2067,16,,,0,295,,2066,16,,,0,131,,2068,16,,,0
4000,'5323',838,,2090,26,4,,0,516,,2089,26,4,,0
4000,'5326',838,,2092,26,4,,0,516,,2091,26,4,,0
