100,'4833',644,,1157,28,,,0,100,,1158,28,,,0,100,,1159,21,,,0,100,,1160,28,,,0,100,,1161,28,,,0,100,,1162,28,,,0,100,,1163,28,,,0,100,,1164,28,,,0,100,,1165,28,,,0,100,,1166,28,,,0,100,,1167,28,,,0,100,,1168,28,,,0
100,'5323',644,,1170,28,,,0,100,,1171,28,,,0,100,,1172,21,,,0,100,,1173,28,,,0,100,,1174,28,,,0,100,,1175,28,,,0,100,,1176,28,,,0,100,,1177,28,,,0,100,,1178,28,,,0,100,,1179,28,,,0,100,,1180,28,,,0,100,,1181,28,,,0
100,'5325',844,,1183,21,,,0,100,,1185,28,,,0,100,,1190,28,,,0,100,,1193,28,,,0,100,,1186,28,,,0,100,,1184,28,,,0,100,,1188,28,,,0,100,,1189,28,,,0,100,,1187,28,,,0,100,,1192,28,,,0
100,'5326',644,,1194,28,,,0,100,,1195,28,,,0,100,,1196,21,,,0,100,,1197,28,,,0,100,,1198,28,,,0,100,,1199,28,,,0,100,,1200,28,,,0,100,,1201,28,,,0,100,,1202,28,,,0,100,,1203,28,,,0,100,,1204,28,,,0,100,,1205,28,,,0
100,'5328',844,,1207,21,,,0,100,,1210,28,,,0,100,,1214,28,,,0,100,,1217,28,,,0,100,,1209,28,,,0,100,,1208,28,,,0,100,,1212,28,,,0,100,,1213,28,,,0,100,,1211,28,,,0,100,,1216,28,,,0
201,'4833',713,,1335,19,,,0,100,,1336,19,,,0,100,,1337,19,,,0,100,,1338,19,,,0,100,,1339,19,,,0,100,,1340,19,,,0,100,,1341,19,,,0,100,,1342,19,,,0,100,,1343,19,,,0,100,,1344,19,,,0,100,,1345,19,,,0,100,,1347,1,,,0
201,'5323',713,,1348,19,,,0,100,,1349,19,,,0,100,,1350,19,,,0,100,,1351,19,,,0,100,,1352,19,,,0,100,,1353,19,,,0,100,,1354,19,,,0,100,,1355,19,,,0,100,,1356,19,,,0,100,,1357,19,,,0,100,,1358,19,,,0,100,,1360,1,,,0
201,'5325',813,,1361,19,,,0,100,,1362,19,,,0,100,,1363,19,,,0,100,,1364,19,,,0,100,,1365,19,,,0,100,,1366,19,,,0,100,,1367,19,,,0,100,,1368,19,,,0,100,,1369,19,,,0,100,,1370,19,,,0,100,,1371,19,,,0
201,'5326',713,,1372,19,,,0,100,,1373,19,,,0,100,,1374,19,,,0,100,,1375,19,,,0,100,,1376,19,,,0,100,,1377,19,,,0,100,,1378,19,,,0,100,,1379,19,,,0,100,,1380,19,,,0,100,,1381,19,,,0,100,,1382,19,,,0,100,,1384,1,,,0
201,'5328',813,,1385,19,,,0,100,,1386,19,,,0,100,,1388,19,,,0,100,,1387,19,,,0,100,,1389,19,,,0,100,,1390,19,,,0,100,,1391,19,,,0,100,,1392,19,,,0,100,,1393,19,,,0,100,,1394,19,,,0,100,,1395,19,,,0
1501,'4833',1940,,1979,1,,,0,164,,1981,1,,,0
1501,'5323',1940,,1983,1,,,0,164,,1985,1,,,0
1501,'5325',1940,,1986,1,,,0,164,,1989,1,,,0
1501,'5326',1940,,1991,1,,,0,164,,1993,1,,,0
1501,'5328',1940,,1994,1,,,0,164,,1997,1,,,0
1600,'5322',911,,1998,19,,,0,100,,2001,25,,,0,100,,2000,25,,,0,100,,1999,25,,,0,100,,2002,25,,,0,100,,2003,25,,,0,100,,2004,25,,,0,100,,2005,25,,,0,100,,2006,25,,,0,100,,2008,25,,,0
4001,'5323',943,,2093,1,,,0,604,,2094,1,,,0
4001,'5326',943,,2095,1,,,0,604,,2096,1,,,0
5000,'5324',910,,2101,10,,,0
5000,'5327',910,,2102,10,,,0
5001,'5324',1230,,2103,2,,,0
5001,'5327',1230,,2104,2,,,0
7000,'5323',612,,2105,32,,,0,305,,2106,15,,,0,324,,2107,15,,,0,300,,2108,15,,,0
7000,'5326',612,,2109,32,,,0,305,,2110,15,,,0,324,,2111,15,,,0,300,,2112,15,,,0
