201,'4833',717,,1335,24,,,0,100,,1336,24,,,0,100,,1337,24,,,0,100,,1338,24,,,0,100,,1339,24,,,0,100,,1340,24,,,0,100,,1341,24,,,0,100,,1342,24,,,0,100,,1343,24,,,0,100,,1344,24,,,0,100,,1345,24,,,0,100,,1347,6,,,0
201,'5323',717,,1348,24,,,0,100,,1349,24,,,0,100,,1350,24,,,0,100,,1351,24,,,0,100,,1352,24,,,0,100,,1353,24,,,0,100,,1354,24,,,0,100,,1355,24,,,0,100,,1356,24,,,0,100,,1357,24,,,0,100,,1358,24,,,0,100,,1360,6,,,0
201,'5325',817,,1361,24,,,0,100,,1362,24,,,0,100,,1363,24,,,0,100,,1364,24,,,0,100,,1365,24,,,0,100,,1366,24,,,0,100,,1367,24,,,0,100,,1368,24,,,0,100,,1369,24,,,0,100,,1370,24,,,0,100,,1371,24,,,0
201,'5326',717,,1372,24,,,0,100,,1373,24,,,0,100,,1374,24,,,0,100,,1375,24,,,0,100,,1376,24,,,0,100,,1377,24,,,0,100,,1378,24,,,0,100,,1379,24,,,0,100,,1380,24,,,0,100,,1381,24,,,0,100,,1382,24,,,0,100,,1384,6,,,0
201,'5328',817,,1385,24,,,0,100,,1386,24,,,0,100,,1388,24,,,0,100,,1387,24,,,0,100,,1389,24,,,0,100,,1390,24,,,0,100,,1391,24,,,0,100,,1392,24,,,0,100,,1393,24,,,0,100,,1394,24,,,0,100,,1395,24,,,0
401,'4833',648,,1587,8,,,0,100,,1588,21,,,0,100,,1589,21,,,0,100,,1590,21,,,0,100,,1591,21,,,0,100,,1592,21,,,0,100,,1593,21,,,0,100,,1585,21,,,0,100,,1586,21,,,0,100,,1584,21,,,0,100,,1583,21,,,0,100,,1582,21,,,0
401,'5323',648,,1600,8,,,0,100,,1601,21,,,0,100,,1602,21,,,0,100,,1603,21,,,0,100,,1604,21,,,0,100,,1605,21,,,0,100,,1606,21,,,0,100,,1598,21,,,0,100,,1599,21,,,0,100,,1597,21,,,0,100,,1596,21,,,0,100,,1595,21,,,0
401,'5325',848,,1607,21,,,0,100,,1609,21,,,0,100,,1610,21,,,0,100,,1608,21,,,0,100,,1612,21,,,0,100,,1611,21,,,0,100,,1613,21,,,0,100,,1614,21,,,0,100,,1615,21,,,0,100,,1616,21,,,0
401,'5326',648,,1624,8,,,0,100,,1625,21,,,0,100,,1626,21,,,0,100,,1627,21,,,0,100,,1628,21,,,0,100,,1629,21,,,0,100,,1630,21,,,0,100,,1622,21,,,0,100,,1623,21,,,0,100,,1621,21,,,0,100,,1620,21,,,0,100,,1619,21,,,0
401,'5328',848,,1631,21,,,0,100,,1633,21,,,0,100,,1635,21,,,0,100,,1632,21,,,0,100,,1636,21,,,0,100,,1634,21,,,0,100,,1637,21,,,0,100,,1638,21,,,0,100,,1639,21,,,0,100,,1640,21,,,0
1501,'4833',1944,,1979,6,,,0,164,,1981,6,,,0
1501,'5323',1944,,1983,6,,,0,164,,1985,6,,,0
1501,'5325',1944,,1986,6,,,0,164,,1989,6,,,0
1501,'5326',1944,,1991,6,,,0,164,,1993,6,,,0
1501,'5328',1944,,1994,6,,,0,164,,1997,6,,,0
3001,'5323',748,,2069,13,,,0,310,,2070,11,,,0,185,,2073,11,,,0,295,,2071,13,,,0,170,,2072,11,,,0
3001,'5325',848,,2074,13,,,0,210,,2075,11,,,0,185,,2076,11,,,0,295,,2077,13,,,0,170,,2078,11,,,0
3001,'5326',748,,2079,13,,,0,310,,2080,11,,,0,185,,2083,11,,,0,295,,2081,13,,,0,170,,2082,11,,,0
3001,'5328',848,,2084,13,,,0,210,,2085,11,,,0,185,,2086,11,,,0,295,,2087,13,,,0,170,,2088,11,,,0
4001,'5323',948,,2093,6,,,0,604,,2094,6,,,0
4001,'5326',948,,2095,6,,,0,604,,2096,6,,,0
