300,'4833',812,,2125,26,0,11 12,0
300,'5323',812,,2137,26,0,11 12,0
300,'5325',812,,2149,20,0,11 12,0
300,'5326',812,,2160,26,0,11 12,0
401,'4833',729,,1588,2,,,0,100,,1589,2,,,0,100,,1590,2,,,0,100,,1591,2,,,0,100,,1592,2,,,0,100,,1593,2,,,0,100,,1585,2,,,0,100,,1586,2,,,0,100,,1584,2,,,0,100,,1583,2,,,0,100,,1582,2,,,0,110,,1581,2,0,7 6,0
401,'5323',729,,1601,2,,,0,100,,1602,2,,,0,100,,1603,2,,,0,100,,1604,2,,,0,100,,1605,2,,,0,100,,1606,2,,,0,100,,1598,2,,,0,100,,1599,2,,,0,100,,1597,2,,,0,100,,1596,2,,,0,100,,1595,2,,,0,110,,1594,2,0,7 6,0
401,'5325',829,,1607,2,,,0,100,,1609,2,,,0,100,,1610,2,,,0,100,,1608,2,,,0,100,,1612,2,,,0,100,,1611,2,,,0,100,,1613,2,,,0,100,,1614,2,,,0,100,,1615,2,,,0,100,,1616,2,,,0,110,,2241,2,0,7 6,0
401,'5326',729,,1625,2,,,0,100,,1626,2,,,0,100,,1627,2,,,0,100,,1628,2,,,0,100,,1629,2,,,0,100,,1630,2,,,0,100,,1622,2,,,0,100,,1623,2,,,0,100,,1621,2,,,0,100,,1620,2,,,0,100,,1619,2,,,0,110,,1618,2,0,7 6,0
401,'5328',829,,1631,2,,,0,100,,1633,2,,,0,100,,1635,2,,,0,100,,1632,2,,,0,100,,1636,2,,,0,100,,1634,2,,,0,100,,1637,2,,,0,100,,1638,2,,,0,100,,1639,2,,,0,100,,1640,2,,,0,110,,2242,2,0,7 6,0
1500,'4833',1859,,1940,16,0,14 15,0,164,,1942,16,0,13,0,123,,1945,16,0,13,0,85,,1947,16,0,13,0
1500,'5323',1859,,1948,16,0,14 15,0,164,,1950,16,0,13,0,123,,1953,16,0,13,0,85,,1955,16,0,13,0
1500,'5325',1859,,1956,16,0,13,0,164,,1958,16,0,13,0,123,,1961,16,0,13,0,85,,1962,16,0,13,0
1500,'5326',1859,,1963,16,0,14 15,0,164,,1965,16,0,13,0,123,,1968,16,0,13,0,85,,1970,16,0,13,0
1500,'5328',1859,,1971,16,0,13,0,164,,1973,16,0,13,0,123,,1976,16,0,13,0,85,,1977,16,0,13,0
1501,'4833',1933,,1978,28,0,7,0,124,,1980,28,0,7,0
1501,'5323',1933,,1982,28,0,7,0,124,,1984,28,0,7,0
1501,'5325',1933,,1987,28,0,7,0,124,,1988,28,0,7,0
1501,'5326',1933,,1990,28,0,7,0,124,,1992,28,0,7,0
1501,'5328',1933,,1995,28,0,7,0,124,,1996,28,0,7,0
