100,'4833',636,,1157,22,,,0,100,,1158,22,,,0,100,,1159,15,,,0,100,,1160,22,,,0,100,,1161,22,,,0,100,,1162,22,,,0,100,,1163,22,,,0,100,,1164,22,,,0,100,,1165,22,,,0,100,,1166,22,,,0,100,,1167,22,,,0,100,,1168,22,,,0
100,'5323',636,,1170,22,,,0,100,,1171,22,,,0,100,,1172,15,,,0,100,,1173,22,,,0,100,,1174,22,,,0,100,,1175,22,,,0,100,,1176,22,,,0,100,,1177,22,,,0,100,,1178,22,,,0,100,,1179,22,,,0,100,,1180,22,,,0,100,,1181,22,,,0
100,'5325',836,,1183,15,,,0,100,,1185,22,,,0,100,,1190,22,,,0,100,,1193,22,,,0,100,,1186,22,,,0,100,,1184,22,,,0,100,,1188,22,,,0,100,,1189,22,,,0,100,,1187,22,,,0,100,,1192,22,,,0
100,'5326',636,,1194,22,,,0,100,,1195,22,,,0,100,,1196,15,,,0,100,,1197,22,,,0,100,,1198,22,,,0,100,,1199,22,,,0,100,,1200,22,,,0,100,,1201,22,,,0,100,,1202,22,,,0,100,,1203,22,,,0,100,,1204,22,,,0,100,,1205,22,,,0
100,'5328',836,,1207,15,,,0,100,,1210,22,,,0,100,,1214,22,,,0,100,,1217,22,,,0,100,,1209,22,,,0,100,,1208,22,,,0,100,,1212,22,,,0,100,,1213,22,,,0,100,,1211,22,,,0,100,,1216,22,,,0
300,'4833',706,,2124,17,,,0,109,,2125,31,0,11 12,0,91,,2126,17,,,0,100,,2127,17,,,0,100,,2129,17,,,0,100,,2128,17,,,0,100,,2130,17,,,0,100,,2131,17,,,0,100,,2132,17,,,0,100,,2133,17,,,0,100,,2134,17,,,0,99,,2135,17,,,0
300,'5323',706,,2136,17,,,0,109,,2137,31,0,11 12,0,91,,2138,17,,,0,100,,2139,17,,,0,100,,2141,17,,,0,100,,2140,17,,,0,100,,2142,17,,,0,100,,2143,17,,,0,100,,2144,17,,,0,100,,2145,17,,,0,100,,2146,17,,,0,99,,2147,17,,,0
300,'5325',815,,2149,25,0,11 12,0,91,,2150,17,,,0,100,,2151,17,,,0,100,,2148,17,,,0,100,,2152,17,,,0,100,,2153,17,,,0,100,,2154,17,,,0,100,,2155,17,,,0,100,,2156,17,,,0,100,,2157,17,,,0,100,,2158,17,,,0
300,'5326',706,,2159,17,,,0,109,,2160,31,0,11 12,0,91,,2161,17,,,0,100,,2162,17,,,0,100,,2164,17,,,0,100,,2163,17,,,0,100,,2165,17,,,0,100,,2166,17,,,0,100,,2167,17,,,0,100,,2168,17,,,0,100,,2169,17,,,0,99,,2170,17,,,0
300,'5328',906,,2172,17,,,0,100,,2173,17,,,0,100,,2171,17,,,0,100,,2174,17,,,0,100,,2175,17,,,0,100,,2176,17,,,0,100,,2177,17,,,0,100,,2178,17,,,0,100,,2179,17,,,0,100,,2180,17,,,0
1501,'4833',1935,,1978,33,0,7,0,124,,1980,33,0,7,0
1501,'5323',1935,,1982,33,0,7,0,124,,1984,33,0,7,0
1501,'5325',1935,,1987,33,0,7,0,124,,1988,33,0,7,0
1501,'5326',1935,,1990,33,0,7,0,124,,1992,33,0,7,0
1501,'5328',1935,,1995,33,0,7,0,124,,1996,33,0,7,0
1600,'5322',907,,1998,13,,,0,100,,2001,19,,,0,100,,2000,19,,,0,100,,1999,19,,,0,100,,2002,19,,,0,100,,2003,19,,,0,100,,2004,19,,,0,100,,2005,19,,,0,100,,2006,19,,,0,100,,2008,19,,,0
7000,'5323',608,,2105,26,,,0,305,,2106,9,,,0,324,,2107,9,,,0,300,,2108,9,,,0
7000,'5326',608,,2109,26,,,0,305,,2110,9,,,0,324,,2111,9,,,0,300,,2112,9,,,0
