401,'4833',740,,1588,12,,,0,100,,1589,12,,,0,100,,1590,12,,,0,100,,1591,12,,,0,100,,1592,12,,,0,100,,1593,12,,,0,100,,1585,12,,,0,100,,1586,12,,,0,100,,1584,12,,,0,100,,1583,12,,,0,100,,1582,12,,,0,107,,1581,12,0,7 6,0
401,'5323',740,,1601,12,,,0,100,,1602,12,,,0,100,,1603,12,,,0,100,,1604,12,,,0,100,,1605,12,,,0,100,,1606,12,,,0,100,,1598,12,,,0,100,,1599,12,,,0,100,,1597,12,,,0,100,,1596,12,,,0,100,,1595,12,,,0,107,,1594,12,0,7 6,0
401,'5325',840,,1607,12,,,0,100,,1609,12,,,0,100,,1610,12,,,0,100,,1608,12,,,0,100,,1612,12,,,0,100,,1611,12,,,0,100,,1613,12,,,0,100,,1614,12,,,0,100,,1615,12,,,0,100,,1616,12,,,0,107,,1617,12,0,7 6,0
401,'5326',740,,1625,12,,,0,100,,1626,12,,,0,100,,1627,12,,,0,100,,1628,12,,,0,100,,1629,12,,,0,100,,1630,12,,,0,100,,1622,12,,,0,100,,1623,12,,,0,100,,1621,12,,,0,100,,1620,12,,,0,100,,1619,12,,,0,107,,1618,12,0,7 6,0
401,'5328',840,,1631,12,,,0,100,,1633,12,,,0,100,,1635,12,,,0,100,,1632,12,,,0,100,,1636,12,,,0,100,,1634,12,,,0,100,,1637,12,,,0,100,,1638,12,,,0,100,,1639,12,,,0,100,,1640,12,,,0,107,,1641,12,0,7 6,0
1000,'5323',647,,1896,10,,,0,162,,1897,10,,,0,123,,1900,10,,,0,305,,1898,10,,,0,407,,1899,10,,,0
1000,'5325',809,,1901,10,,,0,428,,1902,10,,,0,407,,1903,10,,,0
1000,'5326',647,,1904,10,,,0,162,,1905,10,,,0,123,,1908,10,,,0,305,,1906,10,,,0,407,,1907,10,,,0
1000,'5328',809,,1909,10,,,0,428,,1910,10,,,0,407,,1911,10,,,0
1101,'5323',1239,,1936,6,,,0,572,,1934,6,,,0
1101,'5326',1239,,1939,6,,,0,572,,1937,6,,,0
