100,'4833',646,,1157,33,,,0,100,,1158,33,,,0,100,,1159,26,,,0,100,,1160,33,,,0,100,,1161,33,,,0,100,,1162,33,,,0,100,,1163,33,,,0,100,,1164,33,,,0,100,,1165,33,,,0,100,,1166,33,,,0,100,,1167,33,,,0,100,,1168,33,,,0
100,'5323',646,,1170,33,,,0,100,,1171,33,,,0,100,,1172,26,,,0,100,,1173,33,,,0,100,,1174,33,,,0,100,,1175,33,,,0,100,,1176,33,,,0,100,,1177,33,,,0,100,,1178,33,,,0,100,,1179,33,,,0,100,,1180,33,,,0,100,,1181,33,,,0
100,'5325',846,,1183,26,,,0,100,,1185,33,,,0,100,,1190,33,,,0,100,,1193,33,,,0,100,,1186,33,,,0,100,,1184,33,,,0,100,,1188,33,,,0,100,,1189,33,,,0,100,,1187,33,,,0,100,,1192,33,,,0
100,'5326',646,,1194,33,,,0,100,,1195,33,,,0,100,,1196,26,,,0,100,,1197,33,,,0,100,,1198,33,,,0,100,,1199,33,,,0,100,,1200,33,,,0,100,,1201,33,,,0,100,,1202,33,,,0,100,,1203,33,,,0,100,,1204,33,,,0,100,,1205,33,,,0
100,'5328',846,,1207,26,,,0,100,,1210,33,,,0,100,,1214,33,,,0,100,,1217,33,,,0,100,,1209,33,,,0,100,,1208,33,,,0,100,,1212,33,,,0,100,,1213,33,,,0,100,,1211,33,,,0,100,,1216,33,,,0
400,'4833',710,,1518,12,,,0,100,,1523,12,,,0,100,,1525,12,,,0,100,,1526,12,,,0,100,,1527,12,,,0,100,,1528,12,,,0,100,,1529,12,,,0,100,,1530,12,,,0,100,,1524,12,,,0,100,,1521,12,,,0,100,,1522,12,,,0,100,,1520,12,0,7 6,0
400,'5323',710,,1531,12,,,0,100,,1536,12,,,0,100,,1538,12,,,0,100,,1539,12,,,0,100,,1540,12,,,0,100,,1541,12,,,0,100,,1542,12,,,0,100,,1543,12,,,0,100,,1537,12,,,0,100,,1534,12,,,0,100,,1535,12,,,0,100,,1533,12,0,7 6,0
400,'5325',810,,1547,12,,,0,100,,1550,12,,,0,100,,1544,12,,,0,100,,1545,12,,,0,100,,1548,12,,,0,100,,1549,12,,,0,100,,1546,12,,,0,100,,1551,12,,,0,100,,1552,12,,,0,100,,1553,12,,,0,100,,1554,12,0,7 6,0
400,'5326',710,,1556,12,,,0,100,,1561,12,,,0,100,,1563,12,,,0,100,,1564,12,,,0,100,,1565,12,,,0,100,,1566,12,,,0,100,,1567,12,,,0,100,,1568,12,,,0,100,,1562,12,,,0,100,,1559,12,,,0,100,,1560,12,,,0,100,,1558,12,0,7 6,0
400,'5328',810,,1572,12,,,0,100,,1575,12,,,0,100,,1569,12,,,0,100,,1570,12,,,0,100,,1573,12,,,0,100,,1574,12,,,0,100,,1571,12,,,0,100,,1576,12,,,0,100,,1577,12,,,0,100,,1578,12,,,0,100,,1579,12,0,7 6,0
1600,'5322',914,,1998,24,,,0,100,,2001,30,,,0,100,,2000,30,,,0,100,,1999,30,,,0,100,,2002,30,,,0,100,,2003,30,,,0,100,,2004,30,,,0,100,,2005,30,,,0,100,,2006,30,,,0,100,,2008,30,,,0
3000,'5323',815,,2050,18,,,0,310,,2049,18,,,0,185,,2053,18,,,0,295,,2051,18,,,0,131,,2052,18,,,0
3000,'5325',915,,2054,18,,,0,210,,2055,18,,,0,185,,2057,18,,,0,295,,2056,18,,,0,131,,2058,18,,,0
3000,'5326',815,,2060,18,,,0,310,,2059,18,,,0,185,,2063,18,,,0,295,,2061,18,,,0,131,,2062,18,,,0
3000,'5328',915,,2064,18,,,0,210,,2065,18,,,0,185,,2067,18,,,0,295,,2066,18,,,0,131,,2068,18,,,0
7000,'5323',615,,2105,37,,,0,305,,2106,20,,,0,324,,2107,20,,,0,300,,2108,20,,,0
7000,'5326',615,,2109,37,,,0,305,,2110,20,,,0,324,,2111,20,,,0,300,,2112,20,,,0
