100,'4833',645,,1157,32,,,0,100,,1158,32,,,0,100,,1159,25,,,0,100,,1160,32,,,0,100,,1161,32,,,0,100,,1162,32,,,0,100,,1163,32,,,0,100,,1164,32,,,0,100,,1165,32,,,0,100,,1166,32,,,0,100,,1167,32,,,0,100,,1168,32,,,0
100,'5323',645,,1170,32,,,0,100,,1171,32,,,0,100,,1172,25,,,0,100,,1173,32,,,0,100,,1174,32,,,0,100,,1175,32,,,0,100,,1176,32,,,0,100,,1177,32,,,0,100,,1178,32,,,0,100,,1179,32,,,0,100,,1180,32,,,0,100,,1181,32,,,0
100,'5325',845,,1183,25,,,0,100,,1185,32,,,0,100,,1190,32,,,0,100,,1193,32,,,0,100,,1186,32,,,0,100,,1184,32,,,0,100,,1188,32,,,0,100,,1189,32,,,0,100,,1187,32,,,0,100,,1192,32,,,0
100,'5326',645,,1194,32,,,0,100,,1195,32,,,0,100,,1196,25,,,0,100,,1197,32,,,0,100,,1198,32,,,0,100,,1199,32,,,0,100,,1200,32,,,0,100,,1201,32,,,0,100,,1202,32,,,0,100,,1203,32,,,0,100,,1204,32,,,0,100,,1205,32,,,0
100,'5328',845,,1207,25,,,0,100,,1210,32,,,0,100,,1214,32,,,0,100,,1217,32,,,0,100,,1209,32,,,0,100,,1208,32,,,0,100,,1212,32,,,0,100,,1213,32,,,0,100,,1211,32,,,0,100,,1216,32,,,0
400,'4833',709,,1518,11,,,0,100,,1523,11,,,0,100,,1525,11,,,0,100,,1526,11,,,0,100,,1527,11,,,0,100,,1528,11,,,0,100,,1529,11,,,0,100,,1530,11,,,0,100,,1524,11,,,0,100,,1521,11,,,0,100,,1522,11,,,0,100,,1520,11,0,7 6,0
400,'5323',709,,1531,11,,,0,100,,1536,11,,,0,100,,1538,11,,,0,100,,1539,11,,,0,100,,1540,11,,,0,100,,1541,11,,,0,100,,1542,11,,,0,100,,1543,11,,,0,100,,1537,11,,,0,100,,1534,11,,,0,100,,1535,11,,,0,100,,1533,11,0,7 6,0
400,'5325',809,,1547,11,,,0,100,,1550,11,,,0,100,,1544,11,,,0,100,,1545,11,,,0,100,,1548,11,,,0,100,,1549,11,,,0,100,,1546,11,,,0,100,,1551,11,,,0,100,,1552,11,,,0,100,,1553,11,,,0,100,,1554,11,0,7 6,0
400,'5326',709,,1556,11,,,0,100,,1561,11,,,0,100,,1563,11,,,0,100,,1564,11,,,0,100,,1565,11,,,0,100,,1566,11,,,0,100,,1567,11,,,0,100,,1568,11,,,0,100,,1562,11,,,0,100,,1559,11,,,0,100,,1560,11,,,0,100,,1558,11,0,7 6,0
400,'5328',809,,1572,11,,,0,100,,1575,11,,,0,100,,1569,11,,,0,100,,1570,11,,,0,100,,1573,11,,,0,100,,1574,11,,,0,100,,1571,11,,,0,100,,1576,11,,,0,100,,1577,11,,,0,100,,1578,11,,,0,100,,1579,11,0,7 6,0
1600,'5322',913,,1998,23,,,0,100,,2001,29,,,0,100,,2000,29,,,0,100,,1999,29,,,0,100,,2002,29,,,0,100,,2003,29,,,0,100,,2004,29,,,0,100,,2005,29,,,0,100,,2006,29,,,0,100,,2008,29,,,0
3000,'5323',815,,2050,17,,,0,310,,2049,17,,,0,185,,2053,17,,,0,295,,2051,17,,,0,131,,2052,17,,,0
3000,'5325',915,,2054,17,,,0,210,,2055,17,,,0,185,,2057,17,,,0,295,,2056,17,,,0,131,,2058,17,,,0
3000,'5326',815,,2060,17,,,0,310,,2059,17,,,0,185,,2063,17,,,0,295,,2061,17,,,0,131,,2062,17,,,0
3000,'5328',915,,2064,17,,,0,210,,2065,17,,,0,185,,2067,17,,,0,295,,2066,17,,,0,131,,2068,17,,,0
7000,'5323',614,,2105,36,,,0,305,,2106,19,,,0,324,,2107,19,,,0,300,,2108,19,,,0
7000,'5326',614,,2109,36,,,0,305,,2110,19,,,0,324,,2111,19,,,0,300,,2112,19,,,0
