200,'4833',654,,1279,34,4,,0,100,,1280,34,4,,0,100,,1281,34,4,,0,100,,1282,34,4,,0,100,,1283,34,4,,0,100,,1284,34,4,,0,100,,1285,34,4,,0,100,,1286,34,4,,0,100,,1287,34,4,,0,100,,1288,34,4,,0,100,,1289,34,4,,0,100,,1290,34,4,,0
200,'5323',654,,1291,34,4,,0,100,,1292,34,4,,0,100,,1293,34,4,,0,100,,1294,34,4,,0,100,,1295,34,4,,0,100,,1296,34,4,,0,100,,1297,34,4,,0,100,,1298,34,4,,0,100,,1299,34,4,,0,100,,1300,34,4,,0,100,,1301,34,4,,0,100,,1302,34,4,,0
200,'5325',854,,1303,34,4,,0,100,,1304,34,4,,0,100,,1305,34,4,,0,100,,1306,34,4,,0,100,,1307,34,4,,0,100,,1308,34,4,,0,100,,1309,34,4,,0,100,,1310,34,4,,0,100,,1311,34,4,,0,100,,1312,34,4,,0
200,'5326',654,,1313,34,4,,0,100,,1314,34,4,,0,100,,1315,34,4,,0,100,,1316,34,4,,0,100,,1317,34,4,,0,100,,1318,34,4,,0,100,,1319,34,4,,0,100,,1320,34,4,,0,100,,1321,34,4,,0,100,,1322,34,4,,0,100,,1323,34,4,,0,100,,1324,34,4,,0
200,'5328',854,,1325,34,4,,0,100,,1326,34,4,,0,100,,1327,34,4,,0,100,,1328,34,4,,0,100,,1329,34,4,,0,100,,1330,34,4,,0,100,,1331,34,4,,0,100,,1332,34,4,,0,100,,1333,34,4,,0,100,,1334,34,4,,0
201,'4833',654,,1335,1,,,0,100,,1336,1,,,0,100,,1337,1,,,0,100,,1338,1,,,0,100,,1339,1,,,0,100,,1340,1,,,0,100,,1341,1,,,0,100,,1342,1,,,0,100,,1343,1,,,0,100,,1344,1,,,0,100,,1345,1,,,0,100,,1346,1,0,7 6,0
201,'5323',654,,1348,1,,,0,100,,1349,1,,,0,100,,1350,1,,,0,100,,1351,1,,,0,100,,1352,1,,,0,100,,1353,1,,,0,100,,1354,1,,,0,100,,1355,1,,,0,100,,1356,1,,,0,100,,1357,1,,,0,100,,1358,1,,,0,100,,1359,1,0,7 6,0
201,'5325',754,,1361,1,,,0,100,,1362,1,,,0,100,,1363,1,,,0,100,,1364,1,,,0,100,,1365,1,,,0,100,,1366,1,,,0,100,,1367,1,,,0,100,,1368,1,,,0,100,,1369,1,,,0,100,,1370,1,,,0,100,,1371,1,,,0
201,'5326',654,,1372,1,,,0,100,,1373,1,,,0,100,,1374,1,,,0,100,,1375,1,,,0,100,,1376,1,,,0,100,,1377,1,,,0,100,,1378,1,,,0,100,,1379,1,,,0,100,,1380,1,,,0,100,,1381,1,,,0,100,,1382,1,,,0,100,,1383,1,0,7 6,0
201,'5328',754,,1385,1,,,0,100,,1386,1,,,0,100,,1388,1,,,0,100,,1387,1,,,0,100,,1389,1,,,0,100,,1390,1,,,0,100,,1391,1,,,0,100,,1392,1,,,0,100,,1393,1,,,0,100,,1394,1,,,0,100,,1395,1,,,0
