100,'4833',625,,1157,11,,,0,100,,1158,11,,,0,200,,1160,11,,,0,100,,1161,11,,,0,100,,1162,11,,,0,100,,1163,11,,,0,100,,1164,11,,,0,100,,1165,11,,,0,100,,1166,11,,,0,100,,1167,11,,,0,100,,1168,11,,,0,99,,1169,11,0,5 6,0
100,'5323',625,,1170,11,,,0,100,,1171,11,,,0,200,,1173,11,,,0,100,,1174,11,,,0,100,,1175,11,,,0,100,,1176,11,,,0,100,,1177,11,,,0,100,,1178,11,,,0,100,,1179,11,,,0,100,,1180,11,,,0,100,,1181,11,,,0,99,,1182,11,0,5 6,0
100,'5325',925,,1185,11,,,0,100,,1190,11,,,0,100,,1193,11,,,0,100,,1186,11,,,0,100,,1184,11,,,0,100,,1188,11,,,0,100,,1189,11,,,0,100,,1187,11,,,0,100,,1192,11,,,0,99,,1191,11,0,5 6,0
100,'5326',625,,1194,11,,,0,100,,1195,11,,,0,200,,1197,11,,,0,100,,1198,11,,,0,100,,1199,11,,,0,100,,1200,11,,,0,100,,1201,11,,,0,100,,1202,11,,,0,100,,1203,11,,,0,100,,1204,11,,,0,100,,1205,11,,,0,99,,1206,11,0,5 6,0
100,'5328',925,,1210,11,,,0,100,,1214,11,,,0,100,,1217,11,,,0,100,,1209,11,,,0,100,,1208,11,,,0,100,,1212,11,,,0,100,,1213,11,,,0,100,,1211,11,,,0,100,,1216,11,,,0,99,,1215,11,0,5 6,0
101,'4833',708,,1219,23,,,0,99,,1220,23,,,0,101,,1221,23,,,0,100,,1222,23,,,0,100,,1224,23,,,0,100,,1223,23,,,0,100,,1226,23,,,0,100,,1225,23,,,0,100,,1227,23,,,0,100,,1228,23,,,0,100,,1229,23,,,0,100,,1230,23,,,0
101,'5323',708,,1232,23,,,0,99,,1233,23,,,0,101,,1234,23,,,0,100,,1235,23,,,0,100,,1237,23,,,0,100,,1236,23,,,0,100,,1239,23,,,0,100,,1238,23,,,0,100,,1240,23,,,0,100,,1241,23,,,0,100,,1242,23,,,0,100,,1243,23,,,0
101,'5325',908,,1248,23,,,0,100,,1250,23,,,0,100,,1244,23,,,0,100,,1246,23,,,0,100,,1249,23,,,0,100,,1247,23,,,0,100,,1251,23,,,0,100,,1245,23,,,0,100,,1252,23,,,0,100,,1253,23,,,0
101,'5326',708,,1256,23,,,0,99,,1257,23,,,0,101,,1258,23,,,0,100,,1259,23,,,0,100,,1261,23,,,0,100,,1260,23,,,0,100,,1263,23,,,0,100,,1262,23,,,0,100,,1264,23,,,0,100,,1265,23,,,0,100,,1266,23,,,0,100,,1267,23,,,0
101,'5328',908,,1272,23,,,0,100,,1274,23,,,0,100,,1268,23,,,0,100,,1270,23,,,0,100,,1273,23,,,0,100,,1271,23,,,0,100,,1275,23,,,0,100,,1269,23,,,0,100,,1276,23,,,0,100,,1277,23,,,0
301,'4833',638,,1457,15,,,0,100,,1458,25,,,0,100,,1459,18,,,0,100,,1460,25,,,0,100,,1461,25,,,0,100,,1462,25,,,0,100,,1463,25,,,0,100,,1464,25,,,0,100,,1465,25,,,0,100,,1466,25,,,0,100,,1467,25,,,0,100,,1468,25,,,0
301,'5323',638,,1470,15,,,0,100,,1471,25,,,0,100,,1472,18,,,0,100,,1473,25,,,0,100,,1474,25,,,0,100,,1475,25,,,0,100,,1476,25,,,0,100,,1477,25,,,0,100,,1478,25,,,0,100,,1479,25,,,0,100,,1480,25,,,0,100,,1481,25,,,0
301,'5325',838,,1485,18,,,0,100,,1483,25,,,0,100,,1486,25,,,0,100,,1484,25,,,0,100,,1487,25,,,0,100,,1488,25,,,0,100,,1489,25,,,0,100,,1490,25,,,0,100,,1491,25,,,0,100,,1493,25,,,0
301,'5326',638,,1494,15,,,0,100,,1495,25,,,0,100,,1496,18,,,0,100,,1497,25,,,0,100,,1498,25,,,0,100,,1499,25,,,0,100,,1500,25,,,0,100,,1501,25,,,0,100,,1502,25,,,0,100,,1503,25,,,0,100,,1504,25,,,0,100,,1505,25,,,0
301,'5328',838,,1509,18,,,0,100,,1507,25,,,0,100,,1510,25,,,0,100,,1508,25,,,0,100,,1511,25,,,0,100,,1512,25,,,0,100,,1513,25,,,0,100,,1514,25,,,0,100,,1515,25,,,0,100,,1517,25,,,0
7000,'5323',551,,2105,2,,,0
7000,'5326',551,,2109,2,,,0
