400,'4833',719,,1518,25,,,0,100,,1523,25,,,0,100,,1525,25,,,0,100,,1526,25,,,0,100,,1527,25,,,0,100,,1528,25,,,0,100,,1529,25,,,0,100,,1530,25,,,0,100,,1524,25,,,0,100,,1521,25,,,0,100,,1522,25,,,0,110,,1519,10,,,0
400,'5323',719,,1531,25,,,0,100,,1536,25,,,0,100,,1538,25,,,0,100,,1539,25,,,0,100,,1540,25,,,0,100,,1541,25,,,0,100,,1542,25,,,0,100,,1543,25,,,0,100,,1537,25,,,0,100,,1534,25,,,0,100,,1535,25,,,0,110,,1532,10,,,0
400,'5325',819,,1547,25,,,0,100,,1550,25,,,0,100,,1544,25,,,0,100,,1545,25,,,0,100,,1548,25,,,0,100,,1549,25,,,0,100,,1546,25,,,0,100,,1551,25,,,0,100,,1552,25,,,0,100,,1553,25,,,0,110,,1555,10,,,0
400,'5326',719,,1556,25,,,0,100,,1561,25,,,0,100,,1563,25,,,0,100,,1564,25,,,0,100,,1565,25,,,0,100,,1566,25,,,0,100,,1567,25,,,0,100,,1568,25,,,0,100,,1562,25,,,0,100,,1559,25,,,0,100,,1560,25,,,0,110,,1557,10,,,0
400,'5328',819,,1572,25,,,0,100,,1575,25,,,0,100,,1569,25,,,0,100,,1570,25,,,0,100,,1573,25,,,0,100,,1574,25,,,0,100,,1571,25,,,0,100,,1576,25,,,0,100,,1577,25,,,0,100,,1578,25,,,0,110,,1580,10,,,0
1501,'4833',1929,,1978,20,0,7,0,124,,1980,20,0,7,0
1501,'5323',1929,,1982,20,0,7,0,124,,1984,20,0,7,0
1501,'5325',1929,,1987,20,0,7,0,124,,1988,20,0,7,0
1501,'5326',1929,,1990,20,0,7,0,124,,1992,20,0,7,0
1501,'5328',1929,,1995,20,0,7,0,124,,1996,20,0,7,0
1600,'5322',904,,1998,7,,,0,100,,2001,13,,,0,100,,2000,13,,,0,100,,1999,13,,,0,100,,2002,13,,,0,100,,2003,13,,,0,100,,2004,13,,,0,100,,2005,13,,,0,100,,2006,13,,,0,100,,2008,13,,,0
