300,'4833',814,,1397,28,0,11 12,0
300,'5323',814,,1410,28,0,11 12,0
300,'5325',814,,1423,22,0,11 12,0
300,'5326',814,,1434,28,0,11 12,0
300,'5328',814,,1447,22,0,11 12,0
401,'4833',731,,1588,4,,,0,100,,1589,4,,,0,100,,1590,4,,,0,100,,1591,4,,,0,100,,1592,4,,,0,100,,1593,4,,,0,100,,1585,4,,,0,100,,1586,4,,,0,100,,1584,4,,,0,100,,1583,4,,,0,100,,1582,4,,,0,110,,1581,4,0,7 6,0
401,'5323',731,,1601,4,,,0,100,,1602,4,,,0,100,,1603,4,,,0,100,,1604,4,,,0,100,,1605,4,,,0,100,,1606,4,,,0,100,,1598,4,,,0,100,,1599,4,,,0,100,,1597,4,,,0,100,,1596,4,,,0,100,,1595,4,,,0,110,,1594,4,0,7 6,0
401,'5325',831,,1607,4,,,0,100,,1609,4,,,0,100,,1610,4,,,0,100,,1608,4,,,0,100,,1612,4,,,0,100,,1611,4,,,0,100,,1613,4,,,0,100,,1614,4,,,0,100,,1615,4,,,0,100,,1616,4,,,0,110,,1617,4,0,7 6,0
401,'5326',731,,1625,4,,,0,100,,1626,4,,,0,100,,1627,4,,,0,100,,1628,4,,,0,100,,1629,4,,,0,100,,1630,4,,,0,100,,1622,4,,,0,100,,1623,4,,,0,100,,1621,4,,,0,100,,1620,4,,,0,100,,1619,4,,,0,110,,1618,4,0,7 6,0
401,'5328',831,,1631,4,,,0,100,,1633,4,,,0,100,,1635,4,,,0,100,,1632,4,,,0,100,,1636,4,,,0,100,,1634,4,,,0,100,,1637,4,,,0,100,,1638,4,,,0,100,,1639,4,,,0,100,,1640,4,,,0,110,,1641,4,0,7 6,0
1500,'4833',1900,,1940,18,0,14 15,0,124,,1942,18,0,13,0,123,,1945,18,0,13,0,85,,1947,18,0,13,0
1500,'5323',1900,,1948,18,0,14 15,0,124,,1950,18,0,13,0,123,,1953,18,0,13,0,85,,1955,18,0,13,0
1500,'5325',1900,,1956,18,0,13,0,124,,1958,18,0,13,0,123,,1961,18,0,13,0,85,,1962,18,0,13,0
1500,'5326',1900,,1963,18,0,14 15,0,124,,1965,18,0,13,0,123,,1968,18,0,13,0,85,,1970,18,0,13,0
1500,'5328',1900,,1971,18,0,13,0,124,,1973,18,0,13,0,123,,1976,18,0,13,0,85,,1977,18,0,13,0
1501,'4833',1934,,1978,30,0,7,0,124,,1980,30,0,7,0
1501,'5323',1934,,1982,30,0,7,0,124,,1984,30,0,7,0
1501,'5325',1934,,1987,30,0,7,0,124,,1988,30,0,7,0
1501,'5326',1934,,1990,30,0,7,0,124,,1992,30,0,7,0
1501,'5328',1934,,1995,30,0,7,0,124,,1996,30,0,7,0
