301,'4833',646,,1457,23,,,0,100,,1458,33,,,0,100,,1459,26,,,0,100,,1460,33,,,0,100,,1461,33,,,0,100,,1462,33,,,0,100,,1463,33,,,0,100,,1464,33,,,0,100,,1465,33,,,0,100,,1466,33,,,0,100,,1467,33,,,0,100,,1468,33,,,0
301,'5323',646,,1470,23,,,0,100,,1471,33,,,0,100,,1472,26,,,0,100,,1473,33,,,0,100,,1474,33,,,0,100,,1475,33,,,0,100,,1476,33,,,0,100,,1477,33,,,0,100,,1478,33,,,0,100,,1479,33,,,0,100,,1480,33,,,0,100,,1481,33,,,0
301,'5325',846,,1485,26,,,0,100,,1483,33,,,0,100,,1486,33,,,0,100,,1484,33,,,0,100,,1487,33,,,0,100,,1488,33,,,0,100,,1489,33,,,0,100,,1490,33,,,0,100,,1491,33,,,0,100,,1493,33,,,0
301,'5326',646,,1494,23,,,0,100,,1495,33,,,0,100,,1496,26,,,0,100,,1497,33,,,0,100,,1498,33,,,0,100,,1499,33,,,0,100,,1500,33,,,0,100,,1501,33,,,0,100,,1502,33,,,0,100,,1503,33,,,0,100,,1504,33,,,0,100,,1505,33,,,0
301,'5328',846,,1509,26,,,0,100,,1507,33,,,0,100,,1510,33,,,0,100,,1508,33,,,0,100,,1511,33,,,0,100,,1512,33,,,0,100,,1513,33,,,0,100,,1514,33,,,0,100,,1515,33,,,0,100,,1517,33,,,0
1501,'4833',1915,,1978,3,0,7,0,124,,1980,3,0,7,0
1501,'5323',1915,,1982,3,0,7,0,124,,1984,3,0,7,0
1501,'5325',1915,,1987,3,0,7,0,124,,1988,3,0,7,0
1501,'5326',1915,,1990,3,0,7,0,124,,1992,3,0,7,0
1501,'5328',1915,,1995,3,0,7,0,124,,1996,3,0,7,0
7001,'5323',1823,,2116,33,,,0
7001,'5326',1823,,2120,33,,,0
