500,'4833',731,,1642,14,,,0,70,,1664,14,,,0,30,,1644,14,,,0,70,,1662,14,,,0,30,,1645,14,,,0,70,,1652,14,,,0,30,,1646,14,,,0,70,,1653,14,,,0,30,,1643,14,,,0,70,,1654,14,,,0,30,,1648,14,,,0,70,,1655,14,,,0,30,,1647,14,,,0,70,,1656,14,,,0,30,,1649,14,,,0,70,,1659,14,,,0,30,,1650,14,,,0,70,,1665,14,,,0,30,,1651,14,,,0,70,,1663,14,,,0,30,,1657,14,,,0,70,,1658,14,,,0,30,,1660,14,,,0
500,'5322',1301,,1666,14,,,0,100,,1667,14,,,0,100,,1668,14,,,0,100,,1669,14,,,0
500,'5323',731,,1670,14,,,0,70,,1692,14,,,0,30,,1672,14,,,0,70,,1690,14,,,0,30,,1673,14,,,0,70,,1680,14,,,0,30,,1674,14,,,0,70,,1681,14,,,0,30,,1671,14,,,0,70,,1682,14,,,0,30,,1676,14,,,0,70,,1683,14,,,0,30,,1675,14,,,0,70,,1684,14,,,0,30,,1677,14,,,0,70,,1687,14,,,0,30,,1678,14,,,0,70,,1693,14,,,0,30,,1679,14,,,0,70,,1691,14,,,0,30,,1685,14,,,0,70,,1686,14,,,0,30,,1688,14,,,0
500,'5325',931,,1694,14,,,0,70,,1710,14,,,0,30,,1699,14,,,0,70,,1707,14,,,0,30,,1700,14,,,0,70,,1708,14,,,0,30,,1702,14,,,0,70,,1706,14,,,0,30,,1703,14,,,0,70,,1709,14,,,0,30,,1701,14,,,0,70,,1711,14,,,0,30,,1698,14,,,0,70,,1705,14,,,0,30,,1697,14,,,0,70,,1704,14,,,0,30,,1695,14,,,0,70,,1712,14,,,0,30,,1696,14,,,0
500,'5326',731,,1714,14,,,0,70,,1736,14,,,0,30,,1716,14,,,0,70,,1734,14,,,0,30,,1717,14,,,0,70,,1724,14,,,0,30,,1718,14,,,0,70,,1725,14,,,0,30,,1715,14,,,0,70,,1726,14,,,0,30,,1720,14,,,0,70,,1727,14,,,0,30,,1719,14,,,0,70,,1728,14,,,0,30,,1721,14,,,0,70,,1731,14,,,0,30,,1722,14,,,0,70,,1737,14,,,0,30,,1723,14,,,0,70,,1735,14,,,0,30,,1729,14,,,0,70,,1730,14,,,0,30,,1732,14,,,0,100,,1738,14,,,0,100,,1739,14,,,0,100,,1740,14,,,0,100,,1741,14,,,0,100,,1742,14,,,0
500,'5328',931,,1743,14,,,0,70,,1759,14,,,0,30,,1748,14,,,0,70,,1756,14,,,0,30,,1749,14,,,0,70,,1757,14,,,0,30,,1751,14,,,0,70,,1755,14,,,0,30,,1752,14,,,0,70,,1758,14,,,0,30,,1750,14,,,0,70,,1760,14,,,0,30,,1747,14,,,0,70,,1754,14,,,0,30,,1746,14,,,0,70,,1753,14,,,0,30,,1744,14,,,0,70,,1761,14,,,0,30,,1745,14,,,0,100,,1763,14,,,0,100,,1764,14,,,0,100,,1765,14,,,0,100,,1766,14,,,0,100,,1767,14,,,0
1501,'4833',1926,,1978,16,0,7,0,124,,1980,16,0,7,0
1501,'5323',1926,,1982,16,0,7,0,124,,1984,16,0,7,0
1501,'5325',1926,,1987,16,0,7,0,124,,1988,16,0,7,0
1501,'5326',1926,,1990,16,0,7,0,124,,1992,16,0,7,0
1501,'5328',1926,,1995,16,0,7,0,124,,1996,16,0,7,0
1600,'5322',901,,1998,3,,,0,100,,2001,9,,,0,100,,2000,9,,,0,100,,1999,9,,,0,100,,2002,9,,,0,100,,2003,9,,,0,100,,2004,9,,,0,100,,2005,9,,,0,100,,2006,9,,,0,100,,2008,9,,,0
