101,'4833',700,,1219,10,,,0,100,,1220,10,,,0,100,,1221,10,,,0,100,,1222,10,,,0,100,,1224,10,,,0,100,,1223,10,,,0,100,,1226,10,,,0,100,,1225,10,,,0,100,,1227,10,,,0,100,,1228,10,,,0,100,,1229,10,,,0,100,,1230,10,,,0
101,'5323',700,,1232,10,,,0,100,,1233,10,,,0,100,,1234,10,,,0,100,,1235,10,,,0,100,,1237,10,,,0,100,,1236,10,,,0,100,,1239,10,,,0,100,,1238,10,,,0,100,,1240,10,,,0,100,,1241,10,,,0,100,,1242,10,,,0,100,,1243,10,,,0
101,'5325',900,,1248,10,,,0,100,,1250,10,,,0,100,,1244,10,,,0,100,,1246,10,,,0,100,,1249,10,,,0,100,,1247,10,,,0,100,,1251,10,,,0,100,,1245,10,,,0,100,,1252,10,,,0,100,,1253,10,,,0
101,'5326',700,,1256,10,,,0,100,,1257,10,,,0,100,,1258,10,,,0,100,,1259,10,,,0,100,,1261,10,,,0,100,,1260,10,,,0,100,,1263,10,,,0,100,,1262,10,,,0,100,,1264,10,,,0,100,,1265,10,,,0,100,,1266,10,,,0,100,,1267,10,,,0
101,'5328',900,,1272,10,,,0,100,,1274,10,,,0,100,,1268,10,,,0,100,,1270,10,,,0,100,,1273,10,,,0,100,,1271,10,,,0,100,,1275,10,,,0,100,,1269,10,,,0,100,,1276,10,,,0,100,,1277,10,,,0
301,'4833',630,,1457,2,,,0,100,,1458,12,,,0,100,,1459,5,,,0,100,,1460,12,,,0,100,,1461,12,,,0,100,,1462,12,,,0,100,,1463,12,,,0,100,,1464,12,,,0,100,,1465,12,,,0,100,,1466,12,,,0,100,,1467,12,,,0,100,,1468,12,,,0
301,'5323',630,,1470,2,,,0,100,,1471,12,,,0,100,,1472,5,,,0,100,,1473,12,,,0,100,,1474,12,,,0,100,,1475,12,,,0,100,,1476,12,,,0,100,,1477,12,,,0,100,,1478,12,,,0,100,,1479,12,,,0,100,,1480,12,,,0,100,,1481,12,,,0
301,'5325',830,,1485,5,,,0,100,,1483,12,,,0,100,,1486,12,,,0,100,,1484,12,,,0,100,,1487,12,,,0,100,,1488,12,,,0,100,,1489,12,,,0,100,,1490,12,,,0,100,,1491,12,,,0,100,,1493,12,,,0
301,'5326',630,,1494,2,,,0,100,,1495,12,,,0,100,,1496,5,,,0,100,,1497,12,,,0,100,,1498,12,,,0,100,,1499,12,,,0,100,,1500,12,,,0,100,,1501,12,,,0,100,,1502,12,,,0,100,,1503,12,,,0,100,,1504,12,,,0,100,,1505,12,,,0
301,'5328',830,,1509,5,,,0,100,,1507,12,,,0,100,,1510,12,,,0,100,,1508,12,,,0,100,,1511,12,,,0,100,,1512,12,,,0,100,,1513,12,,,0,100,,1514,12,,,0,100,,1515,12,,,0,100,,1517,12,,,0
1500,'4833',1850,,1940,2,0,14 15,0,164,,1942,2,0,13,0,124,,1945,2,0,13,0,85,,1947,2,0,13,0
1500,'5323',1850,,1948,2,0,14 15,0,164,,1950,2,0,13,0,124,,1953,2,0,13,0,85,,1955,2,0,13,0
1500,'5325',1850,,1956,2,0,13,0,164,,1958,2,0,13,0,124,,1961,2,0,13,0,85,,1962,2,0,13,0
1500,'5326',1850,,1963,2,0,14 15,0,164,,1965,2,0,13,0,124,,1968,2,0,13,0,85,,1970,2,0,13,0
1500,'5328',1850,,1971,2,0,13,0,164,,1973,2,0,13,0,124,,1976,2,0,13,0,85,,1977,2,0,13,0
7001,'5323',845,,2113,15,0,14 15,0,296,,2114,13,0,14 15,0,365,,2115,15,0,14 15,0,305,,2116,13,,,0
7001,'5326',845,,2117,15,0,14 15,0,296,,2118,13,0,14 15,0,365,,2119,15,0,14 15,0,305,,2120,13,,,0
