101,'4833',819,,1220,35,,,0
101,'5323',819,,1233,35,,,0
101,'5325',819,,1254,12,,,0
101,'5326',819,,1257,35,,,0
101,'5328',819,,1278,12,,,0
1500,'4833',1907,,1941,4,0,13,0,124,,1942,30,0,13,0,123,,1945,30,0,13,0,85,,1947,30,0,13,0
1500,'5323',1907,,1949,4,0,13,0,124,,1950,30,0,13,0,123,,1953,30,0,13,0,85,,1955,30,0,13,0
1500,'5325',1907,,1956,30,0,13,0,124,,1958,30,0,13,0,123,,1961,30,0,13,0,85,,1962,30,0,13,0
1500,'5326',1907,,1964,4,0,13,0,124,,1965,30,0,13,0,123,,1968,30,0,13,0,85,,1970,30,0,13,0
1500,'5328',1907,,1971,30,0,13,0,124,,1973,30,0,13,0,123,,1976,30,0,13,0,85,,1977,30,0,13,0
1601,'5322',944,,2009,25,,,0,100,,2011,25,,,0,100,,2010,25,,,0,100,,2012,25,,,0,100,,2014,25,,,0,100,,2013,25,,,0,100,,2016,25,,,0,100,,2015,25,,,0,100,,2018,25,,,0,100,,2017,25,,,0
2001,'5323',643,,2029,4,0,16 17,0,164,,2030,4,0,16 17,0,295,,2031,4,0,8 9,0,435,,2033,4,0,8 9,0,170,,2032,4,0,8 9,0
2001,'5326',643,,2034,4,0,16 17,0,164,,2035,4,0,16 17,0,295,,2036,4,0,8 9,0,435,,2038,4,0,8 9,0,170,,2037,4,0,8 9,0
7000,'5323',552,,2105,3,,,0
7000,'5326',552,,2109,3,,,0
