200,'4833',633,,1279,6,,,0,100,,1280,6,,,0,100,,1281,6,,,0,100,,1282,6,,,0,100,,1283,6,,,0,100,,1284,6,,,0,100,,1285,6,,,0,100,,1286,6,,,0,100,,1287,6,,,0,100,,1288,6,,,0,100,,1289,6,,,0,100,,1290,6,,,0
200,'5323',633,,1291,6,,,0,100,,1292,6,,,0,100,,1293,6,,,0,100,,1294,6,,,0,100,,1295,6,,,0,100,,1296,6,,,0,100,,1297,6,,,0,100,,1298,6,,,0,100,,1299,6,,,0,100,,1300,6,,,0,100,,1301,6,,,0,100,,1302,6,,,0
200,'5325',833,,1303,6,,,0,100,,1304,6,,,0,100,,1305,6,,,0,100,,1306,6,,,0,100,,1307,6,,,0,100,,1308,6,,,0,100,,1309,6,,,0,100,,1310,6,,,0,100,,1311,6,,,0,100,,1312,6,,,0
200,'5326',633,,1313,6,,,0,100,,1314,6,,,0,100,,1315,6,,,0,100,,1316,6,,,0,100,,1317,6,,,0,100,,1318,6,,,0,100,,1319,6,,,0,100,,1320,6,,,0,100,,1321,6,,,0,100,,1322,6,,,0,100,,1323,6,,,0,100,,1324,6,,,0
200,'5328',833,,1325,6,,,0,100,,1326,6,,,0,100,,1327,6,,,0,100,,1328,6,,,0,100,,1329,6,,,0,100,,1330,6,,,0,100,,1331,6,,,0,100,,1332,6,,,0,100,,1333,6,,,0,100,,1334,6,,,0
401,'4833',733,,1588,8,,,0,100,,1589,8,,,0,100,,1590,8,,,0,100,,1591,8,,,0,100,,1592,8,,,0,100,,1593,8,,,0,100,,1585,8,,,0,100,,1586,8,,,0,100,,1584,8,,,0,100,,1583,8,,,0,100,,1582,8,,,0,110,,1581,8,0,7 6,0
401,'5323',733,,1601,8,,,0,100,,1602,8,,,0,100,,1603,8,,,0,100,,1604,8,,,0,100,,1605,8,,,0,100,,1606,8,,,0,100,,1598,8,,,0,100,,1599,8,,,0,100,,1597,8,,,0,100,,1596,8,,,0,100,,1595,8,,,0,110,,1594,8,0,7 6,0
401,'5325',833,,1607,8,,,0,100,,1609,8,,,0,100,,1610,8,,,0,100,,1608,8,,,0,100,,1612,8,,,0,100,,1611,8,,,0,100,,1613,8,,,0,100,,1614,8,,,0,100,,1615,8,,,0,100,,1616,8,,,0,110,,2241,8,0,7 6,0
401,'5326',733,,1625,8,,,0,100,,1626,8,,,0,100,,1627,8,,,0,100,,1628,8,,,0,100,,1629,8,,,0,100,,1630,8,,,0,100,,1622,8,,,0,100,,1623,8,,,0,100,,1621,8,,,0,100,,1620,8,,,0,100,,1619,8,,,0,110,,1618,8,0,7 6,0
401,'5328',833,,1631,8,,,0,100,,1633,8,,,0,100,,1635,8,,,0,100,,1632,8,,,0,100,,1636,8,,,0,100,,1634,8,,,0,100,,1637,8,,,0,100,,1638,8,,,0,100,,1639,8,,,0,100,,1640,8,,,0,110,,2242,8,0,7 6,0
500,'4833',733,,1642,17,,,0,70,,1664,17,,,0,30,,1644,17,,,0,70,,1662,17,,,0,30,,1645,17,,,0,70,,1652,17,,,0,30,,1646,17,,,0,70,,1653,17,,,0,30,,1643,17,,,0,70,,1654,17,,,0,30,,1648,17,,,0,70,,1655,17,,,0,30,,1647,17,,,0,70,,1656,17,,,0,30,,1649,17,,,0,70,,1659,17,,,0,30,,1650,17,,,0,70,,1665,17,,,0,30,,1651,17,,,0,70,,1663,17,,,0,30,,1657,17,,,0,70,,1658,17,,,0,30,,1660,17,,,0
500,'5322',1303,,1666,17,,,0,100,,1667,17,,,0,100,,1668,17,,,0,100,,1669,17,,,0
500,'5323',733,,1670,17,,,0,70,,1692,17,,,0,30,,1672,17,,,0,70,,1690,17,,,0,30,,1673,17,,,0,70,,1680,17,,,0,30,,1674,17,,,0,70,,1681,17,,,0,30,,1671,17,,,0,70,,1682,17,,,0,30,,1676,17,,,0,70,,1683,17,,,0,30,,1675,17,,,0,70,,1684,17,,,0,30,,1677,17,,,0,70,,1687,17,,,0,30,,1678,17,,,0,70,,1693,17,,,0,30,,1679,17,,,0,70,,1691,17,,,0,30,,1685,17,,,0,70,,1686,17,,,0,30,,1688,17,,,0
500,'5325',933,,1694,17,,,0,70,,1710,17,,,0,30,,1699,17,,,0,70,,1707,17,,,0,30,,1700,17,,,0,70,,1708,17,,,0,30,,1702,17,,,0,70,,1706,17,,,0,30,,1703,17,,,0,70,,1709,17,,,0,30,,1701,17,,,0,70,,1711,17,,,0,30,,1698,17,,,0,70,,1705,17,,,0,30,,1697,17,,,0,70,,1704,17,,,0,30,,1695,17,,,0,70,,1712,17,,,0,30,,1696,17,,,0
500,'5326',733,,1714,17,,,0,70,,1736,17,,,0,30,,1716,17,,,0,70,,1734,17,,,0,30,,1717,17,,,0,70,,1724,17,,,0,30,,1718,17,,,0,70,,1725,17,,,0,30,,1715,17,,,0,70,,1726,17,,,0,30,,1720,17,,,0,70,,1727,17,,,0,30,,1719,17,,,0,70,,1728,17,,,0,30,,1721,17,,,0,70,,1731,17,,,0,30,,1722,17,,,0,70,,1737,17,,,0,30,,1723,17,,,0,70,,1735,17,,,0,30,,1729,17,,,0,70,,1730,17,,,0,30,,1732,17,,,0,100,,1738,17,,,0,100,,1739,17,,,0,100,,1740,17,,,0,100,,1741,17,,,0,100,,1742,17,,,0
500,'5328',933,,1743,17,,,0,70,,1759,17,,,0,30,,1748,17,,,0,70,,1756,17,,,0,30,,1749,17,,,0,70,,1757,17,,,0,30,,1751,17,,,0,70,,1755,17,,,0,30,,1752,17,,,0,70,,1758,17,,,0,30,,1750,17,,,0,70,,1760,17,,,0,30,,1747,17,,,0,70,,1754,17,,,0,30,,1746,17,,,0,70,,1753,17,,,0,30,,1744,17,,,0,70,,1761,17,,,0,30,,1745,17,,,0,100,,1763,17,,,0,100,,1764,17,,,0,100,,1765,17,,,0,100,,1766,17,,,0,100,,1767,17,,,0
1000,'5323',644,,1896,6,,,0,162,,1897,6,,,0,123,,1900,6,,,0,305,,1898,6,,,0,407,,1899,6,,,0
1000,'5325',806,,1901,6,,,0,428,,1902,6,,,0,407,,1903,6,,,0
1000,'5326',644,,1904,6,,,0,162,,1905,6,,,0,123,,1908,6,,,0,305,,1906,6,,,0,407,,1907,6,,,0
1000,'5328',806,,1909,6,,,0,428,,1910,6,,,0,407,,1911,6,,,0
1500,'4833',2005,,1943,11,,,0,124,,1944,11,,,0,85,,1946,11,,,0
1500,'5323',2005,,1951,11,,,0,124,,1952,11,,,0,85,,1954,11,,,0
1500,'5325',2005,,1957,11,,,0,124,,1960,11,,,0,85,,1959,11,,,0
1500,'5326',2005,,1966,11,,,0,124,,1967,11,,,0,85,,1969,11,,,0
1500,'5328',2005,,1972,11,,,0,124,,1975,11,,,0,85,,1974,11,,,0
