200,'4833',632,,1279,5,,,0,100,,1280,5,,,0,100,,1281,5,,,0,100,,1282,5,,,0,100,,1283,5,,,0,100,,1284,5,,,0,100,,1285,5,,,0,100,,1286,5,,,0,100,,1287,5,,,0,100,,1288,5,,,0,100,,1289,5,,,0,100,,1290,5,,,0
200,'5323',632,,1291,5,,,0,100,,1292,5,,,0,100,,1293,5,,,0,100,,1294,5,,,0,100,,1295,5,,,0,100,,1296,5,,,0,100,,1297,5,,,0,100,,1298,5,,,0,100,,1299,5,,,0,100,,1300,5,,,0,100,,1301,5,,,0,100,,1302,5,,,0
200,'5325',832,,1303,5,,,0,100,,1304,5,,,0,100,,1305,5,,,0,100,,1306,5,,,0,100,,1307,5,,,0,100,,1308,5,,,0,100,,1309,5,,,0,100,,1310,5,,,0,100,,1311,5,,,0,100,,1312,5,,,0
200,'5326',632,,1313,5,,,0,100,,1314,5,,,0,100,,1315,5,,,0,100,,1316,5,,,0,100,,1317,5,,,0,100,,1318,5,,,0,100,,1319,5,,,0,100,,1320,5,,,0,100,,1321,5,,,0,100,,1322,5,,,0,100,,1323,5,,,0,100,,1324,5,,,0
200,'5328',832,,1325,5,,,0,100,,1326,5,,,0,100,,1327,5,,,0,100,,1328,5,,,0,100,,1329,5,,,0,100,,1330,5,,,0,100,,1331,5,,,0,100,,1332,5,,,0,100,,1333,5,,,0,100,,1334,5,,,0
400,'4833',702,,1518,5,,,0,100,,1523,5,,,0,100,,1525,5,,,0,100,,1526,5,,,0,100,,1527,5,,,0,100,,1528,5,,,0,100,,1529,5,,,0,100,,1530,5,,,0,100,,1524,5,,,0,100,,1521,5,,,0,100,,1522,5,,,0,100,,1520,5,0,7 6,0
400,'5323',702,,1531,5,,,0,100,,1536,5,,,0,100,,1538,5,,,0,100,,1539,5,,,0,100,,1540,5,,,0,100,,1541,5,,,0,100,,1542,5,,,0,100,,1543,5,,,0,100,,1537,5,,,0,100,,1534,5,,,0,100,,1535,5,,,0,100,,1533,5,0,7 6,0
400,'5325',802,,1547,5,,,0,100,,1550,5,,,0,100,,1544,5,,,0,100,,1545,5,,,0,100,,1548,5,,,0,100,,1549,5,,,0,100,,1546,5,,,0,100,,1551,5,,,0,100,,1552,5,,,0,100,,1553,5,,,0,100,,1554,5,0,7 6,0
400,'5326',702,,1556,5,,,0,100,,1561,5,,,0,100,,1563,5,,,0,100,,1564,5,,,0,100,,1565,5,,,0,100,,1566,5,,,0,100,,1567,5,,,0,100,,1568,5,,,0,100,,1562,5,,,0,100,,1559,5,,,0,100,,1560,5,,,0,100,,1558,5,0,7 6,0
400,'5328',802,,1572,5,,,0,100,,1575,5,,,0,100,,1569,5,,,0,100,,1570,5,,,0,100,,1573,5,,,0,100,,1574,5,,,0,100,,1571,5,,,0,100,,1576,5,,,0,100,,1577,5,,,0,100,,1578,5,,,0,100,,1579,5,0,7 6,0
1000,'5323',643,,1896,5,,,0,162,,1897,5,,,0,123,,1900,5,,,0,305,,1898,5,,,0,407,,1899,5,,,0
1000,'5325',805,,1901,5,,,0,428,,1902,5,,,0,407,,1903,5,,,0
1000,'5326',643,,1904,5,,,0,162,,1905,5,,,0,123,,1908,5,,,0,305,,1906,5,,,0,407,,1907,5,,,0
1000,'5328',805,,1909,5,,,0,428,,1910,5,,,0,407,,1911,5,,,0
1101,'5323',1235,,1936,5,,,0,572,,1934,5,,,0
1101,'5326',1235,,1939,5,,,0,572,,1937,5,,,0
1500,'4833',2003,,1943,10,,,0,124,,1944,10,,,0,85,,1946,10,,,0
1500,'5323',2003,,1951,10,,,0,124,,1952,10,,,0,85,,1954,10,,,0
1500,'5325',2003,,1957,10,,,0,124,,1960,10,,,0,85,,1959,10,,,0
1500,'5326',2003,,1966,10,,,0,124,,1967,10,,,0,85,,1969,10,,,0
1500,'5328',2003,,1972,10,,,0,124,,1975,10,,,0,85,,1974,10,,,0
7000,'5323',605,,2105,21,,,0,305,,2106,4,,,0,324,,2107,4,,,0,300,,2108,4,,,0
7000,'5326',605,,2109,21,,,0,305,,2110,4,,,0,324,,2111,4,,,0,300,,2112,4,,,0
