300,'4833',805,,2125,16,0,11 12,0
300,'5323',805,,2137,16,0,11 12,0
300,'5325',805,,2149,10,0,11 12,0
300,'5326',805,,2160,16,0,11 12,0
400,'4833',722,,1518,30,,,0,100,,1523,30,,,0,100,,1525,30,,,0,100,,1526,30,,,0,100,,1527,30,,,0,100,,1528,30,,,0,100,,1529,30,,,0,100,,1530,30,,,0,100,,1524,30,,,0,100,,1521,30,,,0,100,,1522,30,,,0,110,,1519,15,,,0
400,'5323',722,,1531,30,,,0,100,,1536,30,,,0,100,,1538,30,,,0,100,,1539,30,,,0,100,,1540,30,,,0,100,,1541,30,,,0,100,,1542,30,,,0,100,,1543,30,,,0,100,,1537,30,,,0,100,,1534,30,,,0,100,,1535,30,,,0,110,,1532,15,,,0
400,'5325',822,,1547,30,,,0,100,,1550,30,,,0,100,,1544,30,,,0,100,,1545,30,,,0,100,,1548,30,,,0,100,,1549,30,,,0,100,,1546,30,,,0,100,,1551,30,,,0,100,,1552,30,,,0,100,,1553,30,,,0,110,,2239,15,,,0
400,'5326',722,,1556,30,,,0,100,,1561,30,,,0,100,,1563,30,,,0,100,,1564,30,,,0,100,,1565,30,,,0,100,,1566,30,,,0,100,,1567,30,,,0,100,,1568,30,,,0,100,,1562,30,,,0,100,,1559,30,,,0,100,,1560,30,,,0,110,,1557,15,,,0
400,'5328',822,,1572,30,,,0,100,,1575,30,,,0,100,,1569,30,,,0,100,,1570,30,,,0,100,,1573,30,,,0,100,,1574,30,,,0,100,,1571,30,,,0,100,,1576,30,,,0,100,,1577,30,,,0,100,,1578,30,,,0,110,,2240,15,,,0
1500,'4833',1856,,1940,13,0,14 15,0,164,,1942,13,0,13,0,123,,1945,13,0,13,0,85,,1947,13,0,13,0
1500,'5323',1856,,1948,13,0,14 15,0,164,,1950,13,0,13,0,123,,1953,13,0,13,0,85,,1955,13,0,13,0
1500,'5325',1856,,1956,13,0,13,0,164,,1958,13,0,13,0,123,,1961,13,0,13,0,85,,1962,13,0,13,0
1500,'5326',1856,,1963,13,0,14 15,0,164,,1965,13,0,13,0,123,,1968,13,0,13,0,85,,1970,13,0,13,0
1500,'5328',1856,,1971,13,0,13,0,164,,1973,13,0,13,0,123,,1976,13,0,13,0,85,,1977,13,0,13,0
1501,'4833',1931,,1978,25,0,7,0,124,,1980,25,0,7,0
1501,'5323',1931,,1982,25,0,7,0,124,,1984,25,0,7,0
1501,'5325',1931,,1987,25,0,7,0,124,,1988,25,0,7,0
1501,'5326',1931,,1990,25,0,7,0,124,,1992,25,0,7,0
1501,'5328',1931,,1995,25,0,7,0,124,,1996,25,0,7,0
