201,'4833',706,,1335,17,,,0,100,,1336,17,,,0,100,,1337,17,,,0,100,,1338,17,,,0,100,,1339,17,,,0,100,,1340,17,,,0,100,,1341,17,,,0,100,,1342,17,,,0,100,,1343,17,,,0,100,,1344,17,,,0,100,,1345,17,,,0,100,,1346,17,0,7 6,0
201,'5323',706,,1348,17,,,0,100,,1349,17,,,0,100,,1350,17,,,0,100,,1351,17,,,0,100,,1352,17,,,0,100,,1353,17,,,0,100,,1354,17,,,0,100,,1355,17,,,0,100,,1356,17,,,0,100,,1357,17,,,0,100,,1358,17,,,0,100,,1359,17,0,7 6,0
201,'5325',806,,1361,17,,,0,100,,1362,17,,,0,100,,1363,17,,,0,100,,1364,17,,,0,100,,1365,17,,,0,100,,1366,17,,,0,100,,1367,17,,,0,100,,1368,17,,,0,100,,1369,17,,,0,100,,1370,17,,,0,100,,1371,17,,,0
201,'5326',706,,1372,17,,,0,100,,1373,17,,,0,100,,1374,17,,,0,100,,1375,17,,,0,100,,1376,17,,,0,100,,1377,17,,,0,100,,1378,17,,,0,100,,1379,17,,,0,100,,1380,17,,,0,100,,1381,17,,,0,100,,1382,17,,,0,100,,1383,17,0,7 6,0
201,'5328',806,,1385,17,,,0,100,,1386,17,,,0,100,,1388,17,,,0,100,,1387,17,,,0,100,,1389,17,,,0,100,,1390,17,,,0,100,,1391,17,,,0,100,,1392,17,,,0,100,,1393,17,,,0,100,,1394,17,,,0,100,,1395,17,,,0
500,'4833',742,,1642,26,4,,0,70,,1664,26,4,,0,30,,1644,26,4,,0,70,,1662,26,4,,0,30,,1645,26,4,,0,70,,1652,26,4,,0,30,,1646,26,4,,0,70,,1653,26,4,,0,30,,1643,26,4,,0,70,,1654,26,4,,0,30,,1648,26,4,,0,70,,1655,26,4,,0,30,,1647,26,4,,0,70,,1656,26,4,,0,30,,1649,26,4,,0,70,,1659,26,4,,0,30,,1650,26,4,,0,70,,1665,26,4,,0,30,,1651,26,4,,0,70,,1663,26,4,,0,30,,1657,26,4,,0,70,,1658,26,4,,0,30,,1660,26,4,,0
500,'5322',1312,,1666,26,4,,0,100,,1667,26,4,,0,100,,1668,26,4,,0,100,,1669,26,4,,0
500,'5323',742,,1670,26,4,,0,70,,1692,26,4,,0,30,,1672,26,4,,0,70,,1690,26,4,,0,30,,1673,26,4,,0,70,,1680,26,4,,0,30,,1674,26,4,,0,70,,1681,26,4,,0,30,,1671,26,4,,0,70,,1682,26,4,,0,30,,1676,26,4,,0,70,,1683,26,4,,0,30,,1675,26,4,,0,70,,1684,26,4,,0,30,,1677,26,4,,0,70,,1687,26,4,,0,30,,1678,26,4,,0,70,,1693,26,4,,0,30,,1679,26,4,,0,70,,1691,26,4,,0,30,,1685,26,4,,0,70,,1686,26,4,,0,30,,1688,26,4,,0
500,'5325',942,,1694,26,4,,0,70,,1710,26,4,,0,30,,1699,26,4,,0,70,,1707,26,4,,0,30,,1700,26,4,,0,70,,1708,26,4,,0,30,,1702,26,4,,0,70,,1706,26,4,,0,30,,1703,26,4,,0,70,,1709,26,4,,0,30,,1701,26,4,,0,70,,1711,26,4,,0,30,,1698,26,4,,0,70,,1705,26,4,,0,30,,1697,26,4,,0,70,,1704,26,4,,0,30,,1695,26,4,,0,70,,1712,26,4,,0,30,,1696,26,4,,0
500,'5326',742,,1714,26,4,,0,70,,1736,26,4,,0,30,,1716,26,4,,0,70,,1734,26,4,,0,30,,1717,26,4,,0,70,,1724,26,4,,0,30,,1718,26,4,,0,70,,1725,26,4,,0,30,,1715,26,4,,0,70,,1726,26,4,,0,30,,1720,26,4,,0,70,,1727,26,4,,0,30,,1719,26,4,,0,70,,1728,26,4,,0,30,,1721,26,4,,0,70,,1731,26,4,,0,30,,1722,26,4,,0,70,,1737,26,4,,0,30,,1723,26,4,,0,70,,1735,26,4,,0,30,,1729,26,4,,0,70,,1730,26,4,,0,30,,1732,26,4,,0,100,,1738,26,4,,0,100,,1739,26,4,,0,100,,1740,26,4,,0,100,,1741,26,4,,0,100,,1742,26,4,,0
500,'5328',942,,1743,26,4,,0,70,,1759,26,4,,0,30,,1748,26,4,,0,70,,1756,26,4,,0,30,,1749,26,4,,0,70,,1757,26,4,,0,30,,1751,26,4,,0,70,,1755,26,4,,0,30,,1752,26,4,,0,70,,1758,26,4,,0,30,,1750,26,4,,0,70,,1760,26,4,,0,30,,1747,26,4,,0,70,,1754,26,4,,0,30,,1746,26,4,,0,70,,1753,26,4,,0,30,,1744,26,4,,0,70,,1761,26,4,,0,30,,1745,26,4,,0,100,,1763,26,4,,0,100,,1764,26,4,,0,100,,1765,26,4,,0,100,,1766,26,4,,0,100,,1767,26,4,,0
501,'4833',742,,1769,1,,,0,70,,1790,1,,,0,30,,1771,1,,,0,70,,1779,1,,,0,30,,1772,1,,,0,70,,1780,1,,,0,30,,1773,1,,,0,70,,1781,1,,,0,30,,1770,1,,,0,70,,1782,1,,,0,30,,1775,1,,,0,70,,1783,1,,,0,30,,1774,1,,,0,70,,1784,1,,,0,30,,1776,1,,,0,70,,1791,1,,,0,30,,1777,1,,,0,70,,1789,1,,,0,30,,1785,1,,,0,70,,1786,1,,,0,30,,1787,1,,,0,70,,1788,1,,,0
501,'5322',1212,,1792,1,,,0,100,,1793,1,,,0,100,,1794,1,,,0,100,,1795,1,,,0
501,'5323',742,,1797,1,,,0,70,,1818,1,,,0,30,,1799,1,,,0,70,,1807,1,,,0,30,,1800,1,,,0,70,,1808,1,,,0,30,,1801,1,,,0,70,,1809,1,,,0,30,,1798,1,,,0,70,,1810,1,,,0,30,,1803,1,,,0,70,,1811,1,,,0,30,,1802,1,,,0,70,,1812,1,,,0,30,,1804,1,,,0,70,,1819,1,,,0,30,,1805,1,,,0,70,,1817,1,,,0,30,,1813,1,,,0,70,,1814,1,,,0,30,,1815,1,,,0,70,,1816,1,,,0
501,'5325',942,,1827,1,,,0,70,,1837,1,,,0,30,,1828,1,,,0,70,,1833,1,,,0,30,,1824,1,,,0,70,,1834,1,,,0,30,,1829,1,,,0,70,,1835,1,,,0,30,,1820,1,,,0,70,,1838,1,,,0,30,,1821,1,,,0,70,,1839,1,,,0,30,,1822,1,,,0,70,,1830,1,,,0,30,,1823,1,,,0,70,,1831,1,,,0,30,,1826,1,,,0,70,,1832,1,,,0
501,'5326',742,,1841,1,,,0,70,,1862,1,,,0,30,,1843,1,,,0,70,,1851,1,,,0,30,,1844,1,,,0,70,,1852,1,,,0,30,,1845,1,,,0,70,,1853,1,,,0,30,,1842,1,,,0,70,,1854,1,,,0,30,,1847,1,,,0,70,,1855,1,,,0,30,,1846,1,,,0,70,,1856,1,,,0,30,,1848,1,,,0,70,,1863,1,,,0,30,,1849,1,,,0,70,,1861,1,,,0,30,,1857,1,,,0,70,,1858,1,,,0,30,,1859,1,,,0,70,,1860,1,,,0,30,,1866,1,,,0,100,,1867,1,,,0,100,,1868,1,,,0,100,,1869,1,,,0,100,,1864,1,,,0,100,,1865,1,0,21,0
501,'5328',942,,1877,1,,,0,70,,1887,1,,,0,30,,1878,1,,,0,70,,1883,1,,,0,30,,1874,1,,,0,70,,1884,1,,,0,30,,1879,1,,,0,70,,1885,1,,,0,30,,1870,1,,,0,70,,1888,1,,,0,30,,1871,1,,,0,70,,1889,1,,,0,30,,1872,1,,,0,70,,1880,1,,,0,30,,1873,1,,,0,70,,1881,1,,,0,30,,1876,1,,,0,70,,1882,1,,,0,30,,1892,1,,,0,100,,1893,1,,,0,100,,1894,1,,,0,100,,1895,1,,,0,100,,1891,1,,,0,100,,1890,1,0,21,0
