300,'4833',811,,2125,25,0,11 12,0
300,'5323',811,,2137,25,0,11 12,0
300,'5325',811,,2149,19,0,11 12,0
300,'5326',811,,2160,25,0,11 12,0
400,'4833',728,,1518,39,4,,0,100,,1523,39,4,,0,100,,1525,39,4,,0,100,,1526,39,4,,0,100,,1527,39,4,,0,100,,1528,39,4,,0,100,,1529,39,4,,0,100,,1530,39,4,,0,100,,1524,39,4,,0,100,,1521,39,4,,0,100,,1522,39,4,,0,110,,1519,24,4,,0
400,'5323',728,,1531,39,4,,0,100,,1536,39,4,,0,100,,1538,39,4,,0,100,,1539,39,4,,0,100,,1540,39,4,,0,100,,1541,39,4,,0,100,,1542,39,4,,0,100,,1543,39,4,,0,100,,1537,39,4,,0,100,,1534,39,4,,0,100,,1535,39,4,,0,110,,1532,24,4,,0
400,'5325',828,,1547,39,4,,0,100,,1550,39,4,,0,100,,1544,39,4,,0,100,,1545,39,4,,0,100,,1548,39,4,,0,100,,1549,39,4,,0,100,,1546,39,4,,0,100,,1551,39,4,,0,100,,1552,39,4,,0,100,,1553,39,4,,0,110,,2239,24,4,,0
400,'5326',728,,1556,39,4,,0,100,,1561,39,4,,0,100,,1563,39,4,,0,100,,1564,39,4,,0,100,,1565,39,4,,0,100,,1566,39,4,,0,100,,1567,39,4,,0,100,,1568,39,4,,0,100,,1562,39,4,,0,100,,1559,39,4,,0,100,,1560,39,4,,0,110,,1557,24,4,,0
400,'5328',828,,1572,39,4,,0,100,,1575,39,4,,0,100,,1569,39,4,,0,100,,1570,39,4,,0,100,,1573,39,4,,0,100,,1574,39,4,,0,100,,1571,39,4,,0,100,,1576,39,4,,0,100,,1577,39,4,,0,100,,1578,39,4,,0,110,,2240,24,4,,0
401,'4833',728,,1588,1,,,0,100,,1589,1,,,0,100,,1590,1,,,0,100,,1591,1,,,0,100,,1592,1,,,0,100,,1593,1,,,0,100,,1585,1,,,0,100,,1586,1,,,0,100,,1584,1,,,0,100,,1583,1,,,0,100,,1582,1,,,0,110,,1581,1,0,7 6,0
401,'5323',728,,1601,1,,,0,100,,1602,1,,,0,100,,1603,1,,,0,100,,1604,1,,,0,100,,1605,1,,,0,100,,1606,1,,,0,100,,1598,1,,,0,100,,1599,1,,,0,100,,1597,1,,,0,100,,1596,1,,,0,100,,1595,1,,,0,110,,1594,1,0,7 6,0
401,'5325',828,,1607,1,,,0,100,,1609,1,,,0,100,,1610,1,,,0,100,,1608,1,,,0,100,,1612,1,,,0,100,,1611,1,,,0,100,,1613,1,,,0,100,,1614,1,,,0,100,,1615,1,,,0,100,,1616,1,,,0,110,,2241,1,0,7 6,0
401,'5326',728,,1625,1,,,0,100,,1626,1,,,0,100,,1627,1,,,0,100,,1628,1,,,0,100,,1629,1,,,0,100,,1630,1,,,0,100,,1622,1,,,0,100,,1623,1,,,0,100,,1621,1,,,0,100,,1620,1,,,0,100,,1619,1,,,0,110,,1618,1,0,7 6,0
401,'5328',828,,1631,1,,,0,100,,1633,1,,,0,100,,1635,1,,,0,100,,1632,1,,,0,100,,1636,1,,,0,100,,1634,1,,,0,100,,1637,1,,,0,100,,1638,1,,,0,100,,1639,1,,,0,100,,1640,1,,,0,110,,2242,1,0,7 6,0
1500,'4833',1858,,1940,15,0,14 15,0,164,,1942,15,0,13,0,123,,1945,15,0,13,0,85,,1947,15,0,13,0
1500,'5323',1858,,1948,15,0,14 15,0,164,,1950,15,0,13,0,123,,1953,15,0,13,0,85,,1955,15,0,13,0
1500,'5325',1858,,1956,15,0,13,0,164,,1958,15,0,13,0,123,,1961,15,0,13,0,85,,1962,15,0,13,0
1500,'5326',1858,,1963,15,0,14 15,0,164,,1965,15,0,13,0,123,,1968,15,0,13,0,85,,1970,15,0,13,0
1500,'5328',1858,,1971,15,0,13,0,164,,1973,15,0,13,0,123,,1976,15,0,13,0,85,,1977,15,0,13,0
1501,'4833',1933,,1978,27,0,7,0,124,,1980,27,0,7,0
1501,'5323',1933,,1982,27,0,7,0,124,,1984,27,0,7,0
1501,'5325',1933,,1987,27,0,7,0,124,,1988,27,0,7,0
1501,'5326',1933,,1990,27,0,7,0,124,,1992,27,0,7,0
1501,'5328',1933,,1995,27,0,7,0,124,,1996,27,0,7,0
