100,'4833',640,,1157,25,,,0,100,,1158,25,,,0,100,,1159,18,,,0,100,,1160,25,,,0,100,,1161,25,,,0,100,,1162,25,,,0,100,,1163,25,,,0,100,,1164,25,,,0,100,,1165,25,,,0,100,,1166,25,,,0,100,,1167,25,,,0,100,,1168,25,,,0
100,'5323',640,,1170,25,,,0,100,,1171,25,,,0,100,,1172,18,,,0,100,,1173,25,,,0,100,,1174,25,,,0,100,,1175,25,,,0,100,,1176,25,,,0,100,,1177,25,,,0,100,,1178,25,,,0,100,,1179,25,,,0,100,,1180,25,,,0,100,,1181,25,,,0
100,'5325',840,,1183,18,,,0,100,,1185,25,,,0,100,,1190,25,,,0,100,,1193,25,,,0,100,,1186,25,,,0,100,,1184,25,,,0,100,,1188,25,,,0,100,,1189,25,,,0,100,,1187,25,,,0,100,,1192,25,,,0
100,'5326',640,,1194,25,,,0,100,,1195,25,,,0,100,,1196,18,,,0,100,,1197,25,,,0,100,,1198,25,,,0,100,,1199,25,,,0,100,,1200,25,,,0,100,,1201,25,,,0,100,,1202,25,,,0,100,,1203,25,,,0,100,,1204,25,,,0,100,,1205,25,,,0
100,'5328',840,,1207,18,,,0,100,,1210,25,,,0,100,,1214,25,,,0,100,,1217,25,,,0,100,,1209,25,,,0,100,,1208,25,,,0,100,,1212,25,,,0,100,,1213,25,,,0,100,,1211,25,,,0,100,,1216,25,,,0
201,'4833',700,,1335,10,,,0,100,,1336,10,,,0,100,,1337,10,,,0,100,,1338,10,,,0,100,,1339,10,,,0,100,,1340,10,,,0,100,,1341,10,,,0,100,,1342,10,,,0,100,,1343,10,,,0,100,,1344,10,,,0,100,,1345,10,,,0,100,,1346,10,0,7 6,0
201,'5323',700,,1348,10,,,0,100,,1349,10,,,0,100,,1350,10,,,0,100,,1351,10,,,0,100,,1352,10,,,0,100,,1353,10,,,0,100,,1354,10,,,0,100,,1355,10,,,0,100,,1356,10,,,0,100,,1357,10,,,0,100,,1358,10,,,0,100,,1359,10,0,7 6,0
201,'5325',800,,1361,10,,,0,100,,1362,10,,,0,100,,1363,10,,,0,100,,1364,10,,,0,100,,1365,10,,,0,100,,1366,10,,,0,100,,1367,10,,,0,100,,1368,10,,,0,100,,1369,10,,,0,100,,1370,10,,,0,100,,1371,10,,,0
201,'5326',700,,1372,10,,,0,100,,1373,10,,,0,100,,1374,10,,,0,100,,1375,10,,,0,100,,1376,10,,,0,100,,1377,10,,,0,100,,1378,10,,,0,100,,1379,10,,,0,100,,1380,10,,,0,100,,1381,10,,,0,100,,1382,10,,,0,100,,1383,10,0,7 6,0
201,'5328',800,,1385,10,,,0,100,,1386,10,,,0,100,,1388,10,,,0,100,,1387,10,,,0,100,,1389,10,,,0,100,,1390,10,,,0,100,,1391,10,,,0,100,,1392,10,,,0,100,,1393,10,,,0,100,,1394,10,,,0,100,,1395,10,,,0
300,'4833',708,,2124,20,,,0,200,,2126,20,,,0,100,,2127,20,,,0,100,,2129,20,,,0,100,,2128,20,,,0,100,,2130,20,,,0,100,,2131,20,,,0,100,,2132,20,,,0,100,,2133,20,,,0,100,,2134,20,,,0,100,,2135,20,,,0
300,'5323',708,,2136,20,,,0,200,,2138,20,,,0,100,,2139,20,,,0,100,,2141,20,,,0,100,,2140,20,,,0,100,,2142,20,,,0,100,,2143,20,,,0,100,,2144,20,,,0,100,,2145,20,,,0,100,,2146,20,,,0,100,,2147,20,,,0
300,'5325',908,,2150,20,,,0,100,,2151,20,,,0,100,,2148,20,,,0,100,,2152,20,,,0,100,,2153,20,,,0,100,,2154,20,,,0,100,,2155,20,,,0,100,,2156,20,,,0,100,,2157,20,,,0,100,,2158,20,,,0
300,'5326',708,,2159,20,,,0,200,,2161,20,,,0,100,,2162,20,,,0,100,,2164,20,,,0,100,,2163,20,,,0,100,,2165,20,,,0,100,,2166,20,,,0,100,,2167,20,,,0,100,,2168,20,,,0,100,,2169,20,,,0,100,,2170,20,,,0
300,'5328',908,,2172,20,,,0,100,,2173,20,,,0,100,,2171,20,,,0,100,,2174,20,,,0,100,,2175,20,,,0,100,,2176,20,,,0,100,,2177,20,,,0,100,,2178,20,,,0,100,,2179,20,,,0,100,,2180,20,,,0
1501,'4833',1937,,1978,36,0,7,0,164,,1980,36,0,7,0
1501,'5323',1937,,1982,36,0,7,0,164,,1984,36,0,7,0
1501,'5325',1937,,1987,36,0,7,0,164,,1988,36,0,7,0
1501,'5326',1937,,1990,36,0,7,0,164,,1992,36,0,7,0
1501,'5328',1937,,1995,36,0,7,0,164,,1996,36,0,7,0
1600,'5322',909,,1998,16,,,0,100,,2001,22,,,0,100,,2000,22,,,0,100,,1999,22,,,0,100,,2002,22,,,0,100,,2003,22,,,0,100,,2004,22,,,0,100,,2005,22,,,0,100,,2006,22,,,0,100,,2008,22,,,0
7000,'5323',610,,2105,29,,,0,305,,2106,12,,,0,324,,2107,12,,,0,300,,2108,12,,,0
7000,'5326',610,,2109,29,,,0,305,,2110,12,,,0,324,,2111,12,,,0,300,,2112,12,,,0
