200,'4833',644,,1279,17,,,0,100,,1280,17,,,0,100,,1281,17,,,0,100,,1282,17,,,0,100,,1283,17,,,0,100,,1284,17,,,0,100,,1285,17,,,0,100,,1286,17,,,0,100,,1287,17,,,0,100,,1288,17,,,0,100,,1289,17,,,0,100,,1290,17,,,0
200,'5323',644,,1291,17,,,0,100,,1292,17,,,0,100,,1293,17,,,0,100,,1294,17,,,0,100,,1295,17,,,0,100,,1296,17,,,0,100,,1297,17,,,0,100,,1298,17,,,0,100,,1299,17,,,0,100,,1300,17,,,0,100,,1301,17,,,0,100,,1302,17,,,0
200,'5325',844,,1303,17,,,0,100,,1304,17,,,0,100,,1305,17,,,0,100,,1306,17,,,0,100,,1307,17,,,0,100,,1308,17,,,0,100,,1309,17,,,0,100,,1310,17,,,0,100,,1311,17,,,0,100,,1312,17,,,0
200,'5326',644,,1313,17,,,0,100,,1314,17,,,0,100,,1315,17,,,0,100,,1316,17,,,0,100,,1317,17,,,0,100,,1318,17,,,0,100,,1319,17,,,0,100,,1320,17,,,0,100,,1321,17,,,0,100,,1322,17,,,0,100,,1323,17,,,0,100,,1324,17,,,0
200,'5328',844,,1325,17,,,0,100,,1326,17,,,0,100,,1327,17,,,0,100,,1328,17,,,0,100,,1329,17,,,0,100,,1330,17,,,0,100,,1331,17,,,0,100,,1332,17,,,0,100,,1333,17,,,0,100,,1334,17,,,0
1000,'5323',648,,1896,12,,,0,162,,1897,12,,,0,123,,1900,12,,,0,306,,1898,12,,,0,407,,1899,12,,,0
1000,'5325',810,,1901,12,,,0,429,,1902,12,,,0,407,,1903,12,,,0
1000,'5326',648,,1904,12,,,0,162,,1905,12,,,0,123,,1908,12,,,0,306,,1906,12,,,0,407,,1907,12,,,0
1000,'5328',810,,1909,12,,,0,429,,1910,12,,,0,407,,1911,12,,,0
1500,'4833',2014,,1943,22,,,0,124,,1944,22,,,0,85,,1946,22,,,0
1500,'5323',2014,,1951,22,,,0,124,,1952,22,,,0,85,,1954,22,,,0
1500,'5325',2014,,1957,22,,,0,124,,1960,22,,,0,85,,1959,22,,,0
1500,'5326',2014,,1966,22,,,0,124,,1967,22,,,0,85,,1969,22,,,0
1500,'5328',2014,,1972,22,,,0,124,,1975,22,,,0,85,,1974,22,,,0
4000,'5323',844,,2090,29,4,,0,556,,2089,29,4,,0
4000,'5326',844,,2092,29,4,,0,556,,2091,29,4,,0
7001,'5323',845,,2113,13,0,14 15,0,296,,2114,11,0,14 15,0,365,,2115,13,0,14 15,0,305,,2116,11,,,0
7001,'5326',845,,2117,13,0,14 15,0,296,,2118,11,0,14 15,0,365,,2119,13,0,14 15,0,305,,2120,11,,,0
