200,'4833',630,,1279,2,,,0,100,,1280,2,,,0,100,,1281,2,,,0,100,,1282,2,,,0,100,,1283,2,,,0,100,,1284,2,,,0,100,,1285,2,,,0,100,,1286,2,,,0,100,,1287,2,,,0,100,,1288,2,,,0,100,,1289,2,,,0,100,,1290,2,,,0
200,'5323',630,,1291,2,,,0,100,,1292,2,,,0,100,,1293,2,,,0,100,,1294,2,,,0,100,,1295,2,,,0,100,,1296,2,,,0,100,,1297,2,,,0,100,,1298,2,,,0,100,,1299,2,,,0,100,,1300,2,,,0,100,,1301,2,,,0,100,,1302,2,,,0
200,'5325',830,,1303,2,,,0,100,,1304,2,,,0,100,,1305,2,,,0,100,,1306,2,,,0,100,,1307,2,,,0,100,,1308,2,,,0,100,,1309,2,,,0,100,,1310,2,,,0,100,,1311,2,,,0,100,,1312,2,,,0
200,'5326',630,,1313,2,,,0,100,,1314,2,,,0,100,,1315,2,,,0,100,,1316,2,,,0,100,,1317,2,,,0,100,,1318,2,,,0,100,,1319,2,,,0,100,,1320,2,,,0,100,,1321,2,,,0,100,,1322,2,,,0,100,,1323,2,,,0,100,,1324,2,,,0
200,'5328',830,,1325,2,,,0,100,,1326,2,,,0,100,,1327,2,,,0,100,,1328,2,,,0,100,,1329,2,,,0,100,,1330,2,,,0,100,,1331,2,,,0,100,,1332,2,,,0,100,,1333,2,,,0,100,,1334,2,,,0
400,'4833',700,,1518,2,,,0,100,,1523,2,,,0,100,,1525,2,,,0,100,,1526,2,,,0,100,,1527,2,,,0,100,,1528,2,,,0,100,,1529,2,,,0,100,,1530,2,,,0,100,,1524,2,,,0,100,,1521,2,,,0,100,,1522,2,,,0,100,,1520,2,0,7 6,0
400,'5323',700,,1531,2,,,0,100,,1536,2,,,0,100,,1538,2,,,0,100,,1539,2,,,0,100,,1540,2,,,0,100,,1541,2,,,0,100,,1542,2,,,0,100,,1543,2,,,0,100,,1537,2,,,0,100,,1534,2,,,0,100,,1535,2,,,0,100,,1533,2,0,7 6,0
400,'5325',800,,1547,2,,,0,100,,1550,2,,,0,100,,1544,2,,,0,100,,1545,2,,,0,100,,1548,2,,,0,100,,1549,2,,,0,100,,1546,2,,,0,100,,1551,2,,,0,100,,1552,2,,,0,100,,1553,2,,,0,100,,1554,2,0,7 6,0
400,'5326',700,,1556,2,,,0,100,,1561,2,,,0,100,,1563,2,,,0,100,,1564,2,,,0,100,,1565,2,,,0,100,,1566,2,,,0,100,,1567,2,,,0,100,,1568,2,,,0,100,,1562,2,,,0,100,,1559,2,,,0,100,,1560,2,,,0,100,,1558,2,0,7 6,0
400,'5328',800,,1572,2,,,0,100,,1575,2,,,0,100,,1569,2,,,0,100,,1570,2,,,0,100,,1573,2,,,0,100,,1574,2,,,0,100,,1571,2,,,0,100,,1576,2,,,0,100,,1577,2,,,0,100,,1578,2,,,0,100,,1579,2,0,7 6,0
1000,'5323',641,,1896,2,,,0,162,,1897,2,,,0,123,,1900,2,,,0,305,,1898,2,,,0,407,,1899,2,,,0
1000,'5325',803,,1901,2,,,0,428,,1902,2,,,0,407,,1903,2,,,0
1000,'5326',641,,1904,2,,,0,162,,1905,2,,,0,123,,1908,2,,,0,305,,1906,2,,,0,407,,1907,2,,,0
1000,'5328',803,,1909,2,,,0,428,,1910,2,,,0,407,,1911,2,,,0
1101,'5323',1233,,1936,2,,,0,572,,1934,2,,,0
1101,'5326',1233,,1939,2,,,0,572,,1937,2,,,0
1500,'4833',2001,,1943,7,,,0,124,,1944,7,,,0,85,,1946,7,,,0
1500,'5323',2001,,1951,7,,,0,124,,1952,7,,,0,85,,1954,7,,,0
1500,'5325',2001,,1957,7,,,0,124,,1960,7,,,0,85,,1959,7,,,0
1500,'5326',2001,,1966,7,,,0,124,,1967,7,,,0,85,,1969,7,,,0
1500,'5328',2001,,1972,7,,,0,124,,1975,7,,,0,85,,1974,7,,,0
7000,'5323',603,,2105,18,,,0,305,,2106,1,,,0,324,,2107,1,,,0,300,,2108,1,,,0
7000,'5326',603,,2109,18,,,0,305,,2110,1,,,0,324,,2111,1,,,0,300,,2112,1,,,0
