100,'4833',631,,1157,15,,,0,100,,1158,15,,,0,100,,1159,8,,,0,100,,1160,15,,,0,100,,1161,15,,,0,100,,1162,15,,,0,100,,1163,15,,,0,100,,1164,15,,,0,100,,1165,15,,,0,100,,1166,15,,,0,100,,1167,15,,,0,100,,1168,15,,,0,97,,1169,15,0,5 6,0
100,'5323',631,,1170,15,,,0,100,,1171,15,,,0,100,,1172,8,,,0,100,,1173,15,,,0,100,,1174,15,,,0,100,,1175,15,,,0,100,,1176,15,,,0,100,,1177,15,,,0,100,,1178,15,,,0,100,,1179,15,,,0,100,,1180,15,,,0,100,,1181,15,,,0,97,,1182,15,0,5 6,0
100,'5325',831,,1183,8,,,0,100,,1185,15,,,0,100,,1190,15,,,0,100,,1193,15,,,0,100,,1186,15,,,0,100,,1184,15,,,0,100,,1188,15,,,0,100,,1189,15,,,0,100,,1187,15,,,0,100,,1192,15,,,0,97,,1191,15,0,5 6,0
100,'5326',631,,1194,15,,,0,100,,1195,15,,,0,100,,1196,8,,,0,100,,1197,15,,,0,100,,1198,15,,,0,100,,1199,15,,,0,100,,1200,15,,,0,100,,1201,15,,,0,100,,1202,15,,,0,100,,1203,15,,,0,100,,1204,15,,,0,100,,1205,15,,,0,97,,1206,15,0,5 6,0
100,'5328',831,,1207,8,,,0,100,,1210,15,,,0,100,,1214,15,,,0,100,,1217,15,,,0,100,,1209,15,,,0,100,,1208,15,,,0,100,,1212,15,,,0,100,,1213,15,,,0,100,,1211,15,,,0,100,,1216,15,,,0,97,,1215,15,0,5 6,0
101,'4833',812,,1220,28,,,0
101,'5323',812,,1233,28,,,0
101,'5325',812,,1254,5,,,0
101,'5326',812,,1257,28,,,0
101,'5328',812,,1278,5,,,0
300,'4833',701,,2124,10,,,0,100,,2125,10,0,11 12,0,100,,2126,10,,,0,100,,2127,10,,,0,100,,2129,10,,,0,100,,2128,10,,,0,100,,2130,10,,,0,100,,2131,10,,,0,100,,2132,10,,,0,100,,2133,10,,,0,100,,2134,10,,,0,100,,2135,10,,,0
300,'5323',701,,2136,10,,,0,100,,2137,10,0,11 12,0,100,,2138,10,,,0,100,,2139,10,,,0,100,,2141,10,,,0,100,,2140,10,,,0,100,,2142,10,,,0,100,,2143,10,,,0,100,,2144,10,,,0,100,,2145,10,,,0,100,,2146,10,,,0,100,,2147,10,,,0
300,'5325',801,,2149,4,0,11 12,0,100,,2150,10,,,0,100,,2151,10,,,0,100,,2148,10,,,0,100,,2152,10,,,0,100,,2153,10,,,0,100,,2154,10,,,0,100,,2155,10,,,0,100,,2156,10,,,0,100,,2157,10,,,0,100,,2158,10,,,0
300,'5326',701,,2159,10,,,0,100,,2160,10,0,11 12,0,100,,2161,10,,,0,100,,2162,10,,,0,100,,2164,10,,,0,100,,2163,10,,,0,100,,2165,10,,,0,100,,2166,10,,,0,100,,2167,10,,,0,100,,2168,10,,,0,100,,2169,10,,,0,100,,2170,10,,,0
300,'5328',901,,2172,10,,,0,100,,2173,10,,,0,100,,2171,10,,,0,100,,2174,10,,,0,100,,2175,10,,,0,100,,2176,10,,,0,100,,2177,10,,,0,100,,2178,10,,,0,100,,2179,10,,,0,100,,2180,10,,,0
3000,'5323',807,,2050,4,,,0,310,,2049,4,,,0,185,,2053,4,,,0,255,,2051,4,,,0,171,,2052,4,,,0
3000,'5325',907,,2054,4,,,0,210,,2055,4,,,0,185,,2057,4,,,0,255,,2056,4,,,0,171,,2058,4,,,0
3000,'5326',807,,2060,4,,,0,310,,2059,4,,,0,185,,2063,4,,,0,255,,2061,4,,,0,171,,2062,4,,,0
3000,'5328',907,,2064,4,,,0,210,,2065,4,,,0,185,,2067,4,,,0,255,,2066,4,,,0,171,,2068,4,,,0
