200,'4833',646,,1279,20,,,0,100,,1280,20,,,0,100,,1281,20,,,0,100,,1282,20,,,0,100,,1283,20,,,0,100,,1284,20,,,0,100,,1285,20,,,0,100,,1286,20,,,0,100,,1287,20,,,0,100,,1288,20,,,0,100,,1289,20,,,0,100,,1290,20,,,0
200,'5323',646,,1291,20,,,0,100,,1292,20,,,0,100,,1293,20,,,0,100,,1294,20,,,0,100,,1295,20,,,0,100,,1296,20,,,0,100,,1297,20,,,0,100,,1298,20,,,0,100,,1299,20,,,0,100,,1300,20,,,0,100,,1301,20,,,0,100,,1302,20,,,0
200,'5325',846,,1303,20,,,0,100,,1304,20,,,0,100,,1305,20,,,0,100,,1306,20,,,0,100,,1307,20,,,0,100,,1308,20,,,0,100,,1309,20,,,0,100,,1310,20,,,0,100,,1311,20,,,0,100,,1312,20,,,0
200,'5326',646,,1313,20,,,0,100,,1314,20,,,0,100,,1315,20,,,0,100,,1316,20,,,0,100,,1317,20,,,0,100,,1318,20,,,0,100,,1319,20,,,0,100,,1320,20,,,0,100,,1321,20,,,0,100,,1322,20,,,0,100,,1323,20,,,0,100,,1324,20,,,0
200,'5328',846,,1325,20,,,0,100,,1326,20,,,0,100,,1327,20,,,0,100,,1328,20,,,0,100,,1329,20,,,0,100,,1330,20,,,0,100,,1331,20,,,0,100,,1332,20,,,0,100,,1333,20,,,0,100,,1334,20,,,0
501,'4833',650,,1768,3,,,0,70,,1778,3,,,0,30,,1769,5,,,0,70,,1790,5,,,0,30,,1771,5,,,0,70,,1779,5,,,0,30,,1772,5,,,0,70,,1780,5,,,0,30,,1773,5,,,0,70,,1781,5,,,0,30,,1770,5,,,0,70,,1782,5,,,0,30,,1775,5,,,0,70,,1783,5,,,0,30,,1774,5,,,0,70,,1784,5,,,0,30,,1776,5,,,0,70,,1791,5,,,0,30,,1777,5,,,0,70,,1789,5,,,0,30,,1785,5,,,0,70,,1786,5,,,0,30,,1787,5,,,0,70,,1788,5,,,0
501,'5322',1220,,1792,5,,,0,100,,1793,5,,,0,100,,1794,5,,,0,100,,1795,5,,,0
501,'5323',650,,1796,3,,,0,70,,1806,3,,,0,30,,1797,5,,,0,70,,1818,5,,,0,30,,1799,5,,,0,70,,1807,5,,,0,30,,1800,5,,,0,70,,1808,5,,,0,30,,1801,5,,,0,70,,1809,5,,,0,30,,1798,5,,,0,70,,1810,5,,,0,30,,1803,5,,,0,70,,1811,5,,,0,30,,1802,5,,,0,70,,1812,5,,,0,30,,1804,5,,,0,70,,1819,5,,,0,30,,1805,5,,,0,70,,1817,5,,,0,30,,1813,5,,,0,70,,1814,5,,,0,30,,1815,5,,,0,70,,1816,5,,,0
501,'5325',850,,1825,3,,,0,70,,1836,3,,,0,30,,1827,5,,,0,70,,1837,5,,,0,30,,1828,5,,,0,70,,1833,5,,,0,30,,1824,5,,,0,70,,1834,5,,,0,30,,1829,5,,,0,70,,1835,5,,,0,30,,1820,5,,,0,70,,1838,5,,,0,30,,1821,5,,,0,70,,1839,5,,,0,30,,1822,5,,,0,70,,1830,5,,,0,30,,1823,5,,,0,70,,1831,5,,,0,30,,1826,5,,,0,70,,1832,5,,,0
501,'5326',650,,1840,3,,,0,70,,1850,3,,,0,30,,1841,5,,,0,70,,1862,5,,,0,30,,1843,5,,,0,70,,1851,5,,,0,30,,1844,5,,,0,70,,1852,5,,,0,30,,1845,5,,,0,70,,1853,5,,,0,30,,1842,5,,,0,70,,1854,5,,,0,30,,1847,5,,,0,70,,1855,5,,,0,30,,1846,5,,,0,70,,1856,5,,,0,30,,1848,5,,,0,70,,1863,5,,,0,30,,1849,5,,,0,70,,1861,5,,,0,30,,1857,5,,,0,70,,1858,5,,,0,30,,1859,5,,,0,70,,1860,5,,,0,30,,1866,5,,,0,100,,1867,5,,,0,100,,1868,5,,,0,100,,1869,5,,,0,100,,1864,5,,,0,100,,1865,5,0,21,0
501,'5328',850,,1875,3,,,0,70,,1886,3,,,0,30,,1877,5,,,0,70,,1887,5,,,0,30,,1878,5,,,0,70,,1883,5,,,0,30,,1874,5,,,0,70,,1884,5,,,0,30,,1879,5,,,0,70,,1885,5,,,0,30,,1870,5,,,0,70,,1888,5,,,0,30,,1871,5,,,0,70,,1889,5,,,0,30,,1872,5,,,0,70,,1880,5,,,0,30,,1873,5,,,0,70,,1881,5,,,0,30,,1876,5,,,0,70,,1882,5,,,0,30,,1892,5,,,0,100,,1893,5,,,0,100,,1894,5,,,0,100,,1895,5,,,0,100,,1891,5,,,0,100,,1890,5,0,21,0
1001,'5323',749,,1912,19,,,0,164,,1913,19,,,0,123,,1916,19,,,0,311,,1914,19,,,0,403,,1915,19,,,0
1001,'5325',913,,1917,19,,,0,434,,1919,19,,,0,403,,1918,19,,,0
1001,'5326',749,,1920,19,,,0,164,,1921,19,,,0,123,,1924,19,,,0,311,,1922,19,,,0,403,,1923,19,,,0
1001,'5328',913,,1925,19,,,0,434,,1927,19,,,0,403,,1926,19,,,0
1601,'5322',931,,2009,13,,,0,100,,2011,13,,,0,100,,2010,13,,,0,100,,2012,13,,,0,100,,2014,13,,,0,100,,2013,13,,,0,100,,2016,13,,,0,100,,2015,13,,,0,100,,2018,13,,,0,100,,2017,13,,,0
