201,'4833',726,,1335,33,,,0,100,,1336,33,,,0,100,,1337,33,,,0,100,,1338,33,,,0,100,,1339,33,,,0,100,,1340,33,,,0,100,,1341,33,,,0,100,,1342,33,,,0,100,,1343,33,,,0,100,,1344,33,,,0,100,,1345,33,,,0,100,,2121,15,,,0
201,'5323',726,,1348,33,,,0,100,,1349,33,,,0,100,,1350,33,,,0,100,,1351,33,,,0,100,,1352,33,,,0,100,,1353,33,,,0,100,,1354,33,,,0,100,,1355,33,,,0,100,,1356,33,,,0,100,,1357,33,,,0,100,,1358,33,,,0,100,,2122,15,,,0
201,'5325',826,,1361,33,,,0,100,,1362,33,,,0,100,,1363,33,,,0,100,,1364,33,,,0,100,,1365,33,,,0,100,,1366,33,,,0,100,,1367,33,,,0,100,,1368,33,,,0,100,,1369,33,,,0,100,,1370,33,,,0,100,,1371,33,,,0
201,'5326',726,,1372,33,,,0,100,,1373,33,,,0,100,,1374,33,,,0,100,,1375,33,,,0,100,,1376,33,,,0,100,,1377,33,,,0,100,,1378,33,,,0,100,,1379,33,,,0,100,,1380,33,,,0,100,,1381,33,,,0,100,,1382,33,,,0,100,,2123,15,,,0
201,'5328',826,,1385,33,,,0,100,,1386,33,,,0,100,,1388,33,,,0,100,,1387,33,,,0,100,,1389,33,,,0,100,,1390,33,,,0,100,,1391,33,,,0,100,,1392,33,,,0,100,,1393,33,,,0,100,,1394,33,,,0,100,,1395,33,,,0
401,'4833',652,,1587,13,,,0,100,,1588,26,,,0,100,,1589,26,,,0,100,,1590,26,,,0,100,,1591,26,,,0,100,,1592,26,,,0,100,,1593,26,,,0,100,,1585,26,,,0,100,,1586,26,,,0,100,,1584,26,,,0,100,,1583,26,,,0,100,,1582,26,,,0
401,'5323',652,,1600,13,,,0,100,,1601,26,,,0,100,,1602,26,,,0,100,,1603,26,,,0,100,,1604,26,,,0,100,,1605,26,,,0,100,,1606,26,,,0,100,,1598,26,,,0,100,,1599,26,,,0,100,,1597,26,,,0,100,,1596,26,,,0,100,,1595,26,,,0
401,'5325',852,,1607,26,,,0,100,,1609,26,,,0,100,,1610,26,,,0,100,,1608,26,,,0,100,,1612,26,,,0,100,,1611,26,,,0,100,,1613,26,,,0,100,,1614,26,,,0,100,,1615,26,,,0,100,,1616,26,,,0
401,'5326',652,,1624,13,,,0,100,,1625,26,,,0,100,,1626,26,,,0,100,,1627,26,,,0,100,,1628,26,,,0,100,,1629,26,,,0,100,,1630,26,,,0,100,,1622,26,,,0,100,,1623,26,,,0,100,,1621,26,,,0,100,,1620,26,,,0,100,,1619,26,,,0
401,'5328',852,,1631,26,,,0,100,,1633,26,,,0,100,,1635,26,,,0,100,,1632,26,,,0,100,,1636,26,,,0,100,,1634,26,,,0,100,,1637,26,,,0,100,,1638,26,,,0,100,,1639,26,,,0,100,,1640,26,,,0
1001,'5323',753,,1912,25,,,0,165,,1913,25,,,0,123,,1916,25,,,0,311,,1914,25,,,0,402,,1915,25,,,0
1001,'5325',918,,1917,25,,,0,434,,1919,25,,,0,402,,1918,25,,,0
1001,'5326',753,,1920,25,,,0,165,,1921,25,,,0,123,,1924,25,,,0,311,,1922,25,,,0,402,,1923,25,,,0
1001,'5328',918,,1925,25,,,0,434,,1927,25,,,0,402,,1926,25,,,0
1100,'5323',1002,,1928,15,,,0,308,,1929,15,,,0
1100,'5326',1002,,1931,15,,,0,308,,1932,15,,,0
1501,'4833',1950,,1979,15,,,0,164,,1981,15,,,0
1501,'5323',1950,,1983,15,,,0,164,,1985,15,,,0
1501,'5325',1950,,1986,15,,,0,164,,1989,15,,,0
1501,'5326',1950,,1991,15,,,0,164,,1993,15,,,0
1501,'5328',1950,,1994,15,,,0,164,,1997,15,,,0
7001,'5323',855,,2113,27,0,14 15,0,296,,2114,25,0,14 15,0,365,,2115,27,0,14 15,0,302,,2116,25,,,0
7001,'5326',855,,2117,27,0,14 15,0,296,,2118,25,0,14 15,0,365,,2119,27,0,14 15,0,302,,2120,25,,,0
