200,'4833',647,,1279,24,,,0,100,,1280,24,,,0,100,,1281,24,,,0,100,,1282,24,,,0,100,,1283,24,,,0,100,,1284,24,,,0,100,,1285,24,,,0,100,,1286,24,,,0,100,,1287,24,,,0,100,,1288,24,,,0,100,,1289,24,,,0,100,,1290,24,,,0
200,'5323',647,,1291,24,,,0,100,,1292,24,,,0,100,,1293,24,,,0,100,,1294,24,,,0,100,,1295,24,,,0,100,,1296,24,,,0,100,,1297,24,,,0,100,,1298,24,,,0,100,,1299,24,,,0,100,,1300,24,,,0,100,,1301,24,,,0,100,,1302,24,,,0
200,'5325',847,,1303,24,,,0,100,,1304,24,,,0,100,,1305,24,,,0,100,,1306,24,,,0,100,,1307,24,,,0,100,,1308,24,,,0,100,,1309,24,,,0,100,,1310,24,,,0,100,,1311,24,,,0,100,,1312,24,,,0
200,'5326',647,,1313,24,,,0,100,,1314,24,,,0,100,,1315,24,,,0,100,,1316,24,,,0,100,,1317,24,,,0,100,,1318,24,,,0,100,,1319,24,,,0,100,,1320,24,,,0,100,,1321,24,,,0,100,,1322,24,,,0,100,,1323,24,,,0,100,,1324,24,,,0
200,'5328',847,,1325,24,,,0,100,,1326,24,,,0,100,,1327,24,,,0,100,,1328,24,,,0,100,,1329,24,,,0,100,,1330,24,,,0,100,,1331,24,,,0,100,,1332,24,,,0,100,,1333,24,,,0,100,,1334,24,,,0
400,'4833',718,,1518,24,,,0,100,,1523,24,,,0,100,,1525,24,,,0,100,,1526,24,,,0,100,,1527,24,,,0,100,,1528,24,,,0,100,,1529,24,,,0,100,,1530,24,,,0,100,,1524,24,,,0,100,,1521,24,,,0,100,,1522,24,,,0,110,,1519,9,,,0
400,'5323',718,,1531,24,,,0,100,,1536,24,,,0,100,,1538,24,,,0,100,,1539,24,,,0,100,,1540,24,,,0,100,,1541,24,,,0,100,,1542,24,,,0,100,,1543,24,,,0,100,,1537,24,,,0,100,,1534,24,,,0,100,,1535,24,,,0,110,,1532,9,,,0
400,'5325',818,,1547,24,,,0,100,,1550,24,,,0,100,,1544,24,,,0,100,,1545,24,,,0,100,,1548,24,,,0,100,,1549,24,,,0,100,,1546,24,,,0,100,,1551,24,,,0,100,,1552,24,,,0,100,,1553,24,,,0,110,,2239,9,,,0
400,'5326',718,,1556,24,,,0,100,,1561,24,,,0,100,,1563,24,,,0,100,,1564,24,,,0,100,,1565,24,,,0,100,,1566,24,,,0,100,,1567,24,,,0,100,,1568,24,,,0,100,,1562,24,,,0,100,,1559,24,,,0,100,,1560,24,,,0,110,,1557,9,,,0
400,'5328',818,,1572,24,,,0,100,,1575,24,,,0,100,,1569,24,,,0,100,,1570,24,,,0,100,,1573,24,,,0,100,,1574,24,,,0,100,,1571,24,,,0,100,,1576,24,,,0,100,,1577,24,,,0,100,,1578,24,,,0,110,,2240,9,,,0
1501,'4833',1928,,1978,19,0,7,0,124,,1980,19,0,7,0
1501,'5323',1928,,1982,19,0,7,0,124,,1984,19,0,7,0
1501,'5325',1928,,1987,19,0,7,0,124,,1988,19,0,7,0
1501,'5326',1928,,1990,19,0,7,0,124,,1992,19,0,7,0
1501,'5328',1928,,1995,19,0,7,0,124,,1996,19,0,7,0
1600,'5322',903,,1998,6,,,0,100,,2001,12,,,0,100,,2000,12,,,0,100,,1999,12,,,0,100,,2002,12,,,0,100,,2003,12,,,0,100,,2004,12,,,0,100,,2005,12,,,0,100,,2006,12,,,0,100,,2008,12,,,0
3001,'5323',752,,2069,17,,,0,350,,2070,15,,,0,145,,2073,15,,,0,295,,2071,17,,,0,170,,2072,15,,,0
3001,'5325',852,,2074,17,,,0,250,,2075,15,,,0,145,,2076,15,,,0,295,,2077,17,,,0,170,,2078,15,,,0
3001,'5326',752,,2079,17,,,0,350,,2080,15,,,0,145,,2083,15,,,0,295,,2081,17,,,0,170,,2082,15,,,0
3001,'5328',852,,2084,17,,,0,250,,2085,15,,,0,145,,2086,15,,,0,295,,2087,17,,,0,170,,2088,15,,,0
4001,'5323',952,,2093,10,,,0,604,,2094,10,,,0
4001,'5326',952,,2095,10,,,0,604,,2096,10,,,0
7000,'5323',606,,2105,22,,,0,305,,2106,5,,,0,324,,2107,5,,,0,300,,2108,5,,,0
7000,'5326',606,,2109,22,,,0,305,,2110,5,,,0,324,,2111,5,,,0,300,,2112,5,,,0
