201,'4833',719,,1335,26,,,0,100,,1336,26,,,0,100,,1337,26,,,0,100,,1338,26,,,0,100,,1339,26,,,0,100,,1340,26,,,0,100,,1341,26,,,0,100,,1342,26,,,0,100,,1343,26,,,0,100,,1344,26,,,0,100,,1345,26,,,0,100,,1347,8,,,0
201,'5323',719,,1348,26,,,0,100,,1349,26,,,0,100,,1350,26,,,0,100,,1351,26,,,0,100,,1352,26,,,0,100,,1353,26,,,0,100,,1354,26,,,0,100,,1355,26,,,0,100,,1356,26,,,0,100,,1357,26,,,0,100,,1358,26,,,0,100,,1360,8,,,0
201,'5325',819,,1361,26,,,0,100,,1362,26,,,0,100,,1363,26,,,0,100,,1364,26,,,0,100,,1365,26,,,0,100,,1366,26,,,0,100,,1367,26,,,0,100,,1368,26,,,0,100,,1369,26,,,0,100,,1370,26,,,0,100,,1371,26,,,0
201,'5326',719,,1372,26,,,0,100,,1373,26,,,0,100,,1374,26,,,0,100,,1375,26,,,0,100,,1376,26,,,0,100,,1377,26,,,0,100,,1378,26,,,0,100,,1379,26,,,0,100,,1380,26,,,0,100,,1381,26,,,0,100,,1382,26,,,0,100,,1384,8,,,0
201,'5328',819,,1385,26,,,0,100,,1386,26,,,0,100,,1388,26,,,0,100,,1387,26,,,0,100,,1389,26,,,0,100,,1390,26,,,0,100,,1391,26,,,0,100,,1392,26,,,0,100,,1393,26,,,0,100,,1394,26,,,0,100,,1395,26,,,0
1501,'4833',1945,,1979,8,,,0,164,,1981,8,,,0
1501,'5323',1945,,1983,8,,,0,164,,1985,8,,,0
1501,'5325',1945,,1986,8,,,0,164,,1989,8,,,0
1501,'5326',1945,,1991,8,,,0,164,,1993,8,,,0
1501,'5328',1945,,1994,8,,,0,164,,1997,8,,,0
