101,'4833',704,,1219,18,,,0,100,,1220,18,,,0,100,,1221,18,,,0,100,,1222,18,,,0,100,,1224,18,,,0,100,,1223,18,,,0,100,,1226,18,,,0,100,,1225,18,,,0,100,,1227,18,,,0,100,,1228,18,,,0,100,,1229,18,,,0,100,,1230,18,,,0
101,'5323',704,,1232,18,,,0,100,,1233,18,,,0,100,,1234,18,,,0,100,,1235,18,,,0,100,,1237,18,,,0,100,,1236,18,,,0,100,,1239,18,,,0,100,,1238,18,,,0,100,,1240,18,,,0,100,,1241,18,,,0,100,,1242,18,,,0,100,,1243,18,,,0
101,'5325',904,,1248,18,,,0,100,,1250,18,,,0,100,,1244,18,,,0,100,,1246,18,,,0,100,,1249,18,,,0,100,,1247,18,,,0,100,,1251,18,,,0,100,,1245,18,,,0,100,,1252,18,,,0,100,,1253,18,,,0
101,'5326',704,,1256,18,,,0,100,,1257,18,,,0,100,,1258,18,,,0,100,,1259,18,,,0,100,,1261,18,,,0,100,,1260,18,,,0,100,,1263,18,,,0,100,,1262,18,,,0,100,,1264,18,,,0,100,,1265,18,,,0,100,,1266,18,,,0,100,,1267,18,,,0
101,'5328',904,,1272,18,,,0,100,,1274,18,,,0,100,,1268,18,,,0,100,,1270,18,,,0,100,,1273,18,,,0,100,,1271,18,,,0,100,,1275,18,,,0,100,,1269,18,,,0,100,,1276,18,,,0,100,,1277,18,,,0
301,'4833',634,,2181,10,,,0,100,,2182,20,,,0,100,,2183,13,,,0,100,,2184,20,,,0,100,,2185,20,,,0,100,,2186,20,,,0,100,,2187,20,,,0,100,,2188,20,,,0,100,,2189,20,,,0,100,,2190,20,,,0,100,,2191,20,,,0,100,,2192,20,,,0
301,'5323',634,,2193,10,,,0,100,,2194,20,,,0,100,,2195,13,,,0,100,,2196,20,,,0,100,,2197,20,,,0,100,,2198,20,,,0,100,,2199,20,,,0,100,,2200,20,,,0,100,,2201,20,,,0,100,,2202,20,,,0,100,,2203,20,,,0,100,,2204,20,,,0
301,'5325',834,,2207,13,,,0,100,,2205,20,,,0,100,,2208,20,,,0,100,,2206,20,,,0,100,,2209,20,,,0,100,,2210,20,,,0,100,,2211,20,,,0,100,,2212,20,,,0,100,,2213,20,,,0,100,,2215,20,,,0
301,'5326',634,,2216,10,,,0,100,,2217,20,,,0,100,,2218,13,,,0,100,,2219,20,,,0,100,,2220,20,,,0,100,,2221,20,,,0,100,,2222,20,,,0,100,,2223,20,,,0,100,,2224,20,,,0,100,,2225,20,,,0,100,,2226,20,,,0,100,,2227,20,,,0
301,'5328',834,,2230,13,,,0,100,,2228,20,,,0,100,,2231,20,,,0,100,,2229,20,,,0,100,,2232,20,,,0,100,,2233,20,,,0,100,,2234,20,,,0,100,,2235,20,,,0,100,,2236,20,,,0,100,,2238,20,,,0
1500,'4833',1854,,1940,10,0,14 15,0,164,,1942,10,0,13,0,123,,1945,10,0,13,0,85,,1947,10,0,13,0
1500,'5323',1854,,1948,10,0,14 15,0,164,,1950,10,0,13,0,123,,1953,10,0,13,0,85,,1955,10,0,13,0
1500,'5325',1854,,1956,10,0,13,0,164,,1958,10,0,13,0,123,,1961,10,0,13,0,85,,1962,10,0,13,0
1500,'5326',1854,,1963,10,0,14 15,0,164,,1965,10,0,13,0,123,,1968,10,0,13,0,85,,1970,10,0,13,0
1500,'5328',1854,,1971,10,0,13,0,164,,1973,10,0,13,0,123,,1976,10,0,13,0,85,,1977,10,0,13,0
3001,'5323',753,,2069,19,,,0,350,,2070,17,,,0,145,,2073,17,,,0,295,,2071,19,,,0,170,,2072,17,,,0
3001,'5325',853,,2074,19,,,0,250,,2075,17,,,0,145,,2076,17,,,0,295,,2077,19,,,0,170,,2078,17,,,0
3001,'5326',753,,2079,19,,,0,350,,2080,17,,,0,145,,2083,17,,,0,295,,2081,19,,,0,170,,2082,17,,,0
3001,'5328',853,,2084,19,,,0,250,,2085,17,,,0,145,,2086,17,,,0,295,,2087,19,,,0,170,,2088,17,,,0
4001,'5323',953,,2093,12,,,0,604,,2094,12,,,0
4001,'5326',953,,2095,12,,,0,604,,2096,12,,,0
