101,'4833',701,,1219,12,,,0,100,,1220,12,,,0,100,,1221,12,,,0,100,,1222,12,,,0,100,,1224,12,,,0,100,,1223,12,,,0,100,,1226,12,,,0,100,,1225,12,,,0,100,,1227,12,,,0,100,,1228,12,,,0,100,,1229,12,,,0,100,,1230,12,,,0
101,'5323',701,,1232,12,,,0,100,,1233,12,,,0,100,,1234,12,,,0,100,,1235,12,,,0,100,,1237,12,,,0,100,,1236,12,,,0,100,,1239,12,,,0,100,,1238,12,,,0,100,,1240,12,,,0,100,,1241,12,,,0,100,,1242,12,,,0,100,,1243,12,,,0
101,'5325',901,,1248,12,,,0,100,,1250,12,,,0,100,,1244,12,,,0,100,,1246,12,,,0,100,,1249,12,,,0,100,,1247,12,,,0,100,,1251,12,,,0,100,,1245,12,,,0,100,,1252,12,,,0,100,,1253,12,,,0
101,'5326',701,,1256,12,,,0,100,,1257,12,,,0,100,,1258,12,,,0,100,,1259,12,,,0,100,,1261,12,,,0,100,,1260,12,,,0,100,,1263,12,,,0,100,,1262,12,,,0,100,,1264,12,,,0,100,,1265,12,,,0,100,,1266,12,,,0,100,,1267,12,,,0
101,'5328',901,,1272,12,,,0,100,,1274,12,,,0,100,,1268,12,,,0,100,,1270,12,,,0,100,,1273,12,,,0,100,,1271,12,,,0,100,,1275,12,,,0,100,,1269,12,,,0,100,,1276,12,,,0,100,,1277,12,,,0
301,'4833',631,,2181,4,,,0,100,,2182,14,,,0,100,,2183,7,,,0,100,,2184,14,,,0,100,,2185,14,,,0,100,,2186,14,,,0,100,,2187,14,,,0,100,,2188,14,,,0,100,,2189,14,,,0,100,,2190,14,,,0,100,,2191,14,,,0,100,,2192,14,,,0
301,'5323',631,,2193,4,,,0,100,,2194,14,,,0,100,,2195,7,,,0,100,,2196,14,,,0,100,,2197,14,,,0,100,,2198,14,,,0,100,,2199,14,,,0,100,,2200,14,,,0,100,,2201,14,,,0,100,,2202,14,,,0,100,,2203,14,,,0,100,,2204,14,,,0
301,'5325',831,,2207,7,,,0,100,,2205,14,,,0,100,,2208,14,,,0,100,,2206,14,,,0,100,,2209,14,,,0,100,,2210,14,,,0,100,,2211,14,,,0,100,,2212,14,,,0,100,,2213,14,,,0,100,,2215,14,,,0
301,'5326',631,,2216,4,,,0,100,,2217,14,,,0,100,,2218,7,,,0,100,,2219,14,,,0,100,,2220,14,,,0,100,,2221,14,,,0,100,,2222,14,,,0,100,,2223,14,,,0,100,,2224,14,,,0,100,,2225,14,,,0,100,,2226,14,,,0,100,,2227,14,,,0
301,'5328',831,,2230,7,,,0,100,,2228,14,,,0,100,,2231,14,,,0,100,,2229,14,,,0,100,,2232,14,,,0,100,,2233,14,,,0,100,,2234,14,,,0,100,,2235,14,,,0,100,,2236,14,,,0,100,,2238,14,,,0
1500,'4833',1851,,1940,4,0,14 15,0,164,,1942,4,0,13,0,124,,1945,4,0,13,0,85,,1947,4,0,13,0
1500,'5323',1851,,1948,4,0,14 15,0,164,,1950,4,0,13,0,124,,1953,4,0,13,0,85,,1955,4,0,13,0
1500,'5325',1851,,1956,4,0,13,0,164,,1958,4,0,13,0,124,,1961,4,0,13,0,85,,1962,4,0,13,0
1500,'5326',1851,,1963,4,0,14 15,0,164,,1965,4,0,13,0,124,,1968,4,0,13,0,85,,1970,4,0,13,0
1500,'5328',1851,,1971,4,0,13,0,164,,1973,4,0,13,0,124,,1976,4,0,13,0,85,,1977,4,0,13,0
7001,'5323',846,,2113,17,0,14 15,0,296,,2114,15,0,14 15,0,365,,2115,17,0,14 15,0,305,,2116,15,,,0
7001,'5326',846,,2117,17,0,14 15,0,296,,2118,15,0,14 15,0,365,,2119,17,0,14 15,0,305,,2120,15,,,0
