501,'4833',653,,1768,8,,,0,70,,1778,8,,,0,30,,1769,10,,,0,70,,1790,10,,,0,30,,1771,10,,,0,70,,1779,10,,,0,30,,1772,10,,,0,70,,1780,10,,,0,30,,1773,10,,,0,70,,1781,10,,,0,30,,1770,10,,,0,70,,1782,10,,,0,30,,1775,10,,,0,70,,1783,10,,,0,30,,1774,10,,,0,70,,1784,10,,,0,30,,1776,10,,,0,70,,1791,10,,,0,30,,1777,10,,,0,70,,1789,10,,,0,30,,1785,10,,,0,70,,1786,10,,,0,30,,1787,10,,,0,70,,1788,10,,,0
501,'5322',1223,,1792,10,,,0,100,,1793,10,,,0,100,,1794,10,,,0,100,,1795,10,,,0
501,'5323',653,,1796,8,,,0,70,,1806,8,,,0,30,,1797,10,,,0,70,,1818,10,,,0,30,,1799,10,,,0,70,,1807,10,,,0,30,,1800,10,,,0,70,,1808,10,,,0,30,,1801,10,,,0,70,,1809,10,,,0,30,,1798,10,,,0,70,,1810,10,,,0,30,,1803,10,,,0,70,,1811,10,,,0,30,,1802,10,,,0,70,,1812,10,,,0,30,,1804,10,,,0,70,,1819,10,,,0,30,,1805,10,,,0,70,,1817,10,,,0,30,,1813,10,,,0,70,,1814,10,,,0,30,,1815,10,,,0,70,,1816,10,,,0
501,'5325',853,,1825,8,,,0,70,,1836,8,,,0,30,,1827,10,,,0,70,,1837,10,,,0,30,,1828,10,,,0,70,,1833,10,,,0,30,,1824,10,,,0,70,,1834,10,,,0,30,,1829,10,,,0,70,,1835,10,,,0,30,,1820,10,,,0,70,,1838,10,,,0,30,,1821,10,,,0,70,,1839,10,,,0,30,,1822,10,,,0,70,,1830,10,,,0,30,,1823,10,,,0,70,,1831,10,,,0,30,,1826,10,,,0,70,,1832,10,,,0
501,'5326',653,,1840,8,,,0,70,,1850,8,,,0,30,,1841,10,,,0,70,,1862,10,,,0,30,,1843,10,,,0,70,,1851,10,,,0,30,,1844,10,,,0,70,,1852,10,,,0,30,,1845,10,,,0,70,,1853,10,,,0,30,,1842,10,,,0,70,,1854,10,,,0,30,,1847,10,,,0,70,,1855,10,,,0,30,,1846,10,,,0,70,,1856,10,,,0,30,,1848,10,,,0,70,,1863,10,,,0,30,,1849,10,,,0,70,,1861,10,,,0,30,,1857,10,,,0,70,,1858,10,,,0,30,,1859,10,,,0,70,,1860,10,,,0,30,,1866,10,,,0,100,,1867,10,,,0,100,,1868,10,,,0,100,,1869,10,,,0,100,,1864,10,,,0,100,,1865,10,0,21,0
501,'5328',853,,1875,8,,,0,70,,1886,8,,,0,30,,1877,10,,,0,70,,1887,10,,,0,30,,1878,10,,,0,70,,1883,10,,,0,30,,1874,10,,,0,70,,1884,10,,,0,30,,1879,10,,,0,70,,1885,10,,,0,30,,1870,10,,,0,70,,1888,10,,,0,30,,1871,10,,,0,70,,1889,10,,,0,30,,1872,10,,,0,70,,1880,10,,,0,30,,1873,10,,,0,70,,1881,10,,,0,30,,1876,10,,,0,70,,1882,10,,,0,30,,1892,10,,,0,100,,1893,10,,,0,100,,1894,10,,,0,100,,1895,10,,,0,100,,1891,10,,,0,100,,1890,10,0,21,0
1001,'5323',751,,1912,24,,,0,165,,1913,24,,,0,123,,1916,24,,,0,311,,1914,24,,,0,402,,1915,24,,,0
1001,'5325',916,,1917,24,,,0,434,,1919,24,,,0,402,,1918,24,,,0
1001,'5326',751,,1920,24,,,0,165,,1921,24,,,0,123,,1924,24,,,0,311,,1922,24,,,0,402,,1923,24,,,0
1001,'5328',916,,1925,24,,,0,434,,1927,24,,,0,402,,1926,24,,,0
1500,'4833',1902,,1940,23,0,14 15,0,124,,1942,23,0,13,0,123,,1945,23,0,13,0,85,,1947,23,0,13,0
1500,'5323',1902,,1948,23,0,14 15,0,124,,1950,23,0,13,0,123,,1953,23,0,13,0,85,,1955,23,0,13,0
1500,'5325',1902,,1956,23,0,13,0,124,,1958,23,0,13,0,123,,1961,23,0,13,0,85,,1962,23,0,13,0
1500,'5326',1902,,1963,23,0,14 15,0,124,,1965,23,0,13,0,123,,1968,23,0,13,0,85,,1970,23,0,13,0
1500,'5328',1902,,1971,23,0,13,0,124,,1973,23,0,13,0,123,,1976,23,0,13,0,85,,1977,23,0,13,0
1601,'5322',933,,2009,18,,,0,100,,2011,18,,,0,100,,2010,18,,,0,100,,2012,18,,,0,100,,2014,18,,,0,100,,2013,18,,,0,100,,2016,18,,,0,100,,2015,18,,,0,100,,2018,18,,,0,100,,2017,18,,,0
