101,'4833',701,,1219,11,,,0,100,,1220,11,,,0,100,,1221,11,,,0,100,,1222,11,,,0,100,,1224,11,,,0,100,,1223,11,,,0,100,,1226,11,,,0,100,,1225,11,,,0,100,,1227,11,,,0,100,,1228,11,,,0,100,,1229,11,,,0,100,,1230,11,,,0
101,'5323',701,,1232,11,,,0,100,,1233,11,,,0,100,,1234,11,,,0,100,,1235,11,,,0,100,,1237,11,,,0,100,,1236,11,,,0,100,,1239,11,,,0,100,,1238,11,,,0,100,,1240,11,,,0,100,,1241,11,,,0,100,,1242,11,,,0,100,,1243,11,,,0
101,'5325',901,,1248,11,,,0,100,,1250,11,,,0,100,,1244,11,,,0,100,,1246,11,,,0,100,,1249,11,,,0,100,,1247,11,,,0,100,,1251,11,,,0,100,,1245,11,,,0,100,,1252,11,,,0,100,,1253,11,,,0
101,'5326',701,,1256,11,,,0,100,,1257,11,,,0,100,,1258,11,,,0,100,,1259,11,,,0,100,,1261,11,,,0,100,,1260,11,,,0,100,,1263,11,,,0,100,,1262,11,,,0,100,,1264,11,,,0,100,,1265,11,,,0,100,,1266,11,,,0,100,,1267,11,,,0
101,'5328',901,,1272,11,,,0,100,,1274,11,,,0,100,,1268,11,,,0,100,,1270,11,,,0,100,,1273,11,,,0,100,,1271,11,,,0,100,,1275,11,,,0,100,,1269,11,,,0,100,,1276,11,,,0,100,,1277,11,,,0
301,'4833',631,,1457,3,,,0,100,,1458,13,,,0,100,,1459,6,,,0,100,,1460,13,,,0,100,,1461,13,,,0,100,,1462,13,,,0,100,,1463,13,,,0,100,,1464,13,,,0,100,,1465,13,,,0,100,,1466,13,,,0,100,,1467,13,,,0,100,,1468,13,,,0
301,'5323',631,,1470,3,,,0,100,,1471,13,,,0,100,,1472,6,,,0,100,,1473,13,,,0,100,,1474,13,,,0,100,,1475,13,,,0,100,,1476,13,,,0,100,,1477,13,,,0,100,,1478,13,,,0,100,,1479,13,,,0,100,,1480,13,,,0,100,,1481,13,,,0
301,'5325',831,,1485,6,,,0,100,,1483,13,,,0,100,,1486,13,,,0,100,,1484,13,,,0,100,,1487,13,,,0,100,,1488,13,,,0,100,,1489,13,,,0,100,,1490,13,,,0,100,,1491,13,,,0,100,,1493,13,,,0
301,'5326',631,,1494,3,,,0,100,,1495,13,,,0,100,,1496,6,,,0,100,,1497,13,,,0,100,,1498,13,,,0,100,,1499,13,,,0,100,,1500,13,,,0,100,,1501,13,,,0,100,,1502,13,,,0,100,,1503,13,,,0,100,,1504,13,,,0,100,,1505,13,,,0
301,'5328',831,,1509,6,,,0,100,,1507,13,,,0,100,,1510,13,,,0,100,,1508,13,,,0,100,,1511,13,,,0,100,,1512,13,,,0,100,,1513,13,,,0,100,,1514,13,,,0,100,,1515,13,,,0,100,,1517,13,,,0
1500,'4833',1850,,1940,3,0,14 15,0,164,,1942,3,0,13,0,124,,1945,3,0,13,0,85,,1947,3,0,13,0
1500,'5323',1850,,1948,3,0,14 15,0,164,,1950,3,0,13,0,124,,1953,3,0,13,0,85,,1955,3,0,13,0
1500,'5325',1850,,1956,3,0,13,0,164,,1958,3,0,13,0,124,,1961,3,0,13,0,85,,1962,3,0,13,0
1500,'5326',1850,,1963,3,0,14 15,0,164,,1965,3,0,13,0,124,,1968,3,0,13,0,85,,1970,3,0,13,0
1500,'5328',1850,,1971,3,0,13,0,164,,1973,3,0,13,0,124,,1976,3,0,13,0,85,,1977,3,0,13,0
7001,'5323',846,,2113,16,0,14 15,0,296,,2114,14,0,14 15,0,365,,2115,16,0,14 15,0,305,,2116,14,,,0
7001,'5326',846,,2117,16,0,14 15,0,296,,2118,14,0,14 15,0,365,,2119,16,0,14 15,0,305,,2120,14,,,0
