100,'4833',624,,1157,10,,,0,100,,1158,10,,,0,200,,1160,10,,,0,100,,1161,10,,,0,100,,1162,10,,,0,100,,1163,10,,,0,100,,1164,10,,,0,100,,1165,10,,,0,100,,1166,10,,,0,100,,1167,10,,,0,100,,1168,10,,,0,100,,1169,10,0,5 6,0
100,'5323',624,,1170,10,,,0,100,,1171,10,,,0,200,,1173,10,,,0,100,,1174,10,,,0,100,,1175,10,,,0,100,,1176,10,,,0,100,,1177,10,,,0,100,,1178,10,,,0,100,,1179,10,,,0,100,,1180,10,,,0,100,,1181,10,,,0,100,,1182,10,0,5 6,0
100,'5325',924,,1185,10,,,0,100,,1190,10,,,0,100,,1193,10,,,0,100,,1186,10,,,0,100,,1184,10,,,0,100,,1188,10,,,0,100,,1189,10,,,0,100,,1187,10,,,0,100,,1192,10,,,0,100,,1191,10,0,5 6,0
100,'5326',624,,1194,10,,,0,100,,1195,10,,,0,200,,1197,10,,,0,100,,1198,10,,,0,100,,1199,10,,,0,100,,1200,10,,,0,100,,1201,10,,,0,100,,1202,10,,,0,100,,1203,10,,,0,100,,1204,10,,,0,100,,1205,10,,,0,100,,1206,10,0,5 6,0
100,'5328',924,,1210,10,,,0,100,,1214,10,,,0,100,,1217,10,,,0,100,,1209,10,,,0,100,,1208,10,,,0,100,,1212,10,,,0,100,,1213,10,,,0,100,,1211,10,,,0,100,,1216,10,,,0,100,,1215,10,0,5 6,0
101,'4833',707,,1219,22,,,0,100,,1220,22,,,0,100,,1221,22,,,0,100,,1222,22,,,0,100,,1224,22,,,0,100,,1223,22,,,0,100,,1226,22,,,0,100,,1225,22,,,0,100,,1227,22,,,0,100,,1228,22,,,0,100,,1229,22,,,0,100,,1230,22,,,0
101,'5323',707,,1232,22,,,0,100,,1233,22,,,0,100,,1234,22,,,0,100,,1235,22,,,0,100,,1237,22,,,0,100,,1236,22,,,0,100,,1239,22,,,0,100,,1238,22,,,0,100,,1240,22,,,0,100,,1241,22,,,0,100,,1242,22,,,0,100,,1243,22,,,0
101,'5325',907,,1248,22,,,0,100,,1250,22,,,0,100,,1244,22,,,0,100,,1246,22,,,0,100,,1249,22,,,0,100,,1247,22,,,0,100,,1251,22,,,0,100,,1245,22,,,0,100,,1252,22,,,0,100,,1253,22,,,0
101,'5326',707,,1256,22,,,0,100,,1257,22,,,0,100,,1258,22,,,0,100,,1259,22,,,0,100,,1261,22,,,0,100,,1260,22,,,0,100,,1263,22,,,0,100,,1262,22,,,0,100,,1264,22,,,0,100,,1265,22,,,0,100,,1266,22,,,0,100,,1267,22,,,0
101,'5328',907,,1272,22,,,0,100,,1274,22,,,0,100,,1268,22,,,0,100,,1270,22,,,0,100,,1273,22,,,0,100,,1271,22,,,0,100,,1275,22,,,0,100,,1269,22,,,0,100,,1276,22,,,0,100,,1277,22,,,0
301,'4833',637,,2181,14,,,0,100,,2182,24,,,0,100,,2183,17,,,0,100,,2184,24,,,0,100,,2185,24,,,0,100,,2186,24,,,0,100,,2187,24,,,0,100,,2188,24,,,0,100,,2189,24,,,0,100,,2190,24,,,0,100,,2191,24,,,0,100,,2192,24,,,0
301,'5323',637,,2193,14,,,0,100,,2194,24,,,0,100,,2195,17,,,0,100,,2196,24,,,0,100,,2197,24,,,0,100,,2198,24,,,0,100,,2199,24,,,0,100,,2200,24,,,0,100,,2201,24,,,0,100,,2202,24,,,0,100,,2203,24,,,0,100,,2204,24,,,0
301,'5325',837,,2207,17,,,0,100,,2205,24,,,0,100,,2208,24,,,0,100,,2206,24,,,0,100,,2209,24,,,0,100,,2210,24,,,0,100,,2211,24,,,0,100,,2212,24,,,0,100,,2213,24,,,0,100,,2215,24,,,0
301,'5326',637,,2216,14,,,0,100,,2217,24,,,0,100,,2218,17,,,0,100,,2219,24,,,0,100,,2220,24,,,0,100,,2221,24,,,0,100,,2222,24,,,0,100,,2223,24,,,0,100,,2224,24,,,0,100,,2225,24,,,0,100,,2226,24,,,0,100,,2227,24,,,0
301,'5328',837,,2230,17,,,0,100,,2228,24,,,0,100,,2231,24,,,0,100,,2229,24,,,0,100,,2232,24,,,0,100,,2233,24,,,0,100,,2234,24,,,0,100,,2235,24,,,0,100,,2236,24,,,0,100,,2238,24,,,0
7000,'5323',551,,2105,1,,,0
7000,'5326',551,,2109,1,,,0
