300,'4833',713,,2124,25,,,0,107,,2125,39,0,11 12,0,93,,2126,25,,,0,100,,2127,25,,,0,100,,2129,25,,,0,100,,2128,25,,,0,100,,2130,25,,,0,100,,2131,25,,,0,100,,2132,25,,,0,100,,2133,25,,,0,100,,2134,25,,,0,100,,1408,2,,,0
300,'5323',713,,2136,25,,,0,107,,2137,39,0,11 12,0,93,,2138,25,,,0,100,,2139,25,,,0,100,,2141,25,,,0,100,,2140,25,,,0,100,,2142,25,,,0,100,,2143,25,,,0,100,,2144,25,,,0,100,,2145,25,,,0,100,,2146,25,,,0,100,,1421,2,,,0
300,'5325',820,,2149,33,0,11 12,0,93,,2150,25,,,0,100,,2151,25,,,0,100,,2148,25,,,0,100,,2152,25,,,0,100,,2153,25,,,0,100,,2154,25,,,0,100,,2155,25,,,0,100,,2156,25,,,0,100,,2157,25,,,0,100,,2158,25,,,0
300,'5326',713,,2159,25,,,0,107,,2160,39,0,11 12,0,93,,2161,25,,,0,100,,2162,25,,,0,100,,2164,25,,,0,100,,2163,25,,,0,100,,2165,25,,,0,100,,2166,25,,,0,100,,2167,25,,,0,100,,2168,25,,,0,100,,2169,25,,,0,100,,1445,2,,,0
300,'5328',913,,2172,25,,,0,100,,2173,25,,,0,100,,2171,25,,,0,100,,2174,25,,,0,100,,2175,25,,,0,100,,2176,25,,,0,100,,2177,25,,,0,100,,2178,25,,,0,100,,2179,25,,,0,100,,2180,25,,,0
1000,'5323',649,,1896,16,,,0,162,,1897,16,,,0,123,,1900,16,,,0,307,,1898,16,,,0,407,,1899,16,,,0
1000,'5325',811,,1901,16,,,0,430,,1902,16,,,0,407,,1903,16,,,0
1000,'5326',649,,1904,16,,,0,162,,1905,16,,,0,123,,1908,16,,,0,307,,1906,16,,,0,407,,1907,16,,,0
1000,'5328',811,,1909,16,,,0,430,,1910,16,,,0,407,,1911,16,,,0
1601,'5322',923,,2009,7,,,0,100,,2011,7,,,0,100,,2010,7,,,0,100,,2012,7,,,0,100,,2014,7,,,0,100,,2013,7,,,0,100,,2016,7,,,0,100,,2015,7,,,0,100,,2018,7,,,0,100,,2017,7,,,0
