100,'4833',646,,1157,34,,,0,100,,1158,34,,,0,100,,1159,27,,,0,100,,1160,34,,,0,100,,1161,34,,,0,100,,1162,34,,,0,100,,1163,34,,,0,100,,1164,34,,,0,100,,1165,34,,,0,100,,1166,34,,,0,100,,1167,34,,,0,100,,1168,34,,,0
100,'5323',646,,1170,34,,,0,100,,1171,34,,,0,100,,1172,27,,,0,100,,1173,34,,,0,100,,1174,34,,,0,100,,1175,34,,,0,100,,1176,34,,,0,100,,1177,34,,,0,100,,1178,34,,,0,100,,1179,34,,,0,100,,1180,34,,,0,100,,1181,34,,,0
100,'5325',846,,1183,27,,,0,100,,1185,34,,,0,100,,1190,34,,,0,100,,1193,34,,,0,100,,1186,34,,,0,100,,1184,34,,,0,100,,1188,34,,,0,100,,1189,34,,,0,100,,1187,34,,,0,100,,1192,34,,,0
100,'5326',646,,1194,34,,,0,100,,1195,34,,,0,100,,1196,27,,,0,100,,1197,34,,,0,100,,1198,34,,,0,100,,1199,34,,,0,100,,1200,34,,,0,100,,1201,34,,,0,100,,1202,34,,,0,100,,1203,34,,,0,100,,1204,34,,,0,100,,1205,34,,,0
100,'5328',846,,1207,27,,,0,100,,1210,34,,,0,100,,1214,34,,,0,100,,1217,34,,,0,100,,1209,34,,,0,100,,1208,34,,,0,100,,1212,34,,,0,100,,1213,34,,,0,100,,1211,34,,,0,100,,1216,34,,,0
1600,'5322',914,,1998,25,,,0,100,,2001,31,,,0,100,,2000,31,,,0,100,,1999,31,,,0,100,,2002,31,,,0,100,,2003,31,,,0,100,,2004,31,,,0,100,,2005,31,,,0,100,,2006,31,,,0,100,,2008,31,,,0
3000,'5323',815,,2050,19,,,0,311,,2049,19,,,0,184,,2053,19,,,0,295,,2051,19,,,0,132,,2052,19,,,0
3000,'5325',915,,2054,19,,,0,211,,2055,19,,,0,184,,2057,19,,,0,295,,2056,19,,,0,132,,2058,19,,,0
3000,'5326',815,,2060,19,,,0,311,,2059,19,,,0,184,,2063,19,,,0,295,,2061,19,,,0,132,,2062,19,,,0
3000,'5328',915,,2064,19,,,0,211,,2065,19,,,0,184,,2067,19,,,0,295,,2066,19,,,0,132,,2068,19,,,0
7000,'5323',615,,2105,38,,,0,305,,2106,21,,,0,324,,2107,21,,,0,300,,2108,21,,,0
7000,'5326',615,,2109,38,,,0,305,,2110,21,,,0,324,,2111,21,,,0,300,,2112,21,,,0
