100,'4833',827,,1159,3,,,0
100,'5323',827,,1172,3,,,0
100,'5325',827,,1183,3,,,0
100,'5326',827,,1196,3,,,0
100,'5328',827,,1207,3,,,0
300,'4833',655,,1396,5,,,0,100,,1397,5,0,11 12,0,100,,1398,5,,,0,100,,1399,5,,,0,100,,1401,5,,,0,100,,1400,5,,,0,100,,1402,5,,,0,100,,1403,5,,,0,100,,1404,5,,,0,100,,1405,5,,,0,100,,1406,5,,,0,100,,1407,5,,,0
300,'5323',655,,1409,5,,,0,100,,1410,5,0,11 12,0,100,,1411,5,,,0,100,,1412,5,,,0,100,,1414,5,,,0,100,,1413,5,,,0,100,,1415,5,,,0,100,,1416,5,,,0,100,,1417,5,,,0,100,,1418,5,,,0,100,,1419,5,,,0,100,,1420,5,,,0
300,'5325',855,,1424,5,,,0,100,,1425,5,,,0,100,,1422,5,,,0,100,,1426,5,,,0,100,,1427,5,,,0,100,,1428,5,,,0,100,,1429,5,,,0,100,,1430,5,,,0,100,,1431,5,,,0,100,,1432,5,,,0
300,'5326',655,,1433,5,,,0,100,,1434,5,0,11 12,0,100,,1435,5,,,0,100,,1436,5,,,0,100,,1438,5,,,0,100,,1437,5,,,0,100,,1439,5,,,0,100,,1440,5,,,0,100,,1441,5,,,0,100,,1442,5,,,0,100,,1443,5,,,0,100,,1444,5,,,0
300,'5328',855,,1448,5,,,0,100,,1449,5,,,0,100,,1446,5,,,0,100,,1450,5,,,0,100,,1451,5,,,0,100,,1452,5,,,0,100,,1453,5,,,0,100,,1454,5,,,0,100,,1455,5,,,0,100,,1456,5,,,0
1500,'4833',1958,,1943,4,,,0,164,,1944,4,,,0,85,,1946,4,,,0
1500,'5323',1958,,1951,4,,,0,164,,1952,4,,,0,85,,1954,4,,,0
1500,'5325',1958,,1957,4,,,0,164,,1960,4,,,0,85,,1959,4,,,0
1500,'5326',1958,,1966,4,,,0,164,,1967,4,,,0,85,,1969,4,,,0
1500,'5328',1958,,1972,4,,,0,164,,1975,4,,,0,85,,1974,4,,,0
1600,'5322',955,,2001,5,,,0,100,,2000,5,,,0,100,,1999,5,,,0,100,,2002,5,,,0,100,,2003,5,,,0,100,,2004,5,,,0,100,,2005,5,,,0,100,,2006,5,,,0,100,,2008,5,,,0,100,,2007,5,0,14 15,0
4000,'5323',822,,2090,10,4,,0,516,,2089,10,4,,0
4000,'5326',822,,2092,10,4,,0,516,,2091,10,4,,0
7000,'5323',601,,2105,16,,,0
7000,'5326',601,,2109,16,,,0
