101,'4833',706,,1219,20,,,0,100,,1220,20,,,0,100,,1221,20,,,0,100,,1222,20,,,0,100,,1224,20,,,0,100,,1223,20,,,0,100,,1226,20,,,0,100,,1225,20,,,0,100,,1227,20,,,0,100,,1228,20,,,0,100,,1229,20,,,0,100,,1230,20,,,0
101,'5323',706,,1232,20,,,0,100,,1233,20,,,0,100,,1234,20,,,0,100,,1235,20,,,0,100,,1237,20,,,0,100,,1236,20,,,0,100,,1239,20,,,0,100,,1238,20,,,0,100,,1240,20,,,0,100,,1241,20,,,0,100,,1242,20,,,0,100,,1243,20,,,0
101,'5325',906,,1248,20,,,0,100,,1250,20,,,0,100,,1244,20,,,0,100,,1246,20,,,0,100,,1249,20,,,0,100,,1247,20,,,0,100,,1251,20,,,0,100,,1245,20,,,0,100,,1252,20,,,0,100,,1253,20,,,0
101,'5326',706,,1256,20,,,0,100,,1257,20,,,0,100,,1258,20,,,0,100,,1259,20,,,0,100,,1261,20,,,0,100,,1260,20,,,0,100,,1263,20,,,0,100,,1262,20,,,0,100,,1264,20,,,0,100,,1265,20,,,0,100,,1266,20,,,0,100,,1267,20,,,0
101,'5328',906,,1272,20,,,0,100,,1274,20,,,0,100,,1268,20,,,0,100,,1270,20,,,0,100,,1273,20,,,0,100,,1271,20,,,0,100,,1275,20,,,0,100,,1269,20,,,0,100,,1276,20,,,0,100,,1277,20,,,0
301,'4833',636,,1457,12,,,0,100,,1458,22,,,0,100,,1459,15,,,0,100,,1460,22,,,0,100,,1461,22,,,0,100,,1462,22,,,0,100,,1463,22,,,0,100,,1464,22,,,0,100,,1465,22,,,0,100,,1466,22,,,0,100,,1467,22,,,0,100,,1468,22,,,0
301,'5323',636,,1470,12,,,0,100,,1471,22,,,0,100,,1472,15,,,0,100,,1473,22,,,0,100,,1474,22,,,0,100,,1475,22,,,0,100,,1476,22,,,0,100,,1477,22,,,0,100,,1478,22,,,0,100,,1479,22,,,0,100,,1480,22,,,0,100,,1481,22,,,0
301,'5325',836,,1485,15,,,0,100,,1483,22,,,0,100,,1486,22,,,0,100,,1484,22,,,0,100,,1487,22,,,0,100,,1488,22,,,0,100,,1489,22,,,0,100,,1490,22,,,0,100,,1491,22,,,0,100,,1493,22,,,0
301,'5326',636,,1494,12,,,0,100,,1495,22,,,0,100,,1496,15,,,0,100,,1497,22,,,0,100,,1498,22,,,0,100,,1499,22,,,0,100,,1500,22,,,0,100,,1501,22,,,0,100,,1502,22,,,0,100,,1503,22,,,0,100,,1504,22,,,0,100,,1505,22,,,0
301,'5328',836,,1509,15,,,0,100,,1507,22,,,0,100,,1510,22,,,0,100,,1508,22,,,0,100,,1511,22,,,0,100,,1512,22,,,0,100,,1513,22,,,0,100,,1514,22,,,0,100,,1515,22,,,0,100,,1517,22,,,0
3001,'5323',756,,2069,21,,,0,350,,2070,19,,,0,145,,2073,19,,,0,295,,2071,21,,,0,170,,2072,19,,,0
3001,'5325',856,,2074,21,,,0,250,,2075,19,,,0,145,,2076,19,,,0,295,,2077,21,,,0,170,,2078,19,,,0
3001,'5326',756,,2079,21,,,0,350,,2080,19,,,0,145,,2083,19,,,0,295,,2081,21,,,0,170,,2082,19,,,0
3001,'5328',856,,2084,21,,,0,250,,2085,19,,,0,145,,2086,19,,,0,295,,2087,21,,,0,170,,2088,19,,,0
4001,'5323',956,,2093,14,,,0,644,,2094,14,,,0
4001,'5326',956,,2095,14,,,0,644,,2096,14,,,0
