100,'4833',630,,1157,12,,,0,100,,1158,12,,,0,100,,1159,5,,,0,100,,1160,12,,,0,100,,1161,12,,,0,100,,1162,12,,,0,100,,1163,12,,,0,100,,1164,12,,,0,100,,1165,12,,,0,100,,1166,12,,,0,100,,1167,12,,,0,100,,1168,12,,,0,97,,1169,12,0,5 6,0
100,'5323',630,,1170,12,,,0,100,,1171,12,,,0,100,,1172,5,,,0,100,,1173,12,,,0,100,,1174,12,,,0,100,,1175,12,,,0,100,,1176,12,,,0,100,,1177,12,,,0,100,,1178,12,,,0,100,,1179,12,,,0,100,,1180,12,,,0,100,,1181,12,,,0,97,,1182,12,0,5 6,0
100,'5325',830,,1183,5,,,0,100,,1185,12,,,0,100,,1190,12,,,0,100,,1193,12,,,0,100,,1186,12,,,0,100,,1184,12,,,0,100,,1188,12,,,0,100,,1189,12,,,0,100,,1187,12,,,0,100,,1192,12,,,0,97,,1191,12,0,5 6,0
100,'5326',630,,1194,12,,,0,100,,1195,12,,,0,100,,1196,5,,,0,100,,1197,12,,,0,100,,1198,12,,,0,100,,1199,12,,,0,100,,1200,12,,,0,100,,1201,12,,,0,100,,1202,12,,,0,100,,1203,12,,,0,100,,1204,12,,,0,100,,1205,12,,,0,97,,1206,12,0,5 6,0
100,'5328',830,,1207,5,,,0,100,,1210,12,,,0,100,,1214,12,,,0,100,,1217,12,,,0,100,,1209,12,,,0,100,,1208,12,,,0,100,,1212,12,,,0,100,,1213,12,,,0,100,,1211,12,,,0,100,,1216,12,,,0,97,,1215,12,0,5 6,0
101,'4833',810,,1220,25,,,0
101,'5323',810,,1233,25,,,0
101,'5325',810,,1254,2,,,0
101,'5326',810,,1257,25,,,0
101,'5328',810,,1278,2,,,0
300,'4833',700,,2124,7,,,0,100,,2125,7,0,11 12,0,100,,2126,7,,,0,100,,2127,7,,,0,100,,2129,7,,,0,100,,2128,7,,,0,100,,2130,7,,,0,100,,2131,7,,,0,100,,2132,7,,,0,100,,2133,7,,,0,100,,2134,7,,,0,100,,2135,7,,,0
300,'5323',700,,2136,7,,,0,100,,2137,7,0,11 12,0,100,,2138,7,,,0,100,,2139,7,,,0,100,,2141,7,,,0,100,,2140,7,,,0,100,,2142,7,,,0,100,,2143,7,,,0,100,,2144,7,,,0,100,,2145,7,,,0,100,,2146,7,,,0,100,,2147,7,,,0
300,'5325',800,,2149,1,0,11 12,0,100,,2150,7,,,0,100,,2151,7,,,0,100,,2148,7,,,0,100,,2152,7,,,0,100,,2153,7,,,0,100,,2154,7,,,0,100,,2155,7,,,0,100,,2156,7,,,0,100,,2157,7,,,0,100,,2158,7,,,0
300,'5326',700,,2159,7,,,0,100,,2160,7,0,11 12,0,100,,2161,7,,,0,100,,2162,7,,,0,100,,2164,7,,,0,100,,2163,7,,,0,100,,2165,7,,,0,100,,2166,7,,,0,100,,2167,7,,,0,100,,2168,7,,,0,100,,2169,7,,,0,100,,2170,7,,,0
300,'5328',900,,2172,7,,,0,100,,2173,7,,,0,100,,2171,7,,,0,100,,2174,7,,,0,100,,2175,7,,,0,100,,2176,7,,,0,100,,2177,7,,,0,100,,2178,7,,,0,100,,2179,7,,,0,100,,2180,7,,,0
500,'4833',730,,1642,12,,,0,70,,1664,12,,,0,30,,1644,12,,,0,70,,1662,12,,,0,30,,1645,12,,,0,70,,1652,12,,,0,30,,1646,12,,,0,70,,1653,12,,,0,30,,1643,12,,,0,70,,1654,12,,,0,30,,1648,12,,,0,70,,1655,12,,,0,30,,1647,12,,,0,70,,1656,12,,,0,30,,1649,12,,,0,70,,1659,12,,,0,30,,1650,12,,,0,70,,1665,12,,,0,30,,1651,12,,,0,70,,1663,12,,,0,30,,1657,12,,,0,70,,1658,12,,,0,30,,1660,12,,,0
500,'5322',1300,,1666,12,,,0,100,,1667,12,,,0,100,,1668,12,,,0,100,,1669,12,,,0
500,'5323',730,,1670,12,,,0,70,,1692,12,,,0,30,,1672,12,,,0,70,,1690,12,,,0,30,,1673,12,,,0,70,,1680,12,,,0,30,,1674,12,,,0,70,,1681,12,,,0,30,,1671,12,,,0,70,,1682,12,,,0,30,,1676,12,,,0,70,,1683,12,,,0,30,,1675,12,,,0,70,,1684,12,,,0,30,,1677,12,,,0,70,,1687,12,,,0,30,,1678,12,,,0,70,,1693,12,,,0,30,,1679,12,,,0,70,,1691,12,,,0,30,,1685,12,,,0,70,,1686,12,,,0,30,,1688,12,,,0
500,'5325',930,,1694,12,,,0,70,,1710,12,,,0,30,,1699,12,,,0,70,,1707,12,,,0,30,,1700,12,,,0,70,,1708,12,,,0,30,,1702,12,,,0,70,,1706,12,,,0,30,,1703,12,,,0,70,,1709,12,,,0,30,,1701,12,,,0,70,,1711,12,,,0,30,,1698,12,,,0,70,,1705,12,,,0,30,,1697,12,,,0,70,,1704,12,,,0,30,,1695,12,,,0,70,,1712,12,,,0,30,,1696,12,,,0
500,'5326',730,,1714,12,,,0,70,,1736,12,,,0,30,,1716,12,,,0,70,,1734,12,,,0,30,,1717,12,,,0,70,,1724,12,,,0,30,,1718,12,,,0,70,,1725,12,,,0,30,,1715,12,,,0,70,,1726,12,,,0,30,,1720,12,,,0,70,,1727,12,,,0,30,,1719,12,,,0,70,,1728,12,,,0,30,,1721,12,,,0,70,,1731,12,,,0,30,,1722,12,,,0,70,,1737,12,,,0,30,,1723,12,,,0,70,,1735,12,,,0,30,,1729,12,,,0,70,,1730,12,,,0,30,,1732,12,,,0,100,,1738,12,,,0,100,,1739,12,,,0,100,,1740,12,,,0,100,,1741,12,,,0,100,,1742,12,,,0
500,'5328',930,,1743,12,,,0,70,,1759,12,,,0,30,,1748,12,,,0,70,,1756,12,,,0,30,,1749,12,,,0,70,,1757,12,,,0,30,,1751,12,,,0,70,,1755,12,,,0,30,,1752,12,,,0,70,,1758,12,,,0,30,,1750,12,,,0,70,,1760,12,,,0,30,,1747,12,,,0,70,,1754,12,,,0,30,,1746,12,,,0,70,,1753,12,,,0,30,,1744,12,,,0,70,,1761,12,,,0,30,,1745,12,,,0,100,,1763,12,,,0,100,,1764,12,,,0,100,,1765,12,,,0,100,,1766,12,,,0,100,,1767,12,,,0
501,'4833',700,,1768,12,,,0,30,,1778,12,,,0,70,,1769,14,,,0,30,,1790,14,,,0,70,,1771,14,,,0,30,,1779,14,,,0,70,,1772,14,,,0,30,,1780,14,,,0,70,,1773,14,,,0,30,,1781,14,,,0,70,,1770,14,,,0,30,,1782,14,,,0,70,,1775,14,,,0,30,,1783,14,,,0,70,,1774,14,,,0,30,,1784,14,,,0,70,,1776,14,,,0,30,,1791,14,,,0,70,,1777,14,,,0,30,,1789,14,,,0,70,,1785,14,,,0,30,,1786,14,,,0,70,,1787,14,,,0,30,,1788,14,,,0
501,'5322',1230,,1792,14,,,0,100,,1793,14,,,0,100,,1794,14,,,0,100,,1795,14,,,0
501,'5323',700,,1796,12,,,0,30,,1806,12,,,0,70,,1797,14,,,0,30,,1818,14,,,0,70,,1799,14,,,0,30,,1807,14,,,0,70,,1800,14,,,0,30,,1808,14,,,0,70,,1801,14,,,0,30,,1809,14,,,0,70,,1798,14,,,0,30,,1810,14,,,0,70,,1803,14,,,0,30,,1811,14,,,0,70,,1802,14,,,0,30,,1812,14,,,0,70,,1804,14,,,0,30,,1819,14,,,0,70,,1805,14,,,0,30,,1817,14,,,0,70,,1813,14,,,0,30,,1814,14,,,0,70,,1815,14,,,0,30,,1816,14,,,0
501,'5325',900,,1825,12,,,0,30,,1836,12,,,0,70,,1827,14,,,0,30,,1837,14,,,0,70,,1828,14,,,0,30,,1833,14,,,0,70,,1824,14,,,0,30,,1834,14,,,0,70,,1829,14,,,0,30,,1835,14,,,0,70,,1820,14,,,0,30,,1838,14,,,0,70,,1821,14,,,0,30,,1839,14,,,0,70,,1822,14,,,0,30,,1830,14,,,0,70,,1823,14,,,0,30,,1831,14,,,0,70,,1826,14,,,0,30,,1832,14,,,0
501,'5326',700,,1840,12,,,0,30,,1850,12,,,0,70,,1841,14,,,0,30,,1862,14,,,0,70,,1843,14,,,0,30,,1851,14,,,0,70,,1844,14,,,0,30,,1852,14,,,0,70,,1845,14,,,0,30,,1853,14,,,0,70,,1842,14,,,0,30,,1854,14,,,0,70,,1847,14,,,0,30,,1855,14,,,0,70,,1846,14,,,0,30,,1856,14,,,0,70,,1848,14,,,0,30,,1863,14,,,0,70,,1849,14,,,0,30,,1861,14,,,0,70,,1857,14,,,0,30,,1858,14,,,0,70,,1859,14,,,0,30,,1860,14,,,0,70,,1866,14,,,0,100,,1867,14,,,0,100,,1868,14,,,0,100,,1869,14,,,0,100,,1864,14,,,0,100,,1865,14,4,,0
501,'5328',900,,1875,12,,,0,30,,1886,12,,,0,70,,1877,14,,,0,30,,1887,14,,,0,70,,1878,14,,,0,30,,1883,14,,,0,70,,1874,14,,,0,30,,1884,14,,,0,70,,1879,14,,,0,30,,1885,14,,,0,70,,1870,14,,,0,30,,1888,14,,,0,70,,1871,14,,,0,30,,1889,14,,,0,70,,1872,14,,,0,30,,1880,14,,,0,70,,1873,14,,,0,30,,1881,14,,,0,70,,1876,14,,,0,30,,1882,14,,,0,70,,1892,14,,,0,100,,1893,14,,,0,100,,1894,14,,,0,100,,1895,14,,,0,100,,1891,14,,,0,100,,1890,14,4,,0
1000,'5323',640,,1896,1,,,0,162,,1897,1,,,0,123,,1900,1,,,0,305,,1898,1,,,0,407,,1899,1,,,0
1000,'5325',802,,1901,1,,,0,428,,1902,1,,,0,407,,1903,1,,,0
1000,'5326',640,,1904,1,,,0,162,,1905,1,,,0,123,,1908,1,,,0,305,,1906,1,,,0,407,,1907,1,,,0
1000,'5328',802,,1909,1,,,0,428,,1910,1,,,0,407,,1911,1,,,0
1001,'5323',755,,1912,27,4,,0,165,,1913,27,4,,0,123,,1916,27,4,,0,311,,1914,27,4,,0,402,,1915,27,4,,0
1001,'5325',920,,1917,27,4,,0,434,,1919,27,4,,0,402,,1918,27,4,,0
1001,'5326',755,,1920,27,4,,0,165,,1921,27,4,,0,123,,1924,27,4,,0,311,,1922,27,4,,0,402,,1923,27,4,,0
1001,'5328',920,,1925,27,4,,0,434,,1927,27,4,,0,402,,1926,27,4,,0
1500,'4833',2000,,1943,6,,,0,124,,1944,6,,,0,85,,1946,6,,,0
1500,'5323',2000,,1951,6,,,0,124,,1952,6,,,0,85,,1954,6,,,0
1500,'5325',2000,,1957,6,,,0,124,,1960,6,,,0,85,,1959,6,,,0
1500,'5326',2000,,1966,6,,,0,124,,1967,6,,,0,85,,1969,6,,,0
1500,'5328',2000,,1972,6,,,0,124,,1975,6,,,0,85,,1974,6,,,0
1501,'4833',1925,,1978,14,0,7,0,124,,1980,14,0,7,0
1501,'5323',1925,,1982,14,0,7,0,124,,1984,14,0,7,0
1501,'5325',1925,,1987,14,0,7,0,124,,1988,14,0,7,0
1501,'5326',1925,,1990,14,0,7,0,124,,1992,14,0,7,0
1501,'5328',1925,,1995,14,0,7,0,124,,1996,14,0,7,0
1600,'5322',900,,1998,1,,,0,100,,2001,7,,,0,100,,2000,7,,,0,100,,1999,7,,,0,100,,2002,7,,,0,100,,2003,7,,,0,100,,2004,7,,,0,100,,2005,7,,,0,100,,2006,7,,,0,100,,2008,7,,,0,100,,2007,7,4,,0
3000,'5323',805,,2050,1,,,0,310,,2049,1,,,0,185,,2053,1,,,0,255,,2051,1,,,0,171,,2052,1,,,0
3000,'5325',905,,2054,1,,,0,210,,2055,1,,,0,185,,2057,1,,,0,255,,2056,1,,,0,171,,2058,1,,,0
3000,'5326',805,,2060,1,,,0,310,,2059,1,,,0,185,,2063,1,,,0,255,,2061,1,,,0,171,,2062,1,,,0
3000,'5328',905,,2064,1,,,0,210,,2065,1,,,0,185,,2067,1,,,0,255,,2066,1,,,0,171,,2068,1,,,0
3001,'5323',800,,2069,23,4,,0,310,,2070,21,4,,0,145,,2073,21,4,,0,295,,2071,23,4,,0,170,,2072,21,4,,0
3001,'5325',900,,2074,23,4,,0,210,,2075,21,4,,0,145,,2076,21,4,,0,295,,2077,23,4,,0,170,,2078,21,4,,0
3001,'5326',800,,2079,23,4,,0,310,,2080,21,4,,0,145,,2083,21,4,,0,295,,2081,23,4,,0,170,,2082,21,4,,0
3001,'5328',900,,2084,23,4,,0,210,,2085,21,4,,0,145,,2086,21,4,,0,295,,2087,23,4,,0,170,,2088,21,4,,0
4000,'5323',825,,2090,12,4,,0,516,,2089,12,4,,0
4000,'5326',825,,2092,12,4,,0,516,,2091,12,4,,0
5000,'5324',900,,2101,9,,,0
5000,'5327',900,,2102,9,,,0
7001,'5323',857,,2113,29,4,,0,296,,2114,27,4,,0,365,,2115,29,4,,0
7001,'5326',857,,2117,29,4,,0,296,,2118,27,4,,0,365,,2119,29,4,,0
