100,'4833',644,,1157,29,,,0,100,,1158,29,,,0,100,,1159,22,,,0,100,,1160,29,,,0,100,,1161,29,,,0,100,,1162,29,,,0,100,,1163,29,,,0,100,,1164,29,,,0,100,,1165,29,,,0,100,,1166,29,,,0,100,,1167,29,,,0,100,,1168,29,,,0
100,'5323',644,,1170,29,,,0,100,,1171,29,,,0,100,,1172,22,,,0,100,,1173,29,,,0,100,,1174,29,,,0,100,,1175,29,,,0,100,,1176,29,,,0,100,,1177,29,,,0,100,,1178,29,,,0,100,,1179,29,,,0,100,,1180,29,,,0,100,,1181,29,,,0
100,'5325',844,,1183,22,,,0,100,,1185,29,,,0,100,,1190,29,,,0,100,,1193,29,,,0,100,,1186,29,,,0,100,,1184,29,,,0,100,,1188,29,,,0,100,,1189,29,,,0,100,,1187,29,,,0,100,,1192,29,,,0
100,'5326',644,,1194,29,,,0,100,,1195,29,,,0,100,,1196,22,,,0,100,,1197,29,,,0,100,,1198,29,,,0,100,,1199,29,,,0,100,,1200,29,,,0,100,,1201,29,,,0,100,,1202,29,,,0,100,,1203,29,,,0,100,,1204,29,,,0,100,,1205,29,,,0
100,'5328',844,,1207,22,,,0,100,,1210,29,,,0,100,,1214,29,,,0,100,,1217,29,,,0,100,,1209,29,,,0,100,,1208,29,,,0,100,,1212,29,,,0,100,,1213,29,,,0,100,,1211,29,,,0,100,,1216,29,,,0
201,'4833',713,,1335,20,,,0,100,,1336,20,,,0,100,,1337,20,,,0,100,,1338,20,,,0,100,,1339,20,,,0,100,,1340,20,,,0,100,,1341,20,,,0,100,,1342,20,,,0,100,,1343,20,,,0,100,,1344,20,,,0,100,,1345,20,,,0,100,,2121,2,,,0
201,'5323',713,,1348,20,,,0,100,,1349,20,,,0,100,,1350,20,,,0,100,,1351,20,,,0,100,,1352,20,,,0,100,,1353,20,,,0,100,,1354,20,,,0,100,,1355,20,,,0,100,,1356,20,,,0,100,,1357,20,,,0,100,,1358,20,,,0,100,,2122,2,,,0
201,'5325',813,,1361,20,,,0,100,,1362,20,,,0,100,,1363,20,,,0,100,,1364,20,,,0,100,,1365,20,,,0,100,,1366,20,,,0,100,,1367,20,,,0,100,,1368,20,,,0,100,,1369,20,,,0,100,,1370,20,,,0,100,,1371,20,,,0
201,'5326',713,,1372,20,,,0,100,,1373,20,,,0,100,,1374,20,,,0,100,,1375,20,,,0,100,,1376,20,,,0,100,,1377,20,,,0,100,,1378,20,,,0,100,,1379,20,,,0,100,,1380,20,,,0,100,,1381,20,,,0,100,,1382,20,,,0,100,,2123,2,,,0
201,'5328',813,,1385,20,,,0,100,,1386,20,,,0,100,,1388,20,,,0,100,,1387,20,,,0,100,,1389,20,,,0,100,,1390,20,,,0,100,,1391,20,,,0,100,,1392,20,,,0,100,,1393,20,,,0,100,,1394,20,,,0,100,,1395,20,,,0
1101,'5323',1240,,1936,8,,,0,572,,1934,8,,,0
1101,'5326',1240,,1939,8,,,0,572,,1937,8,,,0
1501,'4833',1940,,1979,2,,,0,164,,1981,2,,,0
1501,'5323',1940,,1983,2,,,0,164,,1985,2,,,0
1501,'5325',1940,,1986,2,,,0,164,,1989,2,,,0
1501,'5326',1940,,1991,2,,,0,164,,1993,2,,,0
1501,'5328',1940,,1994,2,,,0,164,,1997,2,,,0
1600,'5322',911,,1998,20,,,0,100,,2001,26,,,0,100,,2000,26,,,0,100,,1999,26,,,0,100,,2002,26,,,0,100,,2003,26,,,0,100,,2004,26,,,0,100,,2005,26,,,0,100,,2006,26,,,0,100,,2008,26,,,0
4001,'5323',943,,2093,2,,,0,604,,2094,2,,,0
4001,'5326',943,,2095,2,,,0,604,,2096,2,,,0
7000,'5323',612,,2105,33,,,0,305,,2106,16,,,0,324,,2107,16,,,0,300,,2108,16,,,0
7000,'5326',612,,2109,33,,,0,305,,2110,16,,,0,324,,2111,16,,,0,300,,2112,16,,,0
