100,'4833',632,,1157,17,,,0,100,,1158,17,,,0,100,,1159,10,,,0,100,,1160,17,,,0,100,,1161,17,,,0,100,,1162,17,,,0,100,,1163,17,,,0,100,,1164,17,,,0,100,,1165,17,,,0,100,,1166,17,,,0,100,,1167,17,,,0,100,,1168,17,,,0,97,,1169,17,0,5 6,0
100,'5323',632,,1170,17,,,0,100,,1171,17,,,0,100,,1172,10,,,0,100,,1173,17,,,0,100,,1174,17,,,0,100,,1175,17,,,0,100,,1176,17,,,0,100,,1177,17,,,0,100,,1178,17,,,0,100,,1179,17,,,0,100,,1180,17,,,0,100,,1181,17,,,0,97,,1182,17,0,5 6,0
100,'5325',832,,1183,10,,,0,100,,1185,17,,,0,100,,1190,17,,,0,100,,1193,17,,,0,100,,1186,17,,,0,100,,1184,17,,,0,100,,1188,17,,,0,100,,1189,17,,,0,100,,1187,17,,,0,100,,1192,17,,,0,97,,1191,17,0,5 6,0
100,'5326',632,,1194,17,,,0,100,,1195,17,,,0,100,,1196,10,,,0,100,,1197,17,,,0,100,,1198,17,,,0,100,,1199,17,,,0,100,,1200,17,,,0,100,,1201,17,,,0,100,,1202,17,,,0,100,,1203,17,,,0,100,,1204,17,,,0,100,,1205,17,,,0,97,,1206,17,0,5 6,0
100,'5328',832,,1207,10,,,0,100,,1210,17,,,0,100,,1214,17,,,0,100,,1217,17,,,0,100,,1209,17,,,0,100,,1208,17,,,0,100,,1212,17,,,0,100,,1213,17,,,0,100,,1211,17,,,0,100,,1216,17,,,0,97,,1215,17,0,5 6,0
300,'4833',702,,1396,12,,,0,100,,1397,12,0,11 12,0,100,,1398,12,,,0,100,,1399,12,,,0,100,,1401,12,,,0,100,,1400,12,,,0,100,,1402,12,,,0,100,,1403,12,,,0,100,,1404,12,,,0,100,,1405,12,,,0,100,,1406,12,,,0,100,,1407,12,,,0
300,'5323',702,,1409,12,,,0,100,,1410,12,0,11 12,0,100,,1411,12,,,0,100,,1412,12,,,0,100,,1414,12,,,0,100,,1413,12,,,0,100,,1415,12,,,0,100,,1416,12,,,0,100,,1417,12,,,0,100,,1418,12,,,0,100,,1419,12,,,0,100,,1420,12,,,0
300,'5325',802,,1423,6,0,11 12,0,100,,1424,12,,,0,100,,1425,12,,,0,100,,1422,12,,,0,100,,1426,12,,,0,100,,1427,12,,,0,100,,1428,12,,,0,100,,1429,12,,,0,100,,1430,12,,,0,100,,1431,12,,,0,100,,1432,12,,,0
300,'5326',702,,1433,12,,,0,100,,1434,12,0,11 12,0,100,,1435,12,,,0,100,,1436,12,,,0,100,,1438,12,,,0,100,,1437,12,,,0,100,,1439,12,,,0,100,,1440,12,,,0,100,,1441,12,,,0,100,,1442,12,,,0,100,,1443,12,,,0,100,,1444,12,,,0
300,'5328',802,,1447,6,0,11 12,0,100,,1448,12,,,0,100,,1449,12,,,0,100,,1446,12,,,0,100,,1450,12,,,0,100,,1451,12,,,0,100,,1452,12,,,0,100,,1453,12,,,0,100,,1454,12,,,0,100,,1455,12,,,0,100,,1456,12,,,0
3000,'5323',808,,2050,6,,,0,310,,2049,6,,,0,185,,2053,6,,,0,255,,2051,6,,,0,171,,2052,6,,,0
3000,'5325',908,,2054,6,,,0,210,,2055,6,,,0,185,,2057,6,,,0,255,,2056,6,,,0,171,,2058,6,,,0
3000,'5326',808,,2060,6,,,0,310,,2059,6,,,0,185,,2063,6,,,0,255,,2061,6,,,0,171,,2062,6,,,0
3000,'5328',908,,2064,6,,,0,210,,2065,6,,,0,185,,2067,6,,,0,255,,2066,6,,,0,171,,2068,6,,,0
4000,'5323',827,,2090,16,4,,0,516,,2089,16,4,,0
4000,'5326',827,,2092,16,4,,0,516,,2091,16,4,,0
