101,'4833',702,,1219,13,,,0,100,,1220,13,,,0,100,,1221,13,,,0,100,,1222,13,,,0,100,,1224,13,,,0,100,,1223,13,,,0,100,,1226,13,,,0,100,,1225,13,,,0,100,,1227,13,,,0,100,,1228,13,,,0,100,,1229,13,,,0,100,,1230,13,,,0
101,'5323',702,,1232,13,,,0,100,,1233,13,,,0,100,,1234,13,,,0,100,,1235,13,,,0,100,,1237,13,,,0,100,,1236,13,,,0,100,,1239,13,,,0,100,,1238,13,,,0,100,,1240,13,,,0,100,,1241,13,,,0,100,,1242,13,,,0,100,,1243,13,,,0
101,'5325',902,,1248,13,,,0,100,,1250,13,,,0,100,,1244,13,,,0,100,,1246,13,,,0,100,,1249,13,,,0,100,,1247,13,,,0,100,,1251,13,,,0,100,,1245,13,,,0,100,,1252,13,,,0,100,,1253,13,,,0
101,'5326',702,,1256,13,,,0,100,,1257,13,,,0,100,,1258,13,,,0,100,,1259,13,,,0,100,,1261,13,,,0,100,,1260,13,,,0,100,,1263,13,,,0,100,,1262,13,,,0,100,,1264,13,,,0,100,,1265,13,,,0,100,,1266,13,,,0,100,,1267,13,,,0
101,'5328',902,,1272,13,,,0,100,,1274,13,,,0,100,,1268,13,,,0,100,,1270,13,,,0,100,,1273,13,,,0,100,,1271,13,,,0,100,,1275,13,,,0,100,,1269,13,,,0,100,,1276,13,,,0,100,,1277,13,,,0
301,'4833',632,,2181,5,,,0,100,,2182,15,,,0,100,,2183,8,,,0,100,,2184,15,,,0,100,,2185,15,,,0,100,,2186,15,,,0,100,,2187,15,,,0,100,,2188,15,,,0,100,,2189,15,,,0,100,,2190,15,,,0,100,,2191,15,,,0,100,,2192,15,,,0
301,'5323',632,,2193,5,,,0,100,,2194,15,,,0,100,,2195,8,,,0,100,,2196,15,,,0,100,,2197,15,,,0,100,,2198,15,,,0,100,,2199,15,,,0,100,,2200,15,,,0,100,,2201,15,,,0,100,,2202,15,,,0,100,,2203,15,,,0,100,,2204,15,,,0
301,'5325',832,,2207,8,,,0,100,,2205,15,,,0,100,,2208,15,,,0,100,,2206,15,,,0,100,,2209,15,,,0,100,,2210,15,,,0,100,,2211,15,,,0,100,,2212,15,,,0,100,,2213,15,,,0,100,,2215,15,,,0
301,'5326',632,,2216,5,,,0,100,,2217,15,,,0,100,,2218,8,,,0,100,,2219,15,,,0,100,,2220,15,,,0,100,,2221,15,,,0,100,,2222,15,,,0,100,,2223,15,,,0,100,,2224,15,,,0,100,,2225,15,,,0,100,,2226,15,,,0,100,,2227,15,,,0
301,'5328',832,,2230,8,,,0,100,,2228,15,,,0,100,,2231,15,,,0,100,,2229,15,,,0,100,,2232,15,,,0,100,,2233,15,,,0,100,,2234,15,,,0,100,,2235,15,,,0,100,,2236,15,,,0,100,,2238,15,,,0
1500,'4833',1851,,1940,5,0,14 15,0,164,,1942,5,0,13,0,124,,1945,5,0,13,0,85,,1947,5,0,13,0
1500,'5323',1851,,1948,5,0,14 15,0,164,,1950,5,0,13,0,124,,1953,5,0,13,0,85,,1955,5,0,13,0
1500,'5325',1851,,1956,5,0,13,0,164,,1958,5,0,13,0,124,,1961,5,0,13,0,85,,1962,5,0,13,0
1500,'5326',1851,,1963,5,0,14 15,0,164,,1965,5,0,13,0,124,,1968,5,0,13,0,85,,1970,5,0,13,0
1500,'5328',1851,,1971,5,0,13,0,164,,1973,5,0,13,0,124,,1976,5,0,13,0,85,,1977,5,0,13,0
7001,'5323',846,,2113,18,0,14 15,0,296,,2114,16,0,14 15,0,365,,2115,18,0,14 15,0,305,,2116,16,,,0
7001,'5326',846,,2117,18,0,14 15,0,296,,2118,16,0,14 15,0,365,,2119,18,0,14 15,0,305,,2120,16,,,0
