101,'4833',612,,1218,1,,,0,100,,1219,24,,,0,98,,1220,24,,,0,102,,1221,24,,,0,100,,1222,24,,,0,100,,1224,24,,,0,100,,1223,24,,,0,100,,1226,24,,,0,100,,1225,24,,,0,100,,1227,24,,,0,100,,1228,24,,,0,100,,1229,24,,,0,100,,1230,24,,,0
101,'5323',612,,1231,1,,,0,100,,1232,24,,,0,98,,1233,24,,,0,102,,1234,24,,,0,100,,1235,24,,,0,100,,1237,24,,,0,100,,1236,24,,,0,100,,1239,24,,,0,100,,1238,24,,,0,100,,1240,24,,,0,100,,1241,24,,,0,100,,1242,24,,,0,100,,1243,24,,,0
101,'5325',810,,1254,1,,,0,102,,1248,24,,,0,100,,1250,24,,,0,100,,1244,24,,,0,100,,1246,24,,,0,100,,1249,24,,,0,100,,1247,24,,,0,100,,1251,24,,,0,100,,1245,24,,,0,100,,1252,24,,,0,100,,1253,24,,,0
101,'5326',612,,1255,1,,,0,100,,1256,24,,,0,98,,1257,24,,,0,102,,1258,24,,,0,100,,1259,24,,,0,100,,1261,24,,,0,100,,1260,24,,,0,100,,1263,24,,,0,100,,1262,24,,,0,100,,1264,24,,,0,100,,1265,24,,,0,100,,1266,24,,,0,100,,1267,24,,,0
101,'5328',810,,1278,1,,,0,102,,1272,24,,,0,100,,1274,24,,,0,100,,1268,24,,,0,100,,1270,24,,,0,100,,1273,24,,,0,100,,1271,24,,,0,100,,1275,24,,,0,100,,1269,24,,,0,100,,1276,24,,,0,100,,1277,24,,,0
200,'4833',630,,1279,1,,,0,100,,1280,1,,,0,100,,1281,1,,,0,100,,1282,1,,,0,100,,1283,1,,,0,100,,1284,1,,,0,100,,1285,1,,,0,100,,1286,1,,,0,100,,1287,1,,,0,100,,1288,1,,,0,100,,1289,1,,,0,100,,1290,1,,,0
200,'5323',630,,1291,1,,,0,100,,1292,1,,,0,100,,1293,1,,,0,100,,1294,1,,,0,100,,1295,1,,,0,100,,1296,1,,,0,100,,1297,1,,,0,100,,1298,1,,,0,100,,1299,1,,,0,100,,1300,1,,,0,100,,1301,1,,,0,100,,1302,1,,,0
200,'5325',830,,1303,1,,,0,100,,1304,1,,,0,100,,1305,1,,,0,100,,1306,1,,,0,100,,1307,1,,,0,100,,1308,1,,,0,100,,1309,1,,,0,100,,1310,1,,,0,100,,1311,1,,,0,100,,1312,1,,,0
200,'5326',630,,1313,1,,,0,100,,1314,1,,,0,100,,1315,1,,,0,100,,1316,1,,,0,100,,1317,1,,,0,100,,1318,1,,,0,100,,1319,1,,,0,100,,1320,1,,,0,100,,1321,1,,,0,100,,1322,1,,,0,100,,1323,1,,,0,100,,1324,1,,,0
200,'5328',830,,1325,1,,,0,100,,1326,1,,,0,100,,1327,1,,,0,100,,1328,1,,,0,100,,1329,1,,,0,100,,1330,1,,,0,100,,1331,1,,,0,100,,1332,1,,,0,100,,1333,1,,,0,100,,1334,1,,,0
201,'4833',730,,1335,36,4,,0,100,,1336,36,4,,0,100,,1337,36,4,,0,100,,1338,36,4,,0,100,,1339,36,4,,0,100,,1340,36,4,,0,100,,1341,36,4,,0,100,,1342,36,4,,0,100,,1343,36,4,,0,100,,1344,36,4,,0,100,,1345,36,4,,0,100,,2121,18,4,,0
201,'5323',730,,1348,36,4,,0,100,,1349,36,4,,0,100,,1350,36,4,,0,100,,1351,36,4,,0,100,,1352,36,4,,0,100,,1353,36,4,,0,100,,1354,36,4,,0,100,,1355,36,4,,0,100,,1356,36,4,,0,100,,1357,36,4,,0,100,,1358,36,4,,0,100,,2122,18,4,,0
201,'5325',830,,1361,36,4,,0,100,,1362,36,4,,0,100,,1363,36,4,,0,100,,1364,36,4,,0,100,,1365,36,4,,0,100,,1366,36,4,,0,100,,1367,36,4,,0,100,,1368,36,4,,0,100,,1369,36,4,,0,100,,1370,36,4,,0,100,,1371,36,4,,0
201,'5326',730,,1372,36,4,,0,100,,1373,36,4,,0,100,,1374,36,4,,0,100,,1375,36,4,,0,100,,1376,36,4,,0,100,,1377,36,4,,0,100,,1378,36,4,,0,100,,1379,36,4,,0,100,,1380,36,4,,0,100,,1381,36,4,,0,100,,1382,36,4,,0,100,,2123,18,4,,0
201,'5328',830,,1385,36,4,,0,100,,1386,36,4,,0,100,,1388,36,4,,0,100,,1387,36,4,,0,100,,1389,36,4,,0,100,,1390,36,4,,0,100,,1391,36,4,,0,100,,1392,36,4,,0,100,,1393,36,4,,0,100,,1394,36,4,,0,100,,1395,36,4,,0
301,'4833',642,,2181,16,,,0,100,,2182,26,,,0,100,,2183,19,,,0,100,,2184,26,,,0,100,,2185,26,,,0,100,,2186,26,,,0,100,,2187,26,,,0,100,,2188,26,,,0,100,,2189,26,,,0,100,,2190,26,,,0,100,,2191,26,,,0,100,,2192,26,,,0
301,'5323',642,,2193,16,,,0,100,,2194,26,,,0,100,,2195,19,,,0,100,,2196,26,,,0,100,,2197,26,,,0,100,,2198,26,,,0,100,,2199,26,,,0,100,,2200,26,,,0,100,,2201,26,,,0,100,,2202,26,,,0,100,,2203,26,,,0,100,,2204,26,,,0
301,'5325',842,,2207,19,,,0,100,,2205,26,,,0,100,,2208,26,,,0,100,,2206,26,,,0,100,,2209,26,,,0,100,,2210,26,,,0,100,,2211,26,,,0,100,,2212,26,,,0,100,,2213,26,,,0,100,,2215,26,,,0
301,'5326',642,,2216,16,,,0,100,,2217,26,,,0,100,,2218,19,,,0,100,,2219,26,,,0,100,,2220,26,,,0,100,,2221,26,,,0,100,,2222,26,,,0,100,,2223,26,,,0,100,,2224,26,,,0,100,,2225,26,,,0,100,,2226,26,,,0,100,,2227,26,,,0
301,'5328',842,,2230,19,,,0,100,,2228,26,,,0,100,,2231,26,,,0,100,,2229,26,,,0,100,,2232,26,,,0,100,,2233,26,,,0,100,,2234,26,,,0,100,,2235,26,,,0,100,,2236,26,,,0,100,,2238,26,,,0
400,'4833',700,,1518,1,,,0,100,,1523,1,,,0,100,,1525,1,,,0,100,,1526,1,,,0,100,,1527,1,,,0,100,,1528,1,,,0,100,,1529,1,,,0,100,,1530,1,,,0,100,,1524,1,,,0,100,,1521,1,,,0,100,,1522,1,,,0,100,,1520,1,0,7 6,0
400,'5323',700,,1531,1,,,0,100,,1536,1,,,0,100,,1538,1,,,0,100,,1539,1,,,0,100,,1540,1,,,0,100,,1541,1,,,0,100,,1542,1,,,0,100,,1543,1,,,0,100,,1537,1,,,0,100,,1534,1,,,0,100,,1535,1,,,0,100,,1533,1,0,7 6,0
400,'5325',800,,1547,1,,,0,100,,1550,1,,,0,100,,1544,1,,,0,100,,1545,1,,,0,100,,1548,1,,,0,100,,1549,1,,,0,100,,1546,1,,,0,100,,1551,1,,,0,100,,1552,1,,,0,100,,1553,1,,,0,100,,1554,1,0,7 6,0
400,'5326',700,,1556,1,,,0,100,,1561,1,,,0,100,,1563,1,,,0,100,,1564,1,,,0,100,,1565,1,,,0,100,,1566,1,,,0,100,,1567,1,,,0,100,,1568,1,,,0,100,,1562,1,,,0,100,,1559,1,,,0,100,,1560,1,,,0,100,,1558,1,0,7 6,0
400,'5328',800,,1572,1,,,0,100,,1575,1,,,0,100,,1569,1,,,0,100,,1570,1,,,0,100,,1573,1,,,0,100,,1574,1,,,0,100,,1571,1,,,0,100,,1576,1,,,0,100,,1577,1,,,0,100,,1578,1,,,0,100,,1579,1,0,7 6,0
401,'4833',700,,1587,16,4,,0,100,,1588,29,4,,0,100,,1589,29,4,,0,100,,1590,29,4,,0,100,,1591,29,4,,0,100,,1592,29,4,,0,100,,1593,29,4,,0,100,,1585,29,4,,0,100,,1586,29,4,,0,100,,1584,29,4,,0,100,,1583,29,4,,0,100,,1582,29,4,,0
401,'5323',700,,1600,16,4,,0,100,,1601,29,4,,0,100,,1602,29,4,,0,100,,1603,29,4,,0,100,,1604,29,4,,0,100,,1605,29,4,,0,100,,1606,29,4,,0,100,,1598,29,4,,0,100,,1599,29,4,,0,100,,1597,29,4,,0,100,,1596,29,4,,0,100,,1595,29,4,,0
401,'5325',900,,1607,29,4,,0,100,,1609,29,4,,0,100,,1610,29,4,,0,100,,1608,29,4,,0,100,,1612,29,4,,0,100,,1611,29,4,,0,100,,1613,29,4,,0,100,,1614,29,4,,0,100,,1615,29,4,,0,100,,1616,29,4,,0
401,'5326',700,,1624,16,4,,0,100,,1625,29,4,,0,100,,1626,29,4,,0,100,,1627,29,4,,0,100,,1628,29,4,,0,100,,1629,29,4,,0,100,,1630,29,4,,0,100,,1622,29,4,,0,100,,1623,29,4,,0,100,,1621,29,4,,0,100,,1620,29,4,,0,100,,1619,29,4,,0
401,'5328',900,,1631,29,4,,0,100,,1633,29,4,,0,100,,1635,29,4,,0,100,,1632,29,4,,0,100,,1636,29,4,,0,100,,1634,29,4,,0,100,,1637,29,4,,0,100,,1638,29,4,,0,100,,1639,29,4,,0,100,,1640,29,4,,0
1100,'5323',1007,,1928,17,4,,0,308,,1929,17,4,,0,528,,1930,11,4,,0
1100,'5326',1007,,1931,17,4,,0,308,,1932,17,4,,0,528,,1933,11,4,,0
1101,'5323',930,,1935,1,,,0,302,,1936,1,,,0,573,,1934,1,,,0
1101,'5326',930,,1938,1,,,0,302,,1939,1,,,0,573,,1937,1,,,0
1500,'4833',1905,,1941,1,0,13,0,124,,1942,27,0,13,0,123,,1945,27,0,13,0,85,,1947,27,0,13,0
1500,'5323',1905,,1949,1,0,13,0,124,,1950,27,0,13,0,123,,1953,27,0,13,0,85,,1955,27,0,13,0
1500,'5325',1905,,1956,27,0,13,0,124,,1958,27,0,13,0,123,,1961,27,0,13,0,85,,1962,27,0,13,0
1500,'5326',1905,,1964,1,0,13,0,124,,1965,27,0,13,0,123,,1968,27,0,13,0,85,,1970,27,0,13,0
1500,'5328',1905,,1971,27,0,13,0,124,,1973,27,0,13,0,123,,1976,27,0,13,0,85,,1977,27,0,13,0
1501,'4833',1952,,1979,18,,,0,164,,1981,18,,,0
1501,'5323',1952,,1983,18,,,0,164,,1985,18,,,0
1501,'5325',1952,,1986,18,,,0,164,,1989,18,,,0
1501,'5326',1952,,1991,18,,,0,164,,1993,18,,,0
1501,'5328',1952,,1994,18,,,0,164,,1997,18,,,0
1601,'5322',942,5,2009,22,,,0,100,5,2011,22,,,0,100,5,2010,22,,,0,100,5,2012,22,,,0,100,5,2014,22,,,0,100,5,2013,22,,,0,100,5,2016,22,,,0,100,5,2015,22,,,0,100,5,2018,22,,,0,100,5,2017,22,,,0
2000,'5323',754,,2019,23,4,,0,170,,2020,23,4,,0,300,,2021,23,4,,0,428,,2023,15,4,,0,170,,2022,15,4,,0
2000,'5326',754,,2024,23,4,,0,170,,2025,23,4,,0,300,,2026,23,4,,0,428,,2028,15,4,,0,170,,2027,15,4,,0
2001,'5323',641,,2029,1,0,16 17,0,164,,2030,1,0,16 17,0,295,,2031,1,0,8 9,0,435,,2033,1,0,8 9,0,170,,2032,1,0,8 9,0
2001,'5326',641,,2034,1,0,16 17,0,164,,2035,1,0,16 17,0,295,,2036,1,0,8 9,0,435,,2038,1,0,8 9,0,170,,2037,1,0,8 9,0
4001,'5323',1001,,2093,16,,,0,604,,2094,16,,,0
4001,'5326',1001,,2095,16,,,0,604,,2096,16,,,0
5001,'5324',1240,,2103,3,,,0
5001,'5327',1240,,2104,3,,,0
