501,'4833',707,,1768,20,,,0,30,,1778,20,,,0,70,,1769,22,,,0,30,,1790,22,,,0,70,,1771,22,,,0,30,,1779,22,,,0,70,,1772,22,,,0,30,,1780,22,,,0,70,,1773,22,,,0,30,,1781,22,,,0,70,,1770,22,,,0,30,,1782,22,,,0,70,,1775,22,,,0,30,,1783,22,,,0,70,,1774,22,,,0,30,,1784,22,,,0,70,,1776,22,,,0,30,,1791,22,,,0,70,,1777,22,,,0,30,,1789,22,,,0,70,,1785,22,,,0,30,,1786,22,,,0,70,,1787,22,,,0,30,,1788,22,,,0
501,'5322',1237,,1792,22,,,0,100,,1793,22,,,0,100,,1794,22,,,0,100,,1795,22,,,0
501,'5323',707,,1796,20,,,0,30,,1806,20,,,0,70,,1797,22,,,0,30,,1818,22,,,0,70,,1799,22,,,0,30,,1807,22,,,0,70,,1800,22,,,0,30,,1808,22,,,0,70,,1801,22,,,0,30,,1809,22,,,0,70,,1798,22,,,0,30,,1810,22,,,0,70,,1803,22,,,0,30,,1811,22,,,0,70,,1802,22,,,0,30,,1812,22,,,0,70,,1804,22,,,0,30,,1819,22,,,0,70,,1805,22,,,0,30,,1817,22,,,0,70,,1813,22,,,0,30,,1814,22,,,0,70,,1815,22,,,0,30,,1816,22,,,0
501,'5325',907,,1825,20,,,0,30,,1836,20,,,0,70,,1827,22,,,0,30,,1837,22,,,0,70,,1828,22,,,0,30,,1833,22,,,0,70,,1824,22,,,0,30,,1834,22,,,0,70,,1829,22,,,0,30,,1835,22,,,0,70,,1820,22,,,0,30,,1838,22,,,0,70,,1821,22,,,0,30,,1839,22,,,0,70,,1822,22,,,0,30,,1830,22,,,0,70,,1823,22,,,0,30,,1831,22,,,0,70,,1826,22,,,0,30,,1832,22,,,0
501,'5326',707,,1840,20,,,0,30,,1850,20,,,0,70,,1841,22,,,0,30,,1862,22,,,0,70,,1843,22,,,0,30,,1851,22,,,0,70,,1844,22,,,0,30,,1852,22,,,0,70,,1845,22,,,0,30,,1853,22,,,0,70,,1842,22,,,0,30,,1854,22,,,0,70,,1847,22,,,0,30,,1855,22,,,0,70,,1846,22,,,0,30,,1856,22,,,0,70,,1848,22,,,0,30,,1863,22,,,0,70,,1849,22,,,0,30,,1861,22,,,0,70,,1857,22,,,0,30,,1858,22,,,0,70,,1859,22,,,0,30,,1860,22,,,0,70,,1866,22,,,0,100,,1867,22,,,0,100,,1868,22,,,0,100,,1869,22,,,0,100,,1864,22,,,0
501,'5328',907,,1875,20,,,0,30,,1886,20,,,0,70,,1877,22,,,0,30,,1887,22,,,0,70,,1878,22,,,0,30,,1883,22,,,0,70,,1874,22,,,0,30,,1884,22,,,0,70,,1879,22,,,0,30,,1885,22,,,0,70,,1870,22,,,0,30,,1888,22,,,0,70,,1871,22,,,0,30,,1889,22,,,0,70,,1872,22,,,0,30,,1880,22,,,0,70,,1873,22,,,0,30,,1881,22,,,0,70,,1876,22,,,0,30,,1882,22,,,0,70,,1892,22,,,0,100,,1893,22,,,0,100,,1894,22,,,0,100,,1895,22,,,0,100,,1891,22,,,0
1500,'4833',1908,,1941,5,0,13,0,124,,1942,31,0,13,0,123,,1945,31,0,13,0,85,,1947,31,0,13,0
1500,'5323',1908,,1949,5,0,13,0,124,,1950,31,0,13,0,123,,1953,31,0,13,0,85,,1955,31,0,13,0
1500,'5325',1908,,1956,31,0,13,0,124,,1958,31,0,13,0,123,,1961,31,0,13,0,85,,1962,31,0,13,0
1500,'5326',1908,,1964,5,0,13,0,124,,1965,31,0,13,0,123,,1968,31,0,13,0,85,,1970,31,0,13,0
1500,'5328',1908,,1971,31,0,13,0,124,,1973,31,0,13,0,123,,1976,31,0,13,0,85,,1977,31,0,13,0
1601,'5322',945,,2009,26,,,0,100,,2011,26,,,0,100,,2010,26,,,0,100,,2012,26,,,0,100,,2014,26,,,0,100,,2013,26,,,0,100,,2016,26,,,0,100,,2015,26,,,0,100,,2018,26,,,0,100,,2017,26,,,0
2001,'5323',644,,2029,5,0,16 17,0,164,,2030,5,0,16 17,0,295,,2031,5,0,8 9,0,435,,2033,5,0,8 9,0,170,,2032,5,0,8 9,0
2001,'5326',644,,2034,5,0,16 17,0,164,,2035,5,0,16 17,0,295,,2036,5,0,8 9,0,435,,2038,5,0,8 9,0,170,,2037,5,0,8 9,0
7000,'5323',553,,2105,4,,,0
7000,'5326',553,,2109,4,,,0
