500,'4833',709,,1642,1,,,0,30,,1664,1,,,0,70,,1644,1,,,0,30,,1662,1,,,0,70,,1645,1,,,0,30,,1652,1,,,0,70,,1646,1,,,0,30,,1653,1,,,0,70,,1643,1,,,0,30,,1654,1,,,0,70,,1648,1,,,0,30,,1655,1,,,0,70,,1647,1,,,0,30,,1656,1,,,0,70,,1649,1,,,0,30,,1659,1,,,0,70,,1650,1,,,0,30,,1665,1,,,0,70,,1651,1,,,0,30,,1663,1,,,0,70,,1657,1,,,0,30,,1658,1,,,0,70,,1660,1,,,0,30,,1661,1,0,13,0
500,'5322',1239,,1666,1,,,0,100,,1667,1,,,0,100,,1668,1,,,0,100,,1669,1,,,0
500,'5323',709,,1670,1,,,0,30,,1692,1,,,0,70,,1672,1,,,0,30,,1690,1,,,0,70,,1673,1,,,0,30,,1680,1,,,0,70,,1674,1,,,0,30,,1681,1,,,0,70,,1671,1,,,0,30,,1682,1,,,0,70,,1676,1,,,0,30,,1683,1,,,0,70,,1675,1,,,0,30,,1684,1,,,0,70,,1677,1,,,0,30,,1687,1,,,0,70,,1678,1,,,0,30,,1693,1,,,0,70,,1679,1,,,0,30,,1691,1,,,0,70,,1685,1,,,0,30,,1686,1,,,0,70,,1688,1,,,0,30,,1689,1,0,13,0
500,'5325',909,,1694,1,,,0,30,,1710,1,,,0,70,,1699,1,,,0,30,,1707,1,,,0,70,,1700,1,,,0,30,,1708,1,,,0,70,,1702,1,,,0,30,,1706,1,,,0,70,,1703,1,,,0,30,,1709,1,,,0,70,,1701,1,,,0,30,,1711,1,,,0,70,,1698,1,,,0,30,,1705,1,,,0,70,,1697,1,,,0,30,,1704,1,,,0,70,,1695,1,,,0,30,,1712,1,,,0,70,,1696,1,,,0,30,,1713,1,0,13,0
500,'5326',709,,1714,1,,,0,30,,1736,1,,,0,70,,1716,1,,,0,30,,1734,1,,,0,70,,1717,1,,,0,30,,1724,1,,,0,70,,1718,1,,,0,30,,1725,1,,,0,70,,1715,1,,,0,30,,1726,1,,,0,70,,1720,1,,,0,30,,1727,1,,,0,70,,1719,1,,,0,30,,1728,1,,,0,70,,1721,1,,,0,30,,1731,1,,,0,70,,1722,1,,,0,30,,1737,1,,,0,70,,1723,1,,,0,30,,1735,1,,,0,70,,1729,1,,,0,30,,1730,1,,,0,70,,1732,1,,,0,30,,1733,1,0,13,0,70,,1738,1,,,0,100,,1739,1,,,0,100,,1740,1,,,0,100,,1741,1,,,0,100,,1742,1,,,0
500,'5328',909,,1743,1,,,0,30,,1759,1,,,0,70,,1748,1,,,0,30,,1756,1,,,0,70,,1749,1,,,0,30,,1757,1,,,0,70,,1751,1,,,0,30,,1755,1,,,0,70,,1752,1,,,0,30,,1758,1,,,0,70,,1750,1,,,0,30,,1760,1,,,0,70,,1747,1,,,0,30,,1754,1,,,0,70,,1746,1,,,0,30,,1753,1,,,0,70,,1744,1,,,0,30,,1761,1,,,0,70,,1745,1,,,0,30,,1762,1,0,13,0,70,,1763,1,,,0,100,,1764,1,,,0,100,,1765,1,,,0,100,,1766,1,,,0,100,,1767,1,,,0
501,'4833',709,,1768,23,4,,0,30,,1778,23,4,,0,70,,1769,25,4,,0,30,,1790,25,4,,0,70,,1771,25,4,,0,30,,1779,25,4,,0,70,,1772,25,4,,0,30,,1780,25,4,,0,70,,1773,25,4,,0,30,,1781,25,4,,0,70,,1770,25,4,,0,30,,1782,25,4,,0,70,,1775,25,4,,0,30,,1783,25,4,,0,70,,1774,25,4,,0,30,,1784,25,4,,0,70,,1776,25,4,,0,30,,1791,25,4,,0,70,,1777,25,4,,0,30,,1789,25,4,,0,70,,1785,25,4,,0,30,,1786,25,4,,0,70,,1787,25,4,,0,30,,1788,25,4,,0
501,'5322',1239,,1792,25,4,,0,100,,1793,25,4,,0,100,,1794,25,4,,0,100,,1795,25,4,,0
501,'5323',709,,1796,23,4,,0,30,,1806,23,4,,0,70,,1797,25,4,,0,30,,1818,25,4,,0,70,,1799,25,4,,0,30,,1807,25,4,,0,70,,1800,25,4,,0,30,,1808,25,4,,0,70,,1801,25,4,,0,30,,1809,25,4,,0,70,,1798,25,4,,0,30,,1810,25,4,,0,70,,1803,25,4,,0,30,,1811,25,4,,0,70,,1802,25,4,,0,30,,1812,25,4,,0,70,,1804,25,4,,0,30,,1819,25,4,,0,70,,1805,25,4,,0,30,,1817,25,4,,0,70,,1813,25,4,,0,30,,1814,25,4,,0,70,,1815,25,4,,0,30,,1816,25,4,,0
501,'5325',909,,1825,23,4,,0,30,,1836,23,4,,0,70,,1827,25,4,,0,30,,1837,25,4,,0,70,,1828,25,4,,0,30,,1833,25,4,,0,70,,1824,25,4,,0,30,,1834,25,4,,0,70,,1829,25,4,,0,30,,1835,25,4,,0,70,,1820,25,4,,0,30,,1838,25,4,,0,70,,1821,25,4,,0,30,,1839,25,4,,0,70,,1822,25,4,,0,30,,1830,25,4,,0,70,,1823,25,4,,0,30,,1831,25,4,,0,70,,1826,25,4,,0,30,,1832,25,4,,0
501,'5326',709,,1840,23,4,,0,30,,1850,23,4,,0,70,,1841,25,4,,0,30,,1862,25,4,,0,70,,1843,25,4,,0,30,,1851,25,4,,0,70,,1844,25,4,,0,30,,1852,25,4,,0,70,,1845,25,4,,0,30,,1853,25,4,,0,70,,1842,25,4,,0,30,,1854,25,4,,0,70,,1847,25,4,,0,30,,1855,25,4,,0,70,,1846,25,4,,0,30,,1856,25,4,,0,70,,1848,25,4,,0,30,,1863,25,4,,0,70,,1849,25,4,,0,30,,1861,25,4,,0,70,,1857,25,4,,0,30,,1858,25,4,,0,70,,1859,25,4,,0,30,,1860,25,4,,0,70,,1866,25,4,,0,100,,1867,25,4,,0,100,,1868,25,4,,0,100,,1869,25,4,,0,100,,1864,25,4,,0
501,'5328',909,,1875,23,4,,0,30,,1886,23,4,,0,70,,1877,25,4,,0,30,,1887,25,4,,0,70,,1878,25,4,,0,30,,1883,25,4,,0,70,,1874,25,4,,0,30,,1884,25,4,,0,70,,1879,25,4,,0,30,,1885,25,4,,0,70,,1870,25,4,,0,30,,1888,25,4,,0,70,,1871,25,4,,0,30,,1889,25,4,,0,70,,1872,25,4,,0,30,,1880,25,4,,0,70,,1873,25,4,,0,30,,1881,25,4,,0,70,,1876,25,4,,0,30,,1882,25,4,,0,70,,1892,25,4,,0,100,,1893,25,4,,0,100,,1894,25,4,,0,100,,1895,25,4,,0,100,,1891,25,4,,0
1500,'4833',1909,,1941,8,0,13,0,124,,1942,34,0,13,0,123,,1945,34,0,13,0,85,,1947,34,0,13,0
1500,'5323',1909,,1949,8,0,13,0,124,,1950,34,0,13,0,123,,1953,34,0,13,0,85,,1955,34,0,13,0
1500,'5325',1909,,1956,34,0,13,0,124,,1958,34,0,13,0,123,,1961,34,0,13,0,85,,1962,34,0,13,0
1500,'5326',1909,,1964,8,0,13,0,124,,1965,34,0,13,0,123,,1968,34,0,13,0,85,,1970,34,0,13,0
1500,'5328',1909,,1971,34,0,13,0,124,,1973,34,0,13,0,123,,1976,34,0,13,0,85,,1977,34,0,13,0
1601,'5322',946,,2009,29,,,0,100,,2011,29,,,0,100,,2010,29,,,0,100,,2012,29,,,0,100,,2014,29,,,0,100,,2013,29,,,0,100,,2016,29,,,0,100,,2015,29,,,0,100,,2018,29,,,0,100,,2017,29,,,0
7000,'5323',555,,2105,7,,,0
7000,'5326',555,,2109,7,,,0
