500,'4833',713,,1642,7,,,0,30,,1664,7,,,0,70,,1644,7,,,0,30,,1662,7,,,0,70,,1645,7,,,0,30,,1652,7,,,0,70,,1646,7,,,0,30,,1653,7,,,0,70,,1643,7,,,0,30,,1654,7,,,0,70,,1648,7,,,0,30,,1655,7,,,0,70,,1647,7,,,0,30,,1656,7,,,0,70,,1649,7,,,0,30,,1659,7,,,0,70,,1650,7,,,0,30,,1665,7,,,0,70,,1651,7,,,0,30,,1663,7,,,0,70,,1657,7,,,0,30,,1658,7,,,0,70,,1660,7,,,0,30,,1661,7,0,13,0
500,'5322',1243,,1666,7,,,0,100,,1667,7,,,0,100,,1668,7,,,0,100,,1669,7,,,0
500,'5323',713,,1670,7,,,0,30,,1692,7,,,0,70,,1672,7,,,0,30,,1690,7,,,0,70,,1673,7,,,0,30,,1680,7,,,0,70,,1674,7,,,0,30,,1681,7,,,0,70,,1671,7,,,0,30,,1682,7,,,0,70,,1676,7,,,0,30,,1683,7,,,0,70,,1675,7,,,0,30,,1684,7,,,0,70,,1677,7,,,0,30,,1687,7,,,0,70,,1678,7,,,0,30,,1693,7,,,0,70,,1679,7,,,0,30,,1691,7,,,0,70,,1685,7,,,0,30,,1686,7,,,0,70,,1688,7,,,0,30,,1689,7,0,13,0
500,'5325',913,,1694,7,,,0,30,,1710,7,,,0,70,,1699,7,,,0,30,,1707,7,,,0,70,,1700,7,,,0,30,,1708,7,,,0,70,,1702,7,,,0,30,,1706,7,,,0,70,,1703,7,,,0,30,,1709,7,,,0,70,,1701,7,,,0,30,,1711,7,,,0,70,,1698,7,,,0,30,,1705,7,,,0,70,,1697,7,,,0,30,,1704,7,,,0,70,,1695,7,,,0,30,,1712,7,,,0,70,,1696,7,,,0,30,,1713,7,0,13,0
500,'5326',713,,1714,7,,,0,30,,1736,7,,,0,70,,1716,7,,,0,30,,1734,7,,,0,70,,1717,7,,,0,30,,1724,7,,,0,70,,1718,7,,,0,30,,1725,7,,,0,70,,1715,7,,,0,30,,1726,7,,,0,70,,1720,7,,,0,30,,1727,7,,,0,70,,1719,7,,,0,30,,1728,7,,,0,70,,1721,7,,,0,30,,1731,7,,,0,70,,1722,7,,,0,30,,1737,7,,,0,70,,1723,7,,,0,30,,1735,7,,,0,70,,1729,7,,,0,30,,1730,7,,,0,70,,1732,7,,,0,30,,1733,7,0,13,0,70,,1738,7,,,0,100,,1739,7,,,0,100,,1740,7,,,0,100,,1741,7,,,0,100,,1742,7,,,0
500,'5328',913,,1743,7,,,0,30,,1759,7,,,0,70,,1748,7,,,0,30,,1756,7,,,0,70,,1749,7,,,0,30,,1757,7,,,0,70,,1751,7,,,0,30,,1755,7,,,0,70,,1752,7,,,0,30,,1758,7,,,0,70,,1750,7,,,0,30,,1760,7,,,0,70,,1747,7,,,0,30,,1754,7,,,0,70,,1746,7,,,0,30,,1753,7,,,0,70,,1744,7,,,0,30,,1761,7,,,0,70,,1745,7,,,0,30,,1762,7,0,13,0,70,,1763,7,,,0,100,,1764,7,,,0,100,,1765,7,,,0,100,,1766,7,,,0,100,,1767,7,,,0
1500,'4833',1912,,1941,14,0,13,0,124,,1942,40,0,13,0,123,,1945,40,0,13,0,85,,1947,40,0,13,0
1500,'5323',1912,,1949,14,0,13,0,124,,1950,40,0,13,0,123,,1953,40,0,13,0,85,,1955,40,0,13,0
1500,'5325',1912,,1956,40,0,13,0,124,,1958,40,0,13,0,123,,1961,40,0,13,0,85,,1962,40,0,13,0
1500,'5326',1912,,1964,14,0,13,0,124,,1965,40,0,13,0,123,,1968,40,0,13,0,85,,1970,40,0,13,0
1500,'5328',1912,,1971,40,0,13,0,124,,1973,40,0,13,0,123,,1976,40,0,13,0,85,,1977,40,0,13,0
7000,'5323',558,,2105,13,,,0
7000,'5326',558,,2109,13,,,0
