101,'4833',702,,1219,14,,,0,100,,1220,14,,,0,100,,1221,14,,,0,100,,1222,14,,,0,100,,1224,14,,,0,100,,1223,14,,,0,100,,1226,14,,,0,100,,1225,14,,,0,100,,1227,14,,,0,100,,1228,14,,,0,100,,1229,14,,,0,100,,1230,14,,,0
101,'5323',702,,1232,14,,,0,100,,1233,14,,,0,100,,1234,14,,,0,100,,1235,14,,,0,100,,1237,14,,,0,100,,1236,14,,,0,100,,1239,14,,,0,100,,1238,14,,,0,100,,1240,14,,,0,100,,1241,14,,,0,100,,1242,14,,,0,100,,1243,14,,,0
101,'5325',902,,1248,14,,,0,100,,1250,14,,,0,100,,1244,14,,,0,100,,1246,14,,,0,100,,1249,14,,,0,100,,1247,14,,,0,100,,1251,14,,,0,100,,1245,14,,,0,100,,1252,14,,,0,100,,1253,14,,,0
101,'5326',702,,1256,14,,,0,100,,1257,14,,,0,100,,1258,14,,,0,100,,1259,14,,,0,100,,1261,14,,,0,100,,1260,14,,,0,100,,1263,14,,,0,100,,1262,14,,,0,100,,1264,14,,,0,100,,1265,14,,,0,100,,1266,14,,,0,100,,1267,14,,,0
101,'5328',902,,1272,14,,,0,100,,1274,14,,,0,100,,1268,14,,,0,100,,1270,14,,,0,100,,1273,14,,,0,100,,1271,14,,,0,100,,1275,14,,,0,100,,1269,14,,,0,100,,1276,14,,,0,100,,1277,14,,,0
301,'4833',632,,1457,6,,,0,100,,1458,16,,,0,100,,1459,9,,,0,100,,1460,16,,,0,100,,1461,16,,,0,100,,1462,16,,,0,100,,1463,16,,,0,100,,1464,16,,,0,100,,1465,16,,,0,100,,1466,16,,,0,100,,1467,16,,,0,100,,1468,16,,,0
301,'5323',632,,1470,6,,,0,100,,1471,16,,,0,100,,1472,9,,,0,100,,1473,16,,,0,100,,1474,16,,,0,100,,1475,16,,,0,100,,1476,16,,,0,100,,1477,16,,,0,100,,1478,16,,,0,100,,1479,16,,,0,100,,1480,16,,,0,100,,1481,16,,,0
301,'5325',832,,1485,9,,,0,100,,1483,16,,,0,100,,1486,16,,,0,100,,1484,16,,,0,100,,1487,16,,,0,100,,1488,16,,,0,100,,1489,16,,,0,100,,1490,16,,,0,100,,1491,16,,,0,100,,1493,16,,,0
301,'5326',632,,1494,6,,,0,100,,1495,16,,,0,100,,1496,9,,,0,100,,1497,16,,,0,100,,1498,16,,,0,100,,1499,16,,,0,100,,1500,16,,,0,100,,1501,16,,,0,100,,1502,16,,,0,100,,1503,16,,,0,100,,1504,16,,,0,100,,1505,16,,,0
301,'5328',832,,1509,9,,,0,100,,1507,16,,,0,100,,1510,16,,,0,100,,1508,16,,,0,100,,1511,16,,,0,100,,1512,16,,,0,100,,1513,16,,,0,100,,1514,16,,,0,100,,1515,16,,,0,100,,1517,16,,,0
1500,'4833',1851,,1940,6,0,14 15,0,164,,1942,6,0,13,0,124,,1945,6,0,13,0,85,,1947,6,0,13,0
1500,'5323',1851,,1948,6,0,14 15,0,164,,1950,6,0,13,0,124,,1953,6,0,13,0,85,,1955,6,0,13,0
1500,'5325',1851,,1956,6,0,13,0,164,,1958,6,0,13,0,124,,1961,6,0,13,0,85,,1962,6,0,13,0
1500,'5326',1851,,1963,6,0,14 15,0,164,,1965,6,0,13,0,124,,1968,6,0,13,0,85,,1970,6,0,13,0
1500,'5328',1851,,1971,6,0,13,0,164,,1973,6,0,13,0,124,,1976,6,0,13,0,85,,1977,6,0,13,0
7001,'5323',847,,2113,19,0,14 15,0,296,,2114,17,0,14 15,0,365,,2115,19,0,14 15,0,305,,2116,17,,,0
7001,'5326',847,,2117,19,0,14 15,0,296,,2118,17,0,14 15,0,365,,2119,19,0,14 15,0,305,,2120,17,,,0
