301,'4833',646,,2181,24,,,0,100,,2182,34,,,0,100,,2183,27,,,0,100,,2184,34,,,0,100,,2185,34,,,0,100,,2186,34,,,0,100,,2187,34,,,0,100,,2188,34,,,0,100,,2189,34,,,0,100,,2190,34,,,0,100,,2191,34,,,0,100,,2192,34,,,0
301,'5323',646,,2193,24,,,0,100,,2194,34,,,0,100,,2195,27,,,0,100,,2196,34,,,0,100,,2197,34,,,0,100,,2198,34,,,0,100,,2199,34,,,0,100,,2200,34,,,0,100,,2201,34,,,0,100,,2202,34,,,0,100,,2203,34,,,0,100,,2204,34,,,0
301,'5325',846,,2207,27,,,0,100,,2205,34,,,0,100,,2208,34,,,0,100,,2206,34,,,0,100,,2209,34,,,0,100,,2210,34,,,0,100,,2211,34,,,0,100,,2212,34,,,0,100,,2213,34,,,0,100,,2215,34,,,0
301,'5326',646,,2216,24,,,0,100,,2217,34,,,0,100,,2218,27,,,0,100,,2219,34,,,0,100,,2220,34,,,0,100,,2221,34,,,0,100,,2222,34,,,0,100,,2223,34,,,0,100,,2224,34,,,0,100,,2225,34,,,0,100,,2226,34,,,0,100,,2227,34,,,0
301,'5328',846,,2230,27,,,0,100,,2228,34,,,0,100,,2231,34,,,0,100,,2229,34,,,0,100,,2232,34,,,0,100,,2233,34,,,0,100,,2234,34,,,0,100,,2235,34,,,0,100,,2236,34,,,0,100,,2238,34,,,0
1501,'4833',1916,,1978,4,0,7,0,124,,1980,4,0,7,0
1501,'5323',1916,,1982,4,0,7,0,124,,1984,4,0,7,0
1501,'5325',1916,,1987,4,0,7,0,124,,1988,4,0,7,0
1501,'5326',1916,,1990,4,0,7,0,124,,1992,4,0,7,0
1501,'5328',1916,,1995,4,0,7,0,124,,1996,4,0,7,0
7001,'5323',1824,,2116,34,,,0
7001,'5326',1824,,2120,34,,,0
