201,'4833',711,,1335,18,,,0,100,,1336,18,,,0,100,,1337,18,,,0,100,,1338,18,,,0,100,,1339,18,,,0,100,,1340,18,,,0,100,,1341,18,,,0,100,,1342,18,,,0,100,,1343,18,,,0,100,,1344,18,,,0,100,,1345,18,,,0,97,,1346,18,4,,0
201,'5323',711,,1348,18,,,0,100,,1349,18,,,0,100,,1350,18,,,0,100,,1351,18,,,0,100,,1352,18,,,0,100,,1353,18,,,0,100,,1354,18,,,0,100,,1355,18,,,0,100,,1356,18,,,0,100,,1357,18,,,0,100,,1358,18,,,0,97,,1359,18,4,,0
201,'5325',811,,1361,18,,,0,100,,1362,18,,,0,100,,1363,18,,,0,100,,1364,18,,,0,100,,1365,18,,,0,100,,1366,18,,,0,100,,1367,18,,,0,100,,1368,18,,,0,100,,1369,18,,,0,100,,1370,18,,,0,100,,1371,18,,,0
201,'5326',711,,1372,18,,,0,100,,1373,18,,,0,100,,1374,18,,,0,100,,1375,18,,,0,100,,1376,18,,,0,100,,1377,18,,,0,100,,1378,18,,,0,100,,1379,18,,,0,100,,1380,18,,,0,100,,1381,18,,,0,100,,1382,18,,,0,97,,1383,18,4,,0
201,'5328',811,,1385,18,,,0,100,,1386,18,,,0,100,,1388,18,,,0,100,,1387,18,,,0,100,,1389,18,,,0,100,,1390,18,,,0,100,,1391,18,,,0,100,,1392,18,,,0,100,,1393,18,,,0,100,,1394,18,,,0,100,,1395,18,,,0
501,'4833',746,,1769,2,,,0,70,,1790,2,,,0,30,,1771,2,,,0,70,,1779,2,,,0,30,,1772,2,,,0,70,,1780,2,,,0,30,,1773,2,,,0,70,,1781,2,,,0,30,,1770,2,,,0,70,,1782,2,,,0,30,,1775,2,,,0,70,,1783,2,,,0,30,,1774,2,,,0,70,,1784,2,,,0,30,,1776,2,,,0,70,,1791,2,,,0,30,,1777,2,,,0,70,,1789,2,,,0,30,,1785,2,,,0,70,,1786,2,,,0,30,,1787,2,,,0,70,,1788,2,,,0
501,'5322',1216,,1792,2,,,0,100,,1793,2,,,0,100,,1794,2,,,0,100,,1795,2,,,0
501,'5323',746,,1797,2,,,0,70,,1818,2,,,0,30,,1799,2,,,0,70,,1807,2,,,0,30,,1800,2,,,0,70,,1808,2,,,0,30,,1801,2,,,0,70,,1809,2,,,0,30,,1798,2,,,0,70,,1810,2,,,0,30,,1803,2,,,0,70,,1811,2,,,0,30,,1802,2,,,0,70,,1812,2,,,0,30,,1804,2,,,0,70,,1819,2,,,0,30,,1805,2,,,0,70,,1817,2,,,0,30,,1813,2,,,0,70,,1814,2,,,0,30,,1815,2,,,0,70,,1816,2,,,0
501,'5325',946,,1827,2,,,0,70,,1837,2,,,0,30,,1828,2,,,0,70,,1833,2,,,0,30,,1824,2,,,0,70,,1834,2,,,0,30,,1829,2,,,0,70,,1835,2,,,0,30,,1820,2,,,0,70,,1838,2,,,0,30,,1821,2,,,0,70,,1839,2,,,0,30,,1822,2,,,0,70,,1830,2,,,0,30,,1823,2,,,0,70,,1831,2,,,0,30,,1826,2,,,0,70,,1832,2,,,0
501,'5326',746,,1841,2,,,0,70,,1862,2,,,0,30,,1843,2,,,0,70,,1851,2,,,0,30,,1844,2,,,0,70,,1852,2,,,0,30,,1845,2,,,0,70,,1853,2,,,0,30,,1842,2,,,0,70,,1854,2,,,0,30,,1847,2,,,0,70,,1855,2,,,0,30,,1846,2,,,0,70,,1856,2,,,0,30,,1848,2,,,0,70,,1863,2,,,0,30,,1849,2,,,0,70,,1861,2,,,0,30,,1857,2,,,0,70,,1858,2,,,0,30,,1859,2,,,0,70,,1860,2,,,0,30,,1866,2,,,0,100,,1867,2,,,0,100,,1868,2,,,0,100,,1869,2,,,0,100,,1864,2,,,0,100,,1865,2,0,21,0
501,'5328',946,,1877,2,,,0,70,,1887,2,,,0,30,,1878,2,,,0,70,,1883,2,,,0,30,,1874,2,,,0,70,,1884,2,,,0,30,,1879,2,,,0,70,,1885,2,,,0,30,,1870,2,,,0,70,,1888,2,,,0,30,,1871,2,,,0,70,,1889,2,,,0,30,,1872,2,,,0,70,,1880,2,,,0,30,,1873,2,,,0,70,,1881,2,,,0,30,,1876,2,,,0,70,,1882,2,,,0,30,,1892,2,,,0,100,,1893,2,,,0,100,,1894,2,,,0,100,,1895,2,,,0,100,,1891,2,,,0,100,,1890,2,0,21,0
