200,'4833',647,,1279,22,,,0,100,,1280,22,,,0,100,,1281,22,,,0,100,,1282,22,,,0,100,,1283,22,,,0,100,,1284,22,,,0,100,,1285,22,,,0,100,,1286,22,,,0,100,,1287,22,,,0,100,,1288,22,,,0,100,,1289,22,,,0,100,,1290,22,,,0
200,'5323',647,,1291,22,,,0,100,,1292,22,,,0,100,,1293,22,,,0,100,,1294,22,,,0,100,,1295,22,,,0,100,,1296,22,,,0,100,,1297,22,,,0,100,,1298,22,,,0,100,,1299,22,,,0,100,,1300,22,,,0,100,,1301,22,,,0,100,,1302,22,,,0
200,'5325',847,,1303,22,,,0,100,,1304,22,,,0,100,,1305,22,,,0,100,,1306,22,,,0,100,,1307,22,,,0,100,,1308,22,,,0,100,,1309,22,,,0,100,,1310,22,,,0,100,,1311,22,,,0,100,,1312,22,,,0
200,'5326',647,,1313,22,,,0,100,,1314,22,,,0,100,,1315,22,,,0,100,,1316,22,,,0,100,,1317,22,,,0,100,,1318,22,,,0,100,,1319,22,,,0,100,,1320,22,,,0,100,,1321,22,,,0,100,,1322,22,,,0,100,,1323,22,,,0,100,,1324,22,,,0
200,'5328',847,,1325,22,,,0,100,,1326,22,,,0,100,,1327,22,,,0,100,,1328,22,,,0,100,,1329,22,,,0,100,,1330,22,,,0,100,,1331,22,,,0,100,,1332,22,,,0,100,,1333,22,,,0,100,,1334,22,,,0
501,'4833',651,,1768,5,,,0,70,,1778,5,,,0,30,,1769,7,,,0,70,,1790,7,,,0,30,,1771,7,,,0,70,,1779,7,,,0,30,,1772,7,,,0,70,,1780,7,,,0,30,,1773,7,,,0,70,,1781,7,,,0,30,,1770,7,,,0,70,,1782,7,,,0,30,,1775,7,,,0,70,,1783,7,,,0,30,,1774,7,,,0,70,,1784,7,,,0,30,,1776,7,,,0,70,,1791,7,,,0,30,,1777,7,,,0,70,,1789,7,,,0,30,,1785,7,,,0,70,,1786,7,,,0,30,,1787,7,,,0,70,,1788,7,,,0
501,'5322',1221,,1792,7,,,0,100,,1793,7,,,0,100,,1794,7,,,0,100,,1795,7,,,0
501,'5323',651,,1796,5,,,0,70,,1806,5,,,0,30,,1797,7,,,0,70,,1818,7,,,0,30,,1799,7,,,0,70,,1807,7,,,0,30,,1800,7,,,0,70,,1808,7,,,0,30,,1801,7,,,0,70,,1809,7,,,0,30,,1798,7,,,0,70,,1810,7,,,0,30,,1803,7,,,0,70,,1811,7,,,0,30,,1802,7,,,0,70,,1812,7,,,0,30,,1804,7,,,0,70,,1819,7,,,0,30,,1805,7,,,0,70,,1817,7,,,0,30,,1813,7,,,0,70,,1814,7,,,0,30,,1815,7,,,0,70,,1816,7,,,0
501,'5325',851,,1825,5,,,0,70,,1836,5,,,0,30,,1827,7,,,0,70,,1837,7,,,0,30,,1828,7,,,0,70,,1833,7,,,0,30,,1824,7,,,0,70,,1834,7,,,0,30,,1829,7,,,0,70,,1835,7,,,0,30,,1820,7,,,0,70,,1838,7,,,0,30,,1821,7,,,0,70,,1839,7,,,0,30,,1822,7,,,0,70,,1830,7,,,0,30,,1823,7,,,0,70,,1831,7,,,0,30,,1826,7,,,0,70,,1832,7,,,0
501,'5326',651,,1840,5,,,0,70,,1850,5,,,0,30,,1841,7,,,0,70,,1862,7,,,0,30,,1843,7,,,0,70,,1851,7,,,0,30,,1844,7,,,0,70,,1852,7,,,0,30,,1845,7,,,0,70,,1853,7,,,0,30,,1842,7,,,0,70,,1854,7,,,0,30,,1847,7,,,0,70,,1855,7,,,0,30,,1846,7,,,0,70,,1856,7,,,0,30,,1848,7,,,0,70,,1863,7,,,0,30,,1849,7,,,0,70,,1861,7,,,0,30,,1857,7,,,0,70,,1858,7,,,0,30,,1859,7,,,0,70,,1860,7,,,0,30,,1866,7,,,0,100,,1867,7,,,0,100,,1868,7,,,0,100,,1869,7,,,0,100,,1864,7,,,0,100,,1865,7,0,21,0
501,'5328',851,,1875,5,,,0,70,,1886,5,,,0,30,,1877,7,,,0,70,,1887,7,,,0,30,,1878,7,,,0,70,,1883,7,,,0,30,,1874,7,,,0,70,,1884,7,,,0,30,,1879,7,,,0,70,,1885,7,,,0,30,,1870,7,,,0,70,,1888,7,,,0,30,,1871,7,,,0,70,,1889,7,,,0,30,,1872,7,,,0,70,,1880,7,,,0,30,,1873,7,,,0,70,,1881,7,,,0,30,,1876,7,,,0,70,,1882,7,,,0,30,,1892,7,,,0,100,,1893,7,,,0,100,,1894,7,,,0,100,,1895,7,,,0,100,,1891,7,,,0,100,,1890,7,0,21,0
1001,'5323',750,,1912,21,,,0,164,,1913,21,,,0,123,,1916,21,,,0,311,,1914,21,,,0,403,,1915,21,,,0
1001,'5325',914,,1917,21,,,0,434,,1919,21,,,0,403,,1918,21,,,0
1001,'5326',750,,1920,21,,,0,164,,1921,21,,,0,123,,1924,21,,,0,311,,1922,21,,,0,403,,1923,21,,,0
1001,'5328',914,,1925,21,,,0,434,,1927,21,,,0,403,,1926,21,,,0
1601,'5322',932,,2009,15,,,0,100,,2011,15,,,0,100,,2010,15,,,0,100,,2012,15,,,0,100,,2014,15,,,0,100,,2013,15,,,0,100,,2016,15,,,0,100,,2015,15,,,0,100,,2018,15,,,0,100,,2017,15,,,0
