100,'4833',648,,1157,39,4,,0,100,,1158,39,4,,0,100,,1159,32,4,,0,100,,1160,39,4,,0,100,,1161,39,4,,0,100,,1162,39,4,,0,100,,1163,39,4,,0,100,,1164,39,4,,0,100,,1165,39,4,,0,100,,1166,39,4,,0,100,,1167,39,4,,0,100,,1168,39,4,,0
100,'5323',648,,1170,39,4,,0,100,,1171,39,4,,0,100,,1172,32,4,,0,100,,1173,39,4,,0,100,,1174,39,4,,0,100,,1175,39,4,,0,100,,1176,39,4,,0,100,,1177,39,4,,0,100,,1178,39,4,,0,100,,1179,39,4,,0,100,,1180,39,4,,0,100,,1181,39,4,,0
100,'5325',848,,1183,32,4,,0,100,,1185,39,4,,0,100,,1190,39,4,,0,100,,1193,39,4,,0,100,,1186,39,4,,0,100,,1184,39,4,,0,100,,1188,39,4,,0,100,,1189,39,4,,0,100,,1187,39,4,,0,100,,1192,39,4,,0
100,'5326',648,,1194,39,4,,0,100,,1195,39,4,,0,100,,1196,32,4,,0,100,,1197,39,4,,0,100,,1198,39,4,,0,100,,1199,39,4,,0,100,,1200,39,4,,0,100,,1201,39,4,,0,100,,1202,39,4,,0,100,,1203,39,4,,0,100,,1204,39,4,,0,100,,1205,39,4,,0
100,'5328',848,,1207,32,4,,0,100,,1210,39,4,,0,100,,1214,39,4,,0,100,,1217,39,4,,0,100,,1209,39,4,,0,100,,1208,39,4,,0,100,,1212,39,4,,0,100,,1213,39,4,,0,100,,1211,39,4,,0,100,,1216,39,4,,0
101,'4833',648,,1219,1,,,0,100,,1220,1,,,0,100,,1221,1,,,0,100,,1222,1,,,0,100,,1224,1,,,0,100,,1223,1,,,0,100,,1226,1,,,0,100,,1225,1,,,0,100,,1227,1,,,0,100,,1228,1,,,0,100,,1229,1,,,0,100,,1230,1,,,0
101,'5323',648,,1232,1,,,0,100,,1233,1,,,0,100,,1234,1,,,0,100,,1235,1,,,0,100,,1237,1,,,0,100,,1236,1,,,0,100,,1239,1,,,0,100,,1238,1,,,0,100,,1240,1,,,0,100,,1241,1,,,0,100,,1242,1,,,0,100,,1243,1,,,0
101,'5325',848,,1248,1,,,0,100,,1250,1,,,0,100,,1244,1,,,0,100,,1246,1,,,0,100,,1249,1,,,0,100,,1247,1,,,0,100,,1251,1,,,0,100,,1245,1,,,0,100,,1252,1,,,0,100,,1253,1,,,0
101,'5326',648,,1256,1,,,0,100,,1257,1,,,0,100,,1258,1,,,0,100,,1259,1,,,0,100,,1261,1,,,0,100,,1260,1,,,0,100,,1263,1,,,0,100,,1262,1,,,0,100,,1264,1,,,0,100,,1265,1,,,0,100,,1266,1,,,0,100,,1267,1,,,0
101,'5328',848,,1272,1,,,0,100,,1274,1,,,0,100,,1268,1,,,0,100,,1270,1,,,0,100,,1273,1,,,0,100,,1271,1,,,0,100,,1275,1,,,0,100,,1269,1,,,0,100,,1276,1,,,0,100,,1277,1,,,0
1600,'5322',917,,1998,30,,,0,100,,2001,36,,,0,100,,2000,36,,,0,100,,1999,36,,,0,100,,2002,36,,,0,100,,2003,36,,,0,100,,2004,36,,,0,100,,2005,36,,,0,100,,2006,36,,,0,100,,2008,36,,,0
