201,'4833',705,,1335,16,,,0,100,,1336,16,,,0,100,,1337,16,,,0,100,,1338,16,,,0,100,,1339,16,,,0,100,,1340,16,,,0,100,,1341,16,,,0,100,,1342,16,,,0,100,,1343,16,,,0,100,,1344,16,,,0,100,,1345,16,,,0,100,,1346,16,0,7 6,0
201,'5323',705,,1348,16,,,0,100,,1349,16,,,0,100,,1350,16,,,0,100,,1351,16,,,0,100,,1352,16,,,0,100,,1353,16,,,0,100,,1354,16,,,0,100,,1355,16,,,0,100,,1356,16,,,0,100,,1357,16,,,0,100,,1358,16,,,0,100,,1359,16,0,7 6,0
201,'5325',805,,1361,16,,,0,100,,1362,16,,,0,100,,1363,16,,,0,100,,1364,16,,,0,100,,1365,16,,,0,100,,1366,16,,,0,100,,1367,16,,,0,100,,1368,16,,,0,100,,1369,16,,,0,100,,1370,16,,,0,100,,1371,16,,,0
201,'5326',705,,1372,16,,,0,100,,1373,16,,,0,100,,1374,16,,,0,100,,1375,16,,,0,100,,1376,16,,,0,100,,1377,16,,,0,100,,1378,16,,,0,100,,1379,16,,,0,100,,1380,16,,,0,100,,1381,16,,,0,100,,1382,16,,,0,100,,1383,16,0,7 6,0
201,'5328',805,,1385,16,,,0,100,,1386,16,,,0,100,,1388,16,,,0,100,,1387,16,,,0,100,,1389,16,,,0,100,,1390,16,,,0,100,,1391,16,,,0,100,,1392,16,,,0,100,,1393,16,,,0,100,,1394,16,,,0,100,,1395,16,,,0
500,'4833',741,,1642,25,,,0,70,,1664,25,,,0,30,,1644,25,,,0,70,,1662,25,,,0,30,,1645,25,,,0,70,,1652,25,,,0,30,,1646,25,,,0,70,,1653,25,,,0,30,,1643,25,,,0,70,,1654,25,,,0,30,,1648,25,,,0,70,,1655,25,,,0,30,,1647,25,,,0,70,,1656,25,,,0,30,,1649,25,,,0,70,,1659,25,,,0,30,,1650,25,,,0,70,,1665,25,,,0,30,,1651,25,,,0,70,,1663,25,,,0,30,,1657,25,,,0,70,,1658,25,,,0,30,,1660,25,,,0
500,'5322',1311,,1666,25,,,0,100,,1667,25,,,0,100,,1668,25,,,0,100,,1669,25,,,0
500,'5323',741,,1670,25,,,0,70,,1692,25,,,0,30,,1672,25,,,0,70,,1690,25,,,0,30,,1673,25,,,0,70,,1680,25,,,0,30,,1674,25,,,0,70,,1681,25,,,0,30,,1671,25,,,0,70,,1682,25,,,0,30,,1676,25,,,0,70,,1683,25,,,0,30,,1675,25,,,0,70,,1684,25,,,0,30,,1677,25,,,0,70,,1687,25,,,0,30,,1678,25,,,0,70,,1693,25,,,0,30,,1679,25,,,0,70,,1691,25,,,0,30,,1685,25,,,0,70,,1686,25,,,0,30,,1688,25,,,0
500,'5325',941,,1694,25,,,0,70,,1710,25,,,0,30,,1699,25,,,0,70,,1707,25,,,0,30,,1700,25,,,0,70,,1708,25,,,0,30,,1702,25,,,0,70,,1706,25,,,0,30,,1703,25,,,0,70,,1709,25,,,0,30,,1701,25,,,0,70,,1711,25,,,0,30,,1698,25,,,0,70,,1705,25,,,0,30,,1697,25,,,0,70,,1704,25,,,0,30,,1695,25,,,0,70,,1712,25,,,0,30,,1696,25,,,0
500,'5326',741,,1714,25,,,0,70,,1736,25,,,0,30,,1716,25,,,0,70,,1734,25,,,0,30,,1717,25,,,0,70,,1724,25,,,0,30,,1718,25,,,0,70,,1725,25,,,0,30,,1715,25,,,0,70,,1726,25,,,0,30,,1720,25,,,0,70,,1727,25,,,0,30,,1719,25,,,0,70,,1728,25,,,0,30,,1721,25,,,0,70,,1731,25,,,0,30,,1722,25,,,0,70,,1737,25,,,0,30,,1723,25,,,0,70,,1735,25,,,0,30,,1729,25,,,0,70,,1730,25,,,0,30,,1732,25,,,0
500,'5328',941,,1743,25,,,0,70,,1759,25,,,0,30,,1748,25,,,0,70,,1756,25,,,0,30,,1749,25,,,0,70,,1757,25,,,0,30,,1751,25,,,0,70,,1755,25,,,0,30,,1752,25,,,0,70,,1758,25,,,0,30,,1750,25,,,0,70,,1760,25,,,0,30,,1747,25,,,0,70,,1754,25,,,0,30,,1746,25,,,0,70,,1753,25,,,0,30,,1744,25,,,0,70,,1761,25,,,0,30,,1745,25,,,0
