300,'4833',716,,1396,31,4,,0,200,,1398,31,4,,0,100,,1399,31,4,,0,100,,1401,31,4,,0,100,,1400,31,4,,0,100,,1402,31,4,,0,100,,1403,31,4,,0,100,,1404,31,4,,0,100,,1405,31,4,,0,100,,1406,31,4,,0,100,,1408,8,4,,0
300,'5323',716,,1409,31,4,,0,200,,1411,31,4,,0,100,,1412,31,4,,0,100,,1414,31,4,,0,100,,1413,31,4,,0,100,,1415,31,4,,0,100,,1416,31,4,,0,100,,1417,31,4,,0,100,,1418,31,4,,0,100,,1419,31,4,,0,100,,1421,8,4,,0
300,'5325',916,,1424,31,4,,0,100,,1425,31,4,,0,100,,1422,31,4,,0,100,,1426,31,4,,0,100,,1427,31,4,,0,100,,1428,31,4,,0,100,,1429,31,4,,0,100,,1430,31,4,,0,100,,1431,31,4,,0,100,,1432,31,4,,0
300,'5326',716,,1433,31,4,,0,200,,1435,31,4,,0,100,,1436,31,4,,0,100,,1438,31,4,,0,100,,1437,31,4,,0,100,,1439,31,4,,0,100,,1440,31,4,,0,100,,1441,31,4,,0,100,,1442,31,4,,0,100,,1443,31,4,,0,100,,1445,8,4,,0
300,'5328',916,,1448,31,4,,0,100,,1449,31,4,,0,100,,1446,31,4,,0,100,,1450,31,4,,0,100,,1451,31,4,,0,100,,1452,31,4,,0,100,,1453,31,4,,0,100,,1454,31,4,,0,100,,1455,31,4,,0,100,,1456,31,4,,0
301,'4833',716,,1458,1,,,0,200,,1460,1,,,0,100,,1461,1,,,0,100,,1462,1,,,0,100,,1463,1,,,0,100,,1464,1,,,0,100,,1465,1,,,0,100,,1466,1,,,0,100,,1467,1,,,0,100,,1468,1,,,0,100,,1469,1,0,7 6,0
301,'5323',716,,1471,1,,,0,200,,1473,1,,,0,100,,1474,1,,,0,100,,1475,1,,,0,100,,1476,1,,,0,100,,1477,1,,,0,100,,1478,1,,,0,100,,1479,1,,,0,100,,1480,1,,,0,100,,1481,1,,,0,100,,1482,1,0,7 6,0
301,'5325',916,,1483,1,,,0,100,,1486,1,,,0,100,,1484,1,,,0,100,,1487,1,,,0,100,,1488,1,,,0,100,,1489,1,,,0,100,,1490,1,,,0,100,,1491,1,,,0,100,,1493,1,,,0,100,,1492,1,0,7 6,0
301,'5326',716,,1495,1,,,0,200,,1497,1,,,0,100,,1498,1,,,0,100,,1499,1,,,0,100,,1500,1,,,0,100,,1501,1,,,0,100,,1502,1,,,0,100,,1503,1,,,0,100,,1504,1,,,0,100,,1505,1,,,0,100,,1506,1,0,7 6,0
301,'5328',916,,1507,1,,,0,100,,1510,1,,,0,100,,1508,1,,,0,100,,1511,1,,,0,100,,1512,1,,,0,100,,1513,1,,,0,100,,1514,1,,,0,100,,1515,1,,,0,100,,1517,1,,,0,100,,1516,1,0,7 6,0
1000,'5323',651,,1896,23,,,0,162,,1897,23,,,0,123,,1900,23,,,0,307,,1898,23,,,0,407,,1899,23,,,0
1000,'5325',813,,1901,23,,,0,430,,1902,23,,,0,407,,1903,23,,,0
1000,'5326',651,,1904,23,,,0,162,,1905,23,,,0,123,,1908,23,,,0,307,,1906,23,,,0,407,,1907,23,,,0
1000,'5328',813,,1909,23,,,0,430,,1910,23,,,0,407,,1911,23,,,0
