100,'4833',633,,1157,18,,,0,100,,1158,18,,,0,100,,1159,11,,,0,100,,1160,18,,,0,100,,1161,18,,,0,100,,1162,18,,,0,100,,1163,18,,,0,100,,1164,18,,,0,100,,1165,18,,,0,100,,1166,18,,,0,100,,1167,18,,,0,100,,1168,18,,,0,97,,1169,18,4,,0
100,'5323',633,,1170,18,,,0,100,,1171,18,,,0,100,,1172,11,,,0,100,,1173,18,,,0,100,,1174,18,,,0,100,,1175,18,,,0,100,,1176,18,,,0,100,,1177,18,,,0,100,,1178,18,,,0,100,,1179,18,,,0,100,,1180,18,,,0,100,,1181,18,,,0,97,,1182,18,4,,0
100,'5325',833,,1183,11,,,0,100,,1185,18,,,0,100,,1190,18,,,0,100,,1193,18,,,0,100,,1186,18,,,0,100,,1184,18,,,0,100,,1188,18,,,0,100,,1189,18,,,0,100,,1187,18,,,0,100,,1192,18,,,0,97,,1191,18,4,,0
100,'5326',633,,1194,18,,,0,100,,1195,18,,,0,100,,1196,11,,,0,100,,1197,18,,,0,100,,1198,18,,,0,100,,1199,18,,,0,100,,1200,18,,,0,100,,1201,18,,,0,100,,1202,18,,,0,100,,1203,18,,,0,100,,1204,18,,,0,100,,1205,18,,,0,97,,1206,18,4,,0
100,'5328',833,,1207,11,,,0,100,,1210,18,,,0,100,,1214,18,,,0,100,,1217,18,,,0,100,,1209,18,,,0,100,,1208,18,,,0,100,,1212,18,,,0,100,,1213,18,,,0,100,,1211,18,,,0,100,,1216,18,,,0,97,,1215,18,4,,0
300,'4833',703,,2124,13,,,0,100,,2125,13,0,11 12,0,100,,2126,13,,,0,100,,2127,13,,,0,100,,2129,13,,,0,100,,2128,13,,,0,100,,2130,13,,,0,100,,2131,13,,,0,100,,2132,13,,,0,100,,2133,13,,,0,100,,2134,13,,,0,100,,2135,13,,,0
300,'5323',703,,2136,13,,,0,100,,2137,13,0,11 12,0,100,,2138,13,,,0,100,,2139,13,,,0,100,,2141,13,,,0,100,,2140,13,,,0,100,,2142,13,,,0,100,,2143,13,,,0,100,,2144,13,,,0,100,,2145,13,,,0,100,,2146,13,,,0,100,,2147,13,,,0
300,'5325',803,,2149,7,0,11 12,0,100,,2150,13,,,0,100,,2151,13,,,0,100,,2148,13,,,0,100,,2152,13,,,0,100,,2153,13,,,0,100,,2154,13,,,0,100,,2155,13,,,0,100,,2156,13,,,0,100,,2157,13,,,0,100,,2158,13,,,0
300,'5326',703,,2159,13,,,0,100,,2160,13,0,11 12,0,100,,2161,13,,,0,100,,2162,13,,,0,100,,2164,13,,,0,100,,2163,13,,,0,100,,2165,13,,,0,100,,2166,13,,,0,100,,2167,13,,,0,100,,2168,13,,,0,100,,2169,13,,,0,100,,2170,13,,,0
300,'5328',903,,2172,13,,,0,100,,2173,13,,,0,100,,2171,13,,,0,100,,2174,13,,,0,100,,2175,13,,,0,100,,2176,13,,,0,100,,2177,13,,,0,100,,2178,13,,,0,100,,2179,13,,,0,100,,2180,13,,,0
3000,'5323',809,,2050,7,,,0,310,,2049,7,,,0,185,,2053,7,,,0,255,,2051,7,,,0,171,,2052,7,,,0
3000,'5325',909,,2054,7,,,0,210,,2055,7,,,0,185,,2057,7,,,0,255,,2056,7,,,0,171,,2058,7,,,0
3000,'5326',809,,2060,7,,,0,310,,2059,7,,,0,185,,2063,7,,,0,255,,2061,7,,,0,171,,2062,7,,,0
3000,'5328',909,,2064,7,,,0,210,,2065,7,,,0,185,,2067,7,,,0,255,,2066,7,,,0,171,,2068,7,,,0
4000,'5323',828,,2090,17,4,,0,516,,2089,17,4,,0
4000,'5326',828,,2092,17,4,,0,516,,2091,17,4,,0
