100,'4833',646,,1157,35,,,0,100,,1158,35,,,0,100,,1159,28,,,0,100,,1160,35,,,0,100,,1161,35,,,0,100,,1162,35,,,0,100,,1163,35,,,0,100,,1164,35,,,0,100,,1165,35,,,0,100,,1166,35,,,0,100,,1167,35,,,0,100,,1168,35,,,0
100,'5323',646,,1170,35,,,0,100,,1171,35,,,0,100,,1172,28,,,0,100,,1173,35,,,0,100,,1174,35,,,0,100,,1175,35,,,0,100,,1176,35,,,0,100,,1177,35,,,0,100,,1178,35,,,0,100,,1179,35,,,0,100,,1180,35,,,0,100,,1181,35,,,0
100,'5325',846,,1183,28,,,0,100,,1185,35,,,0,100,,1190,35,,,0,100,,1193,35,,,0,100,,1186,35,,,0,100,,1184,35,,,0,100,,1188,35,,,0,100,,1189,35,,,0,100,,1187,35,,,0,100,,1192,35,,,0
100,'5326',646,,1194,35,,,0,100,,1195,35,,,0,100,,1196,28,,,0,100,,1197,35,,,0,100,,1198,35,,,0,100,,1199,35,,,0,100,,1200,35,,,0,100,,1201,35,,,0,100,,1202,35,,,0,100,,1203,35,,,0,100,,1204,35,,,0,100,,1205,35,,,0
100,'5328',846,,1207,28,,,0,100,,1210,35,,,0,100,,1214,35,,,0,100,,1217,35,,,0,100,,1209,35,,,0,100,,1208,35,,,0,100,,1212,35,,,0,100,,1213,35,,,0,100,,1211,35,,,0,100,,1216,35,,,0
1600,'5322',914,,1998,26,,,0,100,,2001,32,,,0,100,,2000,32,,,0,100,,1999,32,,,0,100,,2002,32,,,0,100,,2003,32,,,0,100,,2004,32,,,0,100,,2005,32,,,0,100,,2006,32,,,0,100,,2008,32,,,0
3000,'5323',816,,2050,20,,,0,310,,2049,20,,,0,185,,2053,20,,,0,295,,2051,20,,,0,131,,2052,20,,,0
3000,'5325',916,,2054,20,,,0,210,,2055,20,,,0,185,,2057,20,,,0,295,,2056,20,,,0,131,,2058,20,,,0
3000,'5326',816,,2060,20,,,0,310,,2059,20,,,0,185,,2063,20,,,0,295,,2061,20,,,0,131,,2062,20,,,0
3000,'5328',916,,2064,20,,,0,210,,2065,20,,,0,185,,2067,20,,,0,295,,2066,20,,,0,131,,2068,20,,,0
7000,'5323',615,,2105,39,,,0,305,,2106,22,,,0,324,,2107,22,,,0,300,,2108,22,,,0
7000,'5326',615,,2109,39,,,0,305,,2110,22,,,0,324,,2111,22,,,0,300,,2112,22,,,0
