100,'4833',634,,1157,19,,,0,100,,1158,19,,,0,100,,1159,12,,,0,100,,1160,19,,,0,100,,1161,19,,,0,100,,1162,19,,,0,100,,1163,19,,,0,100,,1164,19,,,0,100,,1165,19,,,0,100,,1166,19,,,0,100,,1167,19,,,0,100,,1168,19,,,0
100,'5323',634,,1170,19,,,0,100,,1171,19,,,0,100,,1172,12,,,0,100,,1173,19,,,0,100,,1174,19,,,0,100,,1175,19,,,0,100,,1176,19,,,0,100,,1177,19,,,0,100,,1178,19,,,0,100,,1179,19,,,0,100,,1180,19,,,0,100,,1181,19,,,0
100,'5325',834,,1183,12,,,0,100,,1185,19,,,0,100,,1190,19,,,0,100,,1193,19,,,0,100,,1186,19,,,0,100,,1184,19,,,0,100,,1188,19,,,0,100,,1189,19,,,0,100,,1187,19,,,0,100,,1192,19,,,0
100,'5326',634,,1194,19,,,0,100,,1195,19,,,0,100,,1196,12,,,0,100,,1197,19,,,0,100,,1198,19,,,0,100,,1199,19,,,0,100,,1200,19,,,0,100,,1201,19,,,0,100,,1202,19,,,0,100,,1203,19,,,0,100,,1204,19,,,0,100,,1205,19,,,0
100,'5328',834,,1207,12,,,0,100,,1210,19,,,0,100,,1214,19,,,0,100,,1217,19,,,0,100,,1209,19,,,0,100,,1208,19,,,0,100,,1212,19,,,0,100,,1213,19,,,0,100,,1211,19,,,0,100,,1216,19,,,0
300,'4833',704,,2124,14,,,0,200,,2126,14,,,0,100,,2127,14,,,0,100,,2129,14,,,0,100,,2128,14,,,0,100,,2130,14,,,0,100,,2131,14,,,0,100,,2132,14,,,0,100,,2133,14,,,0,100,,2134,14,,,0,100,,2135,14,,,0
300,'5323',704,,2136,14,,,0,200,,2138,14,,,0,100,,2139,14,,,0,100,,2141,14,,,0,100,,2140,14,,,0,100,,2142,14,,,0,100,,2143,14,,,0,100,,2144,14,,,0,100,,2145,14,,,0,100,,2146,14,,,0,100,,2147,14,,,0
300,'5325',904,,2150,14,,,0,100,,2151,14,,,0,100,,2148,14,,,0,100,,2152,14,,,0,100,,2153,14,,,0,100,,2154,14,,,0,100,,2155,14,,,0,100,,2156,14,,,0,100,,2157,14,,,0,100,,2158,14,,,0
300,'5326',704,,2159,14,,,0,200,,2161,14,,,0,100,,2162,14,,,0,100,,2164,14,,,0,100,,2163,14,,,0,100,,2165,14,,,0,100,,2166,14,,,0,100,,2167,14,,,0,100,,2168,14,,,0,100,,2169,14,,,0,100,,2170,14,,,0
300,'5328',904,,2172,14,,,0,100,,2173,14,,,0,100,,2171,14,,,0,100,,2174,14,,,0,100,,2175,14,,,0,100,,2176,14,,,0,100,,2177,14,,,0,100,,2178,14,,,0,100,,2179,14,,,0,100,,2180,14,,,0
1600,'5322',905,,1998,10,,,0,100,,2001,16,,,0,100,,2000,16,,,0,100,,1999,16,,,0,100,,2002,16,,,0,100,,2003,16,,,0,100,,2004,16,,,0,100,,2005,16,,,0,100,,2006,16,,,0,100,,2008,16,,,0
3000,'5323',809,,2050,8,,,0,310,,2049,8,,,0,185,,2053,8,,,0,255,,2051,8,,,0,171,,2052,8,,,0
3000,'5325',909,,2054,8,,,0,210,,2055,8,,,0,185,,2057,8,,,0,255,,2056,8,,,0,171,,2058,8,,,0
3000,'5326',809,,2060,8,,,0,310,,2059,8,,,0,185,,2063,8,,,0,255,,2061,8,,,0,171,,2062,8,,,0
3000,'5328',909,,2064,8,,,0,210,,2065,8,,,0,185,,2067,8,,,0,255,,2066,8,,,0,171,,2068,8,,,0
4000,'5323',828,,2090,18,4,,0,516,,2089,18,4,,0
4000,'5326',828,,2092,18,4,,0,516,,2091,18,4,,0
