500,'4833',726,,1642,10,,,0,30,,1664,10,,,0,70,,1644,10,,,0,30,,1662,10,,,0,70,,1645,10,,,0,30,,1652,10,,,0,70,,1646,10,,,0,30,,1653,10,,,0,70,,1643,10,,,0,30,,1654,10,,,0,70,,1648,10,,,0,30,,1655,10,,,0,70,,1647,10,,,0,30,,1656,10,,,0,70,,1649,10,,,0,30,,1659,10,,,0,70,,1650,10,,,0,30,,1665,10,,,0,70,,1651,10,,,0,30,,1663,10,,,0,70,,1657,10,,,0,30,,1658,10,,,0,70,,1660,10,,,0
500,'5322',1256,,1666,10,,,0,100,,1667,10,,,0,100,,1668,10,,,0,100,,1669,10,,,0
500,'5323',726,,1670,10,,,0,30,,1692,10,,,0,70,,1672,10,,,0,30,,1690,10,,,0,70,,1673,10,,,0,30,,1680,10,,,0,70,,1674,10,,,0,30,,1681,10,,,0,70,,1671,10,,,0,30,,1682,10,,,0,70,,1676,10,,,0,30,,1683,10,,,0,70,,1675,10,,,0,30,,1684,10,,,0,70,,1677,10,,,0,30,,1687,10,,,0,70,,1678,10,,,0,30,,1693,10,,,0,70,,1679,10,,,0,30,,1691,10,,,0,70,,1685,10,,,0,30,,1686,10,,,0,70,,1688,10,,,0
500,'5325',926,,1694,10,,,0,30,,1710,10,,,0,70,,1699,10,,,0,30,,1707,10,,,0,70,,1700,10,,,0,30,,1708,10,,,0,70,,1702,10,,,0,30,,1706,10,,,0,70,,1703,10,,,0,30,,1709,10,,,0,70,,1701,10,,,0,30,,1711,10,,,0,70,,1698,10,,,0,30,,1705,10,,,0,70,,1697,10,,,0,30,,1704,10,,,0,70,,1695,10,,,0,30,,1712,10,,,0,70,,1696,10,,,0
500,'5326',726,,1714,10,,,0,30,,1736,10,,,0,70,,1716,10,,,0,30,,1734,10,,,0,70,,1717,10,,,0,30,,1724,10,,,0,70,,1718,10,,,0,30,,1725,10,,,0,70,,1715,10,,,0,30,,1726,10,,,0,70,,1720,10,,,0,30,,1727,10,,,0,70,,1719,10,,,0,30,,1728,10,,,0,70,,1721,10,,,0,30,,1731,10,,,0,70,,1722,10,,,0,30,,1737,10,,,0,70,,1723,10,,,0,30,,1735,10,,,0,70,,1729,10,,,0,30,,1730,10,,,0,70,,1732,10,,,0,100,,1738,10,,,0,100,,1739,10,,,0,100,,1740,10,,,0,100,,1741,10,,,0,100,,1742,10,,,0
500,'5328',926,,1743,10,,,0,30,,1759,10,,,0,70,,1748,10,,,0,30,,1756,10,,,0,70,,1749,10,,,0,30,,1757,10,,,0,70,,1751,10,,,0,30,,1755,10,,,0,70,,1752,10,,,0,30,,1758,10,,,0,70,,1750,10,,,0,30,,1760,10,,,0,70,,1747,10,,,0,30,,1754,10,,,0,70,,1746,10,,,0,30,,1753,10,,,0,70,,1744,10,,,0,30,,1761,10,,,0,70,,1745,10,,,0,100,,1763,10,,,0,100,,1764,10,,,0,100,,1765,10,,,0,100,,1766,10,,,0,100,,1767,10,,,0
1501,'4833',1923,,1978,12,0,7,0,124,,1980,12,0,7,0
1501,'5323',1923,,1982,12,0,7,0,124,,1984,12,0,7,0
1501,'5325',1923,,1987,12,0,7,0,124,,1988,12,0,7,0
1501,'5326',1923,,1990,12,0,7,0,124,,1992,12,0,7,0
1501,'5328',1923,,1995,12,0,7,0,124,,1996,12,0,7,0
2000,'5323',752,,2019,21,0,8 9,0,170,,2020,21,0,8 9,0,300,,2021,21,0,8 9,0,428,,2023,13,0,10,0,170,,2022,13,0,10,0
2000,'5326',752,,2024,21,0,8 9,0,170,,2025,21,0,8 9,0,300,,2026,21,0,8 9,0,428,,2028,13,0,10,0,170,,2027,13,0,10,0
