101,'4833',615,,1218,4,,,0,100,,1219,27,,,0,200,,1221,27,,,0,100,,1222,27,,,0,100,,1224,27,,,0,100,,1223,27,,,0,100,,1226,27,,,0,100,,1225,27,,,0,100,,1227,27,,,0,100,,1228,27,,,0,100,,1229,27,,,0,100,,1230,27,,,0
101,'5323',615,,1231,4,,,0,100,,1232,27,,,0,200,,1234,27,,,0,100,,1235,27,,,0,100,,1237,27,,,0,100,,1236,27,,,0,100,,1239,27,,,0,100,,1238,27,,,0,100,,1240,27,,,0,100,,1241,27,,,0,100,,1242,27,,,0,100,,1243,27,,,0
101,'5325',915,,1248,27,,,0,100,,1250,27,,,0,100,,1244,27,,,0,100,,1246,27,,,0,100,,1249,27,,,0,100,,1247,27,,,0,100,,1251,27,,,0,100,,1245,27,,,0,100,,1252,27,,,0,100,,1253,27,,,0
101,'5326',615,,1255,4,,,0,100,,1256,27,,,0,200,,1258,27,,,0,100,,1259,27,,,0,100,,1261,27,,,0,100,,1260,27,,,0,100,,1263,27,,,0,100,,1262,27,,,0,100,,1264,27,,,0,100,,1265,27,,,0,100,,1266,27,,,0,100,,1267,27,,,0
101,'5328',915,,1272,27,,,0,100,,1274,27,,,0,100,,1268,27,,,0,100,,1270,27,,,0,100,,1273,27,,,0,100,,1271,27,,,0,100,,1275,27,,,0,100,,1269,27,,,0,100,,1276,27,,,0,100,,1277,27,,,0
1501,'4833',1955,,1979,21,,,0,164,,1981,21,,,0
1501,'5323',1955,,1983,21,,,0,164,,1985,21,,,0
1501,'5325',1955,,1986,21,,,0,164,,1989,21,,,0
1501,'5326',1955,,1991,21,,,0,164,,1993,21,,,0
1501,'5328',1955,,1994,21,,,0,164,,1997,21,,,0
4001,'5323',1005,,2093,19,,,0,604,,2094,19,,,0
4001,'5326',1005,,2095,19,,,0,604,,2096,19,,,0
7001,'5323',1821,,2116,30,,,0
7001,'5326',1821,,2120,30,,,0
