200,'4833',634,,1279,8,,,0,100,,1280,8,,,0,100,,1281,8,,,0,100,,1282,8,,,0,100,,1283,8,,,0,100,,1284,8,,,0,100,,1285,8,,,0,100,,1286,8,,,0,100,,1287,8,,,0,100,,1288,8,,,0,100,,1289,8,,,0,100,,1290,8,,,0
200,'5323',634,,1291,8,,,0,100,,1292,8,,,0,100,,1293,8,,,0,100,,1294,8,,,0,100,,1295,8,,,0,100,,1296,8,,,0,100,,1297,8,,,0,100,,1298,8,,,0,100,,1299,8,,,0,100,,1300,8,,,0,100,,1301,8,,,0,100,,1302,8,,,0
200,'5325',834,,1303,8,,,0,100,,1304,8,,,0,100,,1305,8,,,0,100,,1306,8,,,0,100,,1307,8,,,0,100,,1308,8,,,0,100,,1309,8,,,0,100,,1310,8,,,0,100,,1311,8,,,0,100,,1312,8,,,0
200,'5326',634,,1313,8,,,0,100,,1314,8,,,0,100,,1315,8,,,0,100,,1316,8,,,0,100,,1317,8,,,0,100,,1318,8,,,0,100,,1319,8,,,0,100,,1320,8,,,0,100,,1321,8,,,0,100,,1322,8,,,0,100,,1323,8,,,0,100,,1324,8,,,0
200,'5328',834,,1325,8,,,0,100,,1326,8,,,0,100,,1327,8,,,0,100,,1328,8,,,0,100,,1329,8,,,0,100,,1330,8,,,0,100,,1331,8,,,0,100,,1332,8,,,0,100,,1333,8,,,0,100,,1334,8,,,0
401,'4833',736,,1588,10,,,0,100,,1589,10,,,0,100,,1590,10,,,0,100,,1591,10,,,0,100,,1592,10,,,0,100,,1593,10,,,0,100,,1585,10,,,0,100,,1586,10,,,0,100,,1584,10,,,0,100,,1583,10,,,0,100,,1582,10,,,0,108,,1581,10,0,7 6,0
401,'5323',736,,1601,10,,,0,100,,1602,10,,,0,100,,1603,10,,,0,100,,1604,10,,,0,100,,1605,10,,,0,100,,1606,10,,,0,100,,1598,10,,,0,100,,1599,10,,,0,100,,1597,10,,,0,100,,1596,10,,,0,100,,1595,10,,,0,108,,1594,10,0,7 6,0
401,'5325',836,,1607,10,,,0,100,,1609,10,,,0,100,,1610,10,,,0,100,,1608,10,,,0,100,,1612,10,,,0,100,,1611,10,,,0,100,,1613,10,,,0,100,,1614,10,,,0,100,,1615,10,,,0,100,,1616,10,,,0,108,,2241,10,0,7 6,0
401,'5326',736,,1625,10,,,0,100,,1626,10,,,0,100,,1627,10,,,0,100,,1628,10,,,0,100,,1629,10,,,0,100,,1630,10,,,0,100,,1622,10,,,0,100,,1623,10,,,0,100,,1621,10,,,0,100,,1620,10,,,0,100,,1619,10,,,0,108,,1618,10,0,7 6,0
401,'5328',836,,1631,10,,,0,100,,1633,10,,,0,100,,1635,10,,,0,100,,1632,10,,,0,100,,1636,10,,,0,100,,1634,10,,,0,100,,1637,10,,,0,100,,1638,10,,,0,100,,1639,10,,,0,100,,1640,10,,,0,108,,2242,10,0,7 6,0
1000,'5323',645,,1896,8,,,0,162,,1897,8,,,0,123,,1900,8,,,0,305,,1898,8,,,0,407,,1899,8,,,0
1000,'5325',807,,1901,8,,,0,428,,1902,8,,,0,407,,1903,8,,,0
1000,'5326',645,,1904,8,,,0,162,,1905,8,,,0,123,,1908,8,,,0,305,,1906,8,,,0,407,,1907,8,,,0
1000,'5328',807,,1909,8,,,0,428,,1910,8,,,0,407,,1911,8,,,0
1500,'4833',2006,,1943,13,,,0,124,,1944,13,,,0,85,,1946,13,,,0
1500,'5323',2006,,1951,13,,,0,124,,1952,13,,,0,85,,1954,13,,,0
1500,'5325',2006,,1957,13,,,0,124,,1960,13,,,0,85,,1959,13,,,0
1500,'5326',2006,,1966,13,,,0,124,,1967,13,,,0,85,,1969,13,,,0
1500,'5328',2006,,1972,13,,,0,124,,1975,13,,,0,85,,1974,13,,,0
