301,'4833',644,,1457,18,,,0,100,,1458,28,,,0,100,,1459,21,,,0,100,,1460,28,,,0,100,,1461,28,,,0,100,,1462,28,,,0,100,,1463,28,,,0,100,,1464,28,,,0,100,,1465,28,,,0,100,,1466,28,,,0,100,,1467,28,,,0,100,,1468,28,,,0
301,'5323',644,,1470,18,,,0,100,,1471,28,,,0,100,,1472,21,,,0,100,,1473,28,,,0,100,,1474,28,,,0,100,,1475,28,,,0,100,,1476,28,,,0,100,,1477,28,,,0,100,,1478,28,,,0,100,,1479,28,,,0,100,,1480,28,,,0,100,,1481,28,,,0
301,'5325',844,,1485,21,,,0,100,,1483,28,,,0,100,,1486,28,,,0,100,,1484,28,,,0,100,,1487,28,,,0,100,,1488,28,,,0,100,,1489,28,,,0,100,,1490,28,,,0,100,,1491,28,,,0,100,,1493,28,,,0
301,'5326',644,,1494,18,,,0,100,,1495,28,,,0,100,,1496,21,,,0,100,,1497,28,,,0,100,,1498,28,,,0,100,,1499,28,,,0,100,,1500,28,,,0,100,,1501,28,,,0,100,,1502,28,,,0,100,,1503,28,,,0,100,,1504,28,,,0,100,,1505,28,,,0
301,'5328',844,,1509,21,,,0,100,,1507,28,,,0,100,,1510,28,,,0,100,,1508,28,,,0,100,,1511,28,,,0,100,,1512,28,,,0,100,,1513,28,,,0,100,,1514,28,,,0,100,,1515,28,,,0,100,,1517,28,,,0
501,'4833',702,,1768,14,,,0,30,,1778,14,,,0,70,,1769,16,,,0,30,,1790,16,,,0,70,,1771,16,,,0,30,,1779,16,,,0,70,,1772,16,,,0,30,,1780,16,,,0,70,,1773,16,,,0,30,,1781,16,,,0,70,,1770,16,,,0,30,,1782,16,,,0,70,,1775,16,,,0,30,,1783,16,,,0,70,,1774,16,,,0,30,,1784,16,,,0,70,,1776,16,,,0,30,,1791,16,,,0,70,,1777,16,,,0,30,,1789,16,,,0,70,,1785,16,,,0,30,,1786,16,,,0,70,,1787,16,,,0,30,,1788,16,,,0
501,'5322',1232,,1792,16,,,0,100,,1793,16,,,0,100,,1794,16,,,0,100,,1795,16,,,0
501,'5323',702,,1796,14,,,0,30,,1806,14,,,0,70,,1797,16,,,0,30,,1818,16,,,0,70,,1799,16,,,0,30,,1807,16,,,0,70,,1800,16,,,0,30,,1808,16,,,0,70,,1801,16,,,0,30,,1809,16,,,0,70,,1798,16,,,0,30,,1810,16,,,0,70,,1803,16,,,0,30,,1811,16,,,0,70,,1802,16,,,0,30,,1812,16,,,0,70,,1804,16,,,0,30,,1819,16,,,0,70,,1805,16,,,0,30,,1817,16,,,0,70,,1813,16,,,0,30,,1814,16,,,0,70,,1815,16,,,0,30,,1816,16,,,0
501,'5325',902,,1825,14,,,0,30,,1836,14,,,0,70,,1827,16,,,0,30,,1837,16,,,0,70,,1828,16,,,0,30,,1833,16,,,0,70,,1824,16,,,0,30,,1834,16,,,0,70,,1829,16,,,0,30,,1835,16,,,0,70,,1820,16,,,0,30,,1838,16,,,0,70,,1821,16,,,0,30,,1839,16,,,0,70,,1822,16,,,0,30,,1830,16,,,0,70,,1823,16,,,0,30,,1831,16,,,0,70,,1826,16,,,0,30,,1832,16,,,0
501,'5326',702,,1840,14,,,0,30,,1850,14,,,0,70,,1841,16,,,0,30,,1862,16,,,0,70,,1843,16,,,0,30,,1851,16,,,0,70,,1844,16,,,0,30,,1852,16,,,0,70,,1845,16,,,0,30,,1853,16,,,0,70,,1842,16,,,0,30,,1854,16,,,0,70,,1847,16,,,0,30,,1855,16,,,0,70,,1846,16,,,0,30,,1856,16,,,0,70,,1848,16,,,0,30,,1863,16,,,0,70,,1849,16,,,0,30,,1861,16,,,0,70,,1857,16,,,0,30,,1858,16,,,0,70,,1859,16,,,0,30,,1860,16,,,0,70,,1866,16,,,0,100,,1867,16,,,0,100,,1868,16,,,0,100,,1869,16,,,0,100,,1864,16,,,0
501,'5328',902,,1875,14,,,0,30,,1886,14,,,0,70,,1877,16,,,0,30,,1887,16,,,0,70,,1878,16,,,0,30,,1883,16,,,0,70,,1874,16,,,0,30,,1884,16,,,0,70,,1879,16,,,0,30,,1885,16,,,0,70,,1870,16,,,0,30,,1888,16,,,0,70,,1871,16,,,0,30,,1889,16,,,0,70,,1872,16,,,0,30,,1880,16,,,0,70,,1873,16,,,0,30,,1881,16,,,0,70,,1876,16,,,0,30,,1882,16,,,0,70,,1892,16,,,0,100,,1893,16,,,0,100,,1894,16,,,0,100,,1895,16,,,0,100,,1891,16,,,0
1500,'4833',1906,,1941,3,0,13,0,124,,1942,29,0,13,0,123,,1945,29,0,13,0,85,,1947,29,0,13,0
1500,'5323',1906,,1949,3,0,13,0,124,,1950,29,0,13,0,123,,1953,29,0,13,0,85,,1955,29,0,13,0
1500,'5325',1906,,1956,29,0,13,0,124,,1958,29,0,13,0,123,,1961,29,0,13,0,85,,1962,29,0,13,0
1500,'5326',1906,,1964,3,0,13,0,124,,1965,29,0,13,0,123,,1968,29,0,13,0,85,,1970,29,0,13,0
1500,'5328',1906,,1971,29,0,13,0,124,,1973,29,0,13,0,123,,1976,29,0,13,0,85,,1977,29,0,13,0
1601,'5322',943,,2009,24,,,0,100,,2011,24,,,0,100,,2010,24,,,0,100,,2012,24,,,0,100,,2014,24,,,0,100,,2013,24,,,0,100,,2016,24,,,0,100,,2015,24,,,0,100,,2018,24,,,0,100,,2017,24,,,0
2001,'5323',642,,2029,3,0,16 17,0,164,,2030,3,0,16 17,0,295,,2031,3,0,8 9,0,435,,2033,3,0,8 9,0,170,,2032,3,0,8 9,0
2001,'5326',642,,2034,3,0,16 17,0,164,,2035,3,0,16 17,0,295,,2036,3,0,8 9,0,435,,2038,3,0,8 9,0,170,,2037,3,0,8 9,0
