101,'4833',614,,1218,2,,,0,100,,1219,25,,,0,200,,1221,25,,,0,100,,1222,25,,,0,100,,1224,25,,,0,100,,1223,25,,,0,100,,1226,25,,,0,100,,1225,25,,,0,100,,1227,25,,,0,100,,1228,25,,,0,100,,1229,25,,,0,100,,1230,25,,,0
101,'5323',614,,1231,2,,,0,100,,1232,25,,,0,200,,1234,25,,,0,100,,1235,25,,,0,100,,1237,25,,,0,100,,1236,25,,,0,100,,1239,25,,,0,100,,1238,25,,,0,100,,1240,25,,,0,100,,1241,25,,,0,100,,1242,25,,,0,100,,1243,25,,,0
101,'5325',914,,1248,25,,,0,100,,1250,25,,,0,100,,1244,25,,,0,100,,1246,25,,,0,100,,1249,25,,,0,100,,1247,25,,,0,100,,1251,25,,,0,100,,1245,25,,,0,100,,1252,25,,,0,100,,1253,25,,,0
101,'5326',614,,1255,2,,,0,100,,1256,25,,,0,200,,1258,25,,,0,100,,1259,25,,,0,100,,1261,25,,,0,100,,1260,25,,,0,100,,1263,25,,,0,100,,1262,25,,,0,100,,1264,25,,,0,100,,1265,25,,,0,100,,1266,25,,,0,100,,1267,25,,,0
101,'5328',914,,1272,25,,,0,100,,1274,25,,,0,100,,1268,25,,,0,100,,1270,25,,,0,100,,1273,25,,,0,100,,1271,25,,,0,100,,1275,25,,,0,100,,1269,25,,,0,100,,1276,25,,,0,100,,1277,25,,,0
1501,'4833',1954,,1979,19,,,0,164,,1981,19,,,0
1501,'5323',1954,,1983,19,,,0,164,,1985,19,,,0
1501,'5325',1954,,1986,19,,,0,164,,1989,19,,,0
1501,'5326',1954,,1991,19,,,0,164,,1993,19,,,0
1501,'5328',1954,,1994,19,,,0,164,,1997,19,,,0
4001,'5323',1003,,2093,17,,,0,604,,2094,17,,,0
4001,'5326',1003,,2095,17,,,0,604,,2096,17,,,0
7001,'5323',1820,,2116,28,,,0
7001,'5326',1820,,2120,28,,,0
