100,'4833',828,,1159,4,,,0
100,'5323',828,,1172,4,,,0
100,'5325',828,,1183,4,,,0
100,'5326',828,,1196,4,,,0
100,'5328',828,,1207,4,,,0
300,'4833',657,,2124,6,,,0,100,,2125,6,0,11 12,0,100,,2126,6,,,0,100,,2127,6,,,0,100,,2129,6,,,0,100,,2128,6,,,0,100,,2130,6,,,0,100,,2131,6,,,0,100,,2132,6,,,0,100,,2133,6,,,0,100,,2134,6,,,0,100,,2135,6,,,0
300,'5323',657,,2136,6,,,0,100,,2137,6,0,11 12,0,100,,2138,6,,,0,100,,2139,6,,,0,100,,2141,6,,,0,100,,2140,6,,,0,100,,2142,6,,,0,100,,2143,6,,,0,100,,2144,6,,,0,100,,2145,6,,,0,100,,2146,6,,,0,100,,2147,6,,,0
300,'5325',857,,2150,6,,,0,100,,2151,6,,,0,100,,2148,6,,,0,100,,2152,6,,,0,100,,2153,6,,,0,100,,2154,6,,,0,100,,2155,6,,,0,100,,2156,6,,,0,100,,2157,6,,,0,100,,2158,6,,,0
300,'5326',657,,2159,6,,,0,100,,2160,6,0,11 12,0,100,,2161,6,,,0,100,,2162,6,,,0,100,,2164,6,,,0,100,,2163,6,,,0,100,,2165,6,,,0,100,,2166,6,,,0,100,,2167,6,,,0,100,,2168,6,,,0,100,,2169,6,,,0,100,,2170,6,,,0
300,'5328',857,,2172,6,,,0,100,,2173,6,,,0,100,,2171,6,,,0,100,,2174,6,,,0,100,,2175,6,,,0,100,,2176,6,,,0,100,,2177,6,,,0,100,,2178,6,,,0,100,,2179,6,,,0,100,,2180,6,,,0
1500,'4833',1959,,1943,5,,,0,164,,1944,5,,,0,85,,1946,5,,,0
1500,'5323',1959,,1951,5,,,0,164,,1952,5,,,0,85,,1954,5,,,0
1500,'5325',1959,,1957,5,,,0,164,,1960,5,,,0,85,,1959,5,,,0
1500,'5326',1959,,1966,5,,,0,164,,1967,5,,,0,85,,1969,5,,,0
1500,'5328',1959,,1972,5,,,0,164,,1975,5,,,0,85,,1974,5,,,0
1600,'5322',957,,2001,6,,,0,100,,2000,6,,,0,100,,1999,6,,,0,100,,2002,6,,,0,100,,2003,6,,,0,100,,2004,6,,,0,100,,2005,6,,,0,100,,2006,6,,,0,100,,2008,6,,,0,100,,2007,6,0,14 15,0
4000,'5323',823,,2090,11,4,,0,516,,2089,11,4,,0
4000,'5326',823,,2092,11,4,,0,516,,2091,11,4,,0
7000,'5323',601,,2105,17,,,0
7000,'5326',601,,2109,17,,,0
