501,'4833',656,,1768,10,,,0,70,,1778,10,,,0,30,,1769,12,,,0,70,,1790,12,,,0,30,,1771,12,,,0,70,,1779,12,,,0,30,,1772,12,,,0,70,,1780,12,,,0,30,,1773,12,,,0,70,,1781,12,,,0,30,,1770,12,,,0,70,,1782,12,,,0,30,,1775,12,,,0,70,,1783,12,,,0,30,,1774,12,,,0,70,,1784,12,,,0,30,,1776,12,,,0,70,,1791,12,,,0,30,,1777,12,,,0,70,,1789,12,,,0,30,,1785,12,,,0,70,,1786,12,,,0,30,,1787,12,,,0,70,,1788,12,,,0
501,'5322',1226,,1792,12,,,0,100,,1793,12,,,0,100,,1794,12,,,0,100,,1795,12,,,0
501,'5323',656,,1796,10,,,0,70,,1806,10,,,0,30,,1797,12,,,0,70,,1818,12,,,0,30,,1799,12,,,0,70,,1807,12,,,0,30,,1800,12,,,0,70,,1808,12,,,0,30,,1801,12,,,0,70,,1809,12,,,0,30,,1798,12,,,0,70,,1810,12,,,0,30,,1803,12,,,0,70,,1811,12,,,0,30,,1802,12,,,0,70,,1812,12,,,0,30,,1804,12,,,0,70,,1819,12,,,0,30,,1805,12,,,0,70,,1817,12,,,0,30,,1813,12,,,0,70,,1814,12,,,0,30,,1815,12,,,0,70,,1816,12,,,0
501,'5325',856,,1825,10,,,0,70,,1836,10,,,0,30,,1827,12,,,0,70,,1837,12,,,0,30,,1828,12,,,0,70,,1833,12,,,0,30,,1824,12,,,0,70,,1834,12,,,0,30,,1829,12,,,0,70,,1835,12,,,0,30,,1820,12,,,0,70,,1838,12,,,0,30,,1821,12,,,0,70,,1839,12,,,0,30,,1822,12,,,0,70,,1830,12,,,0,30,,1823,12,,,0,70,,1831,12,,,0,30,,1826,12,,,0,70,,1832,12,,,0
501,'5326',656,,1840,10,,,0,70,,1850,10,,,0,30,,1841,12,,,0,70,,1862,12,,,0,30,,1843,12,,,0,70,,1851,12,,,0,30,,1844,12,,,0,70,,1852,12,,,0,30,,1845,12,,,0,70,,1853,12,,,0,30,,1842,12,,,0,70,,1854,12,,,0,30,,1847,12,,,0,70,,1855,12,,,0,30,,1846,12,,,0,70,,1856,12,,,0,30,,1848,12,,,0,70,,1863,12,,,0,30,,1849,12,,,0,70,,1861,12,,,0,30,,1857,12,,,0,70,,1858,12,,,0,30,,1859,12,,,0,70,,1860,12,,,0,30,,1866,12,,,0,100,,1867,12,,,0,100,,1868,12,,,0,100,,1869,12,,,0,100,,1864,12,,,0,100,,1865,12,0,21,0
501,'5328',856,,1875,10,,,0,70,,1886,10,,,0,30,,1877,12,,,0,70,,1887,12,,,0,30,,1878,12,,,0,70,,1883,12,,,0,30,,1874,12,,,0,70,,1884,12,,,0,30,,1879,12,,,0,70,,1885,12,,,0,30,,1870,12,,,0,70,,1888,12,,,0,30,,1871,12,,,0,70,,1889,12,,,0,30,,1872,12,,,0,70,,1880,12,,,0,30,,1873,12,,,0,70,,1881,12,,,0,30,,1876,12,,,0,70,,1882,12,,,0,30,,1892,12,,,0,100,,1893,12,,,0,100,,1894,12,,,0,100,,1895,12,,,0,100,,1891,12,,,0,100,,1890,12,0,21,0
1500,'4833',1903,,1940,25,0,14 15,0,124,,1942,25,0,13,0,123,,1945,25,0,13,0,85,,1947,25,0,13,0
1500,'5323',1903,,1948,25,0,14 15,0,124,,1950,25,0,13,0,123,,1953,25,0,13,0,85,,1955,25,0,13,0
1500,'5325',1903,,1956,25,0,13,0,124,,1958,25,0,13,0,123,,1961,25,0,13,0,85,,1962,25,0,13,0
1500,'5326',1903,,1963,25,0,14 15,0,124,,1965,25,0,13,0,123,,1968,25,0,13,0,85,,1970,25,0,13,0
1500,'5328',1903,,1971,25,0,13,0,124,,1973,25,0,13,0,123,,1976,25,0,13,0,85,,1977,25,0,13,0
1601,'5322',935,,2009,20,,,0,100,,2011,20,,,0,100,,2010,20,,,0,100,,2012,20,,,0,100,,2014,20,,,0,100,,2013,20,,,0,100,,2016,20,,,0,100,,2015,20,,,0,100,,2018,20,,,0,100,,2017,20,,,0
