200,'4833',636,,1279,11,,,0,100,,1280,11,,,0,100,,1281,11,,,0,100,,1282,11,,,0,100,,1283,11,,,0,100,,1284,11,,,0,100,,1285,11,,,0,100,,1286,11,,,0,100,,1287,11,,,0,100,,1288,11,,,0,100,,1289,11,,,0,100,,1290,11,,,0
200,'5323',636,,1291,11,,,0,100,,1292,11,,,0,100,,1293,11,,,0,100,,1294,11,,,0,100,,1295,11,,,0,100,,1296,11,,,0,100,,1297,11,,,0,100,,1298,11,,,0,100,,1299,11,,,0,100,,1300,11,,,0,100,,1301,11,,,0,100,,1302,11,,,0
200,'5325',836,,1303,11,,,0,100,,1304,11,,,0,100,,1305,11,,,0,100,,1306,11,,,0,100,,1307,11,,,0,100,,1308,11,,,0,100,,1309,11,,,0,100,,1310,11,,,0,100,,1311,11,,,0,100,,1312,11,,,0
200,'5326',636,,1313,11,,,0,100,,1314,11,,,0,100,,1315,11,,,0,100,,1316,11,,,0,100,,1317,11,,,0,100,,1318,11,,,0,100,,1319,11,,,0,100,,1320,11,,,0,100,,1321,11,,,0,100,,1322,11,,,0,100,,1323,11,,,0,100,,1324,11,,,0
200,'5328',836,,1325,11,,,0,100,,1326,11,,,0,100,,1327,11,,,0,100,,1328,11,,,0,100,,1329,11,,,0,100,,1330,11,,,0,100,,1331,11,,,0,100,,1332,11,,,0,100,,1333,11,,,0,100,,1334,11,,,0
1500,'4833',2008,,1943,16,,,0,124,,1944,16,,,0,85,,1946,16,,,0
1500,'5323',2008,,1951,16,,,0,124,,1952,16,,,0,85,,1954,16,,,0
1500,'5325',2008,,1957,16,,,0,124,,1960,16,,,0,85,,1959,16,,,0
1500,'5326',2008,,1966,16,,,0,124,,1967,16,,,0,85,,1969,16,,,0
1500,'5328',2008,,1972,16,,,0,124,,1975,16,,,0,85,,1974,16,,,0
