301,'4833',645,,2181,22,,,0,100,,2182,32,,,0,100,,2183,25,,,0,100,,2184,32,,,0,100,,2185,32,,,0,100,,2186,32,,,0,100,,2187,32,,,0,100,,2188,32,,,0,100,,2189,32,,,0,100,,2190,32,,,0,100,,2191,32,,,0,100,,2192,32,,,0
301,'5323',645,,2193,22,,,0,100,,2194,32,,,0,100,,2195,25,,,0,100,,2196,32,,,0,100,,2197,32,,,0,100,,2198,32,,,0,100,,2199,32,,,0,100,,2200,32,,,0,100,,2201,32,,,0,100,,2202,32,,,0,100,,2203,32,,,0,100,,2204,32,,,0
301,'5325',845,,2207,25,,,0,100,,2205,32,,,0,100,,2208,32,,,0,100,,2206,32,,,0,100,,2209,32,,,0,100,,2210,32,,,0,100,,2211,32,,,0,100,,2212,32,,,0,100,,2213,32,,,0,100,,2215,32,,,0
301,'5326',645,,2216,22,,,0,100,,2217,32,,,0,100,,2218,25,,,0,100,,2219,32,,,0,100,,2220,32,,,0,100,,2221,32,,,0,100,,2222,32,,,0,100,,2223,32,,,0,100,,2224,32,,,0,100,,2225,32,,,0,100,,2226,32,,,0,100,,2227,32,,,0
301,'5328',845,,2230,25,,,0,100,,2228,32,,,0,100,,2231,32,,,0,100,,2229,32,,,0,100,,2232,32,,,0,100,,2233,32,,,0,100,,2234,32,,,0,100,,2235,32,,,0,100,,2236,32,,,0,100,,2238,32,,,0
1501,'4833',1915,,1978,2,0,7,0,124,,1980,2,0,7,0
1501,'5323',1915,,1982,2,0,7,0,124,,1984,2,0,7,0
1501,'5325',1915,,1987,2,0,7,0,124,,1988,2,0,7,0
1501,'5326',1915,,1990,2,0,7,0,124,,1992,2,0,7,0
1501,'5328',1915,,1995,2,0,7,0,124,,1996,2,0,7,0
7001,'5323',1823,,2116,32,,,0
7001,'5326',1823,,2120,32,,,0
