100,'4833',617,,1157,3,,,0,100,,1158,3,,,0,200,,1160,3,,,0,100,,1161,3,,,0,100,,1162,3,,,0,100,,1163,3,,,0,100,,1164,3,,,0,100,,1165,3,,,0,100,,1166,3,,,0,100,,1167,3,,,0,100,,1168,3,,,0,100,,1169,3,0,5 6,0
100,'5323',617,,1170,3,,,0,100,,1171,3,,,0,200,,1173,3,,,0,100,,1174,3,,,0,100,,1175,3,,,0,100,,1176,3,,,0,100,,1177,3,,,0,100,,1178,3,,,0,100,,1179,3,,,0,100,,1180,3,,,0,100,,1181,3,,,0,100,,1182,3,0,5 6,0
100,'5325',917,,1185,3,,,0,100,,1190,3,,,0,100,,1193,3,,,0,100,,1186,3,,,0,100,,1184,3,,,0,100,,1188,3,,,0,100,,1189,3,,,0,100,,1187,3,,,0,100,,1192,3,,,0,100,,1191,3,0,5 6,0
100,'5326',617,,1194,3,,,0,100,,1195,3,,,0,200,,1197,3,,,0,100,,1198,3,,,0,100,,1199,3,,,0,100,,1200,3,,,0,100,,1201,3,,,0,100,,1202,3,,,0,100,,1203,3,,,0,100,,1204,3,,,0,100,,1205,3,,,0,100,,1206,3,0,5 6,0
100,'5328',917,,1210,3,,,0,100,,1214,3,,,0,100,,1217,3,,,0,100,,1209,3,,,0,100,,1208,3,,,0,100,,1212,3,,,0,100,,1213,3,,,0,100,,1211,3,,,0,100,,1216,3,,,0,100,,1215,3,0,5 6,0
501,'4833',706,,1768,19,,,0,30,,1778,19,,,0,70,,1769,21,,,0,30,,1790,21,,,0,70,,1771,21,,,0,30,,1779,21,,,0,70,,1772,21,,,0,30,,1780,21,,,0,70,,1773,21,,,0,30,,1781,21,,,0,70,,1770,21,,,0,30,,1782,21,,,0,70,,1775,21,,,0,30,,1783,21,,,0,70,,1774,21,,,0,30,,1784,21,,,0,70,,1776,21,,,0,30,,1791,21,,,0,70,,1777,21,,,0,30,,1789,21,,,0,70,,1785,21,,,0,30,,1786,21,,,0,70,,1787,21,,,0,30,,1788,21,,,0
501,'5322',1236,,1792,21,,,0,100,,1793,21,,,0,100,,1794,21,,,0,100,,1795,21,,,0
501,'5323',706,,1796,19,,,0,30,,1806,19,,,0,70,,1797,21,,,0,30,,1818,21,,,0,70,,1799,21,,,0,30,,1807,21,,,0,70,,1800,21,,,0,30,,1808,21,,,0,70,,1801,21,,,0,30,,1809,21,,,0,70,,1798,21,,,0,30,,1810,21,,,0,70,,1803,21,,,0,30,,1811,21,,,0,70,,1802,21,,,0,30,,1812,21,,,0,70,,1804,21,,,0,30,,1819,21,,,0,70,,1805,21,,,0,30,,1817,21,,,0,70,,1813,21,,,0,30,,1814,21,,,0,70,,1815,21,,,0,30,,1816,21,,,0
501,'5325',906,,1825,19,,,0,30,,1836,19,,,0,70,,1827,21,,,0,30,,1837,21,,,0,70,,1828,21,,,0,30,,1833,21,,,0,70,,1824,21,,,0,30,,1834,21,,,0,70,,1829,21,,,0,30,,1835,21,,,0,70,,1820,21,,,0,30,,1838,21,,,0,70,,1821,21,,,0,30,,1839,21,,,0,70,,1822,21,,,0,30,,1830,21,,,0,70,,1823,21,,,0,30,,1831,21,,,0,70,,1826,21,,,0,30,,1832,21,,,0
501,'5326',706,,1840,19,,,0,30,,1850,19,,,0,70,,1841,21,,,0,30,,1862,21,,,0,70,,1843,21,,,0,30,,1851,21,,,0,70,,1844,21,,,0,30,,1852,21,,,0,70,,1845,21,,,0,30,,1853,21,,,0,70,,1842,21,,,0,30,,1854,21,,,0,70,,1847,21,,,0,30,,1855,21,,,0,70,,1846,21,,,0,30,,1856,21,,,0,70,,1848,21,,,0,30,,1863,21,,,0,70,,1849,21,,,0,30,,1861,21,,,0,70,,1857,21,,,0,30,,1858,21,,,0,70,,1859,21,,,0,30,,1860,21,,,0,70,,1866,21,,,0,100,,1867,21,,,0,100,,1868,21,,,0,100,,1869,21,,,0,100,,1864,21,,,0
501,'5328',906,,1875,19,,,0,30,,1886,19,,,0,70,,1877,21,,,0,30,,1887,21,,,0,70,,1878,21,,,0,30,,1883,21,,,0,70,,1874,21,,,0,30,,1884,21,,,0,70,,1879,21,,,0,30,,1885,21,,,0,70,,1870,21,,,0,30,,1888,21,,,0,70,,1871,21,,,0,30,,1889,21,,,0,70,,1872,21,,,0,30,,1880,21,,,0,70,,1873,21,,,0,30,,1881,21,,,0,70,,1876,21,,,0,30,,1882,21,,,0,70,,1892,21,,,0,100,,1893,21,,,0,100,,1894,21,,,0,100,,1895,21,,,0,100,,1891,21,,,0
