300,'4833',648,,1396,1,,,0,100,,1397,1,0,11 12,0,100,,1398,1,,,0,100,,1399,1,,,0,100,,1401,1,,,0,100,,1400,1,,,0,100,,1402,1,,,0,100,,1403,1,,,0,100,,1404,1,,,0,100,,1405,1,,,0,100,,1406,1,,,0,100,,1407,1,,,0
300,'5323',648,,1409,1,,,0,100,,1410,1,0,11 12,0,100,,1411,1,,,0,100,,1412,1,,,0,100,,1414,1,,,0,100,,1413,1,,,0,100,,1415,1,,,0,100,,1416,1,,,0,100,,1417,1,,,0,100,,1418,1,,,0,100,,1419,1,,,0,100,,1420,1,,,0
300,'5325',848,,1424,1,,,0,100,,1425,1,,,0,100,,1422,1,,,0,100,,1426,1,,,0,100,,1427,1,,,0,100,,1428,1,,,0,100,,1429,1,,,0,100,,1430,1,,,0,100,,1431,1,,,0,100,,1432,1,,,0
300,'5326',648,,1433,1,,,0,100,,1434,1,0,11 12,0,100,,1435,1,,,0,100,,1436,1,,,0,100,,1438,1,,,0,100,,1437,1,,,0,100,,1439,1,,,0,100,,1440,1,,,0,100,,1441,1,,,0,100,,1442,1,,,0,100,,1443,1,,,0,100,,1444,1,,,0
300,'5328',848,,1448,1,,,0,100,,1449,1,,,0,100,,1446,1,,,0,100,,1450,1,,,0,100,,1451,1,,,0,100,,1452,1,,,0,100,,1453,1,,,0,100,,1454,1,,,0,100,,1455,1,,,0,100,,1456,1,,,0
301,'4833',648,,1457,27,4,,0,100,,1458,37,4,,0,100,,1459,30,4,,0,100,,1460,37,4,,0,100,,1461,37,4,,0,100,,1462,37,4,,0,100,,1463,37,4,,0,100,,1464,37,4,,0,100,,1465,37,4,,0,100,,1466,37,4,,0,100,,1467,37,4,,0,100,,1468,37,4,,0
301,'5323',648,,1470,27,4,,0,100,,1471,37,4,,0,100,,1472,30,4,,0,100,,1473,37,4,,0,100,,1474,37,4,,0,100,,1475,37,4,,0,100,,1476,37,4,,0,100,,1477,37,4,,0,100,,1478,37,4,,0,100,,1479,37,4,,0,100,,1480,37,4,,0,100,,1481,37,4,,0
301,'5325',848,,1485,30,4,,0,100,,1483,37,4,,0,100,,1486,37,4,,0,100,,1484,37,4,,0,100,,1487,37,4,,0,100,,1488,37,4,,0,100,,1489,37,4,,0,100,,1490,37,4,,0,100,,1491,37,4,,0,100,,1493,37,4,,0
301,'5326',648,,1494,27,4,,0,100,,1495,37,4,,0,100,,1496,30,4,,0,100,,1497,37,4,,0,100,,1498,37,4,,0,100,,1499,37,4,,0,100,,1500,37,4,,0,100,,1501,37,4,,0,100,,1502,37,4,,0,100,,1503,37,4,,0,100,,1504,37,4,,0,100,,1505,37,4,,0
301,'5328',848,,1509,30,4,,0,100,,1507,37,4,,0,100,,1510,37,4,,0,100,,1508,37,4,,0,100,,1511,37,4,,0,100,,1512,37,4,,0,100,,1513,37,4,,0,100,,1514,37,4,,0,100,,1515,37,4,,0,100,,1517,37,4,,0
1600,'5322',949,,2001,1,,,0,100,,2000,1,,,0,100,,1999,1,,,0,100,,2002,1,,,0,100,,2003,1,,,0,100,,2004,1,,,0,100,,2005,1,,,0,100,,2006,1,,,0,100,,2008,1,,,0,100,,2007,1,0,14 15,0
1601,'5322',949,,2009,34,4,,0,100,,2011,34,4,,0,100,,2010,34,4,,0,100,,2012,34,4,,0,100,,2014,34,4,,0,100,,2013,34,4,,0,100,,2016,34,4,,0,100,,2015,34,4,,0,100,,2018,34,4,,0,100,,2017,34,4,,0
