201,'4833',727,,1335,34,,,0,100,,1336,34,,,0,100,,1337,34,,,0,100,,1338,34,,,0,100,,1339,34,,,0,100,,1340,34,,,0,100,,1341,34,,,0,100,,1342,34,,,0,100,,1343,34,,,0,100,,1344,34,,,0,100,,1345,34,,,0,100,,2121,16,,,0
201,'5323',727,,1348,34,,,0,100,,1349,34,,,0,100,,1350,34,,,0,100,,1351,34,,,0,100,,1352,34,,,0,100,,1353,34,,,0,100,,1354,34,,,0,100,,1355,34,,,0,100,,1356,34,,,0,100,,1357,34,,,0,100,,1358,34,,,0,100,,2122,16,,,0
201,'5325',827,,1361,34,,,0,100,,1362,34,,,0,100,,1363,34,,,0,100,,1364,34,,,0,100,,1365,34,,,0,100,,1366,34,,,0,100,,1367,34,,,0,100,,1368,34,,,0,100,,1369,34,,,0,100,,1370,34,,,0,100,,1371,34,,,0
201,'5326',727,,1372,34,,,0,100,,1373,34,,,0,100,,1374,34,,,0,100,,1375,34,,,0,100,,1376,34,,,0,100,,1377,34,,,0,100,,1378,34,,,0,100,,1379,34,,,0,100,,1380,34,,,0,100,,1381,34,,,0,100,,1382,34,,,0,100,,2123,16,,,0
201,'5328',827,,1385,34,,,0,100,,1386,34,,,0,100,,1388,34,,,0,100,,1387,34,,,0,100,,1389,34,,,0,100,,1390,34,,,0,100,,1391,34,,,0,100,,1392,34,,,0,100,,1393,34,,,0,100,,1394,34,,,0,100,,1395,34,,,0
401,'4833',655,,1587,14,,,0,100,,1588,27,,,0,100,,1589,27,,,0,100,,1590,27,,,0,100,,1591,27,,,0,100,,1592,27,,,0,100,,1593,27,,,0,100,,1585,27,,,0,100,,1586,27,,,0,100,,1584,27,,,0,100,,1583,27,,,0,100,,1582,27,,,0
401,'5323',655,,1600,14,,,0,100,,1601,27,,,0,100,,1602,27,,,0,100,,1603,27,,,0,100,,1604,27,,,0,100,,1605,27,,,0,100,,1606,27,,,0,100,,1598,27,,,0,100,,1599,27,,,0,100,,1597,27,,,0,100,,1596,27,,,0,100,,1595,27,,,0
401,'5325',855,,1607,27,,,0,100,,1609,27,,,0,100,,1610,27,,,0,100,,1608,27,,,0,100,,1612,27,,,0,100,,1611,27,,,0,100,,1613,27,,,0,100,,1614,27,,,0,100,,1615,27,,,0,100,,1616,27,,,0
401,'5326',655,,1624,14,,,0,100,,1625,27,,,0,100,,1626,27,,,0,100,,1627,27,,,0,100,,1628,27,,,0,100,,1629,27,,,0,100,,1630,27,,,0,100,,1622,27,,,0,100,,1623,27,,,0,100,,1621,27,,,0,100,,1620,27,,,0,100,,1619,27,,,0
401,'5328',855,,1631,27,,,0,100,,1633,27,,,0,100,,1635,27,,,0,100,,1632,27,,,0,100,,1636,27,,,0,100,,1634,27,,,0,100,,1637,27,,,0,100,,1638,27,,,0,100,,1639,27,,,0,100,,1640,27,,,0
1001,'5323',754,,1912,26,,,0,165,,1913,26,,,0,123,,1916,26,,,0,311,,1914,26,,,0,402,,1915,26,,,0
1001,'5325',919,,1917,26,,,0,434,,1919,26,,,0,402,,1918,26,,,0
1001,'5326',754,,1920,26,,,0,165,,1921,26,,,0,123,,1924,26,,,0,311,,1922,26,,,0,402,,1923,26,,,0
1001,'5328',919,,1925,26,,,0,434,,1927,26,,,0,402,,1926,26,,,0
1100,'5323',1004,,1928,16,,,0,308,,1929,16,,,0
1100,'5326',1004,,1931,16,,,0,308,,1932,16,,,0
1501,'4833',1951,,1979,16,,,0,164,,1981,16,,,0
1501,'5323',1951,,1983,16,,,0,164,,1985,16,,,0
1501,'5325',1951,,1986,16,,,0,164,,1989,16,,,0
1501,'5326',1951,,1991,16,,,0,164,,1993,16,,,0
1501,'5328',1951,,1994,16,,,0,164,,1997,16,,,0
7001,'5323',856,,2113,28,0,14 15,0,296,,2114,26,0,14 15,0,365,,2115,28,0,14 15,0,302,,2116,26,,,0
7001,'5326',856,,2117,28,0,14 15,0,296,,2118,26,0,14 15,0,365,,2119,28,0,14 15,0,302,,2120,26,,,0
