401,'4833',741,,1588,13,,,0,100,,1589,13,,,0,100,,1590,13,,,0,100,,1591,13,,,0,100,,1592,13,,,0,100,,1593,13,,,0,100,,1585,13,,,0,100,,1586,13,,,0,100,,1584,13,,,0,100,,1583,13,,,0,100,,1582,13,,,0,106,,1581,13,0,7 6,0
401,'5323',741,,1601,13,,,0,100,,1602,13,,,0,100,,1603,13,,,0,100,,1604,13,,,0,100,,1605,13,,,0,100,,1606,13,,,0,100,,1598,13,,,0,100,,1599,13,,,0,100,,1597,13,,,0,100,,1596,13,,,0,100,,1595,13,,,0,106,,1594,13,0,7 6,0
401,'5325',841,,1607,13,,,0,100,,1609,13,,,0,100,,1610,13,,,0,100,,1608,13,,,0,100,,1612,13,,,0,100,,1611,13,,,0,100,,1613,13,,,0,100,,1614,13,,,0,100,,1615,13,,,0,100,,1616,13,,,0,106,,2241,13,0,7 6,0
401,'5326',741,,1625,13,,,0,100,,1626,13,,,0,100,,1627,13,,,0,100,,1628,13,,,0,100,,1629,13,,,0,100,,1630,13,,,0,100,,1622,13,,,0,100,,1623,13,,,0,100,,1621,13,,,0,100,,1620,13,,,0,100,,1619,13,,,0,106,,1618,13,0,7 6,0
401,'5328',841,,1631,13,,,0,100,,1633,13,,,0,100,,1635,13,,,0,100,,1632,13,,,0,100,,1636,13,,,0,100,,1634,13,,,0,100,,1637,13,,,0,100,,1638,13,,,0,100,,1639,13,,,0,100,,1640,13,,,0,106,,2242,13,0,7 6,0
1000,'5323',647,,1896,11,,,0,162,,1897,11,,,0,123,,1900,11,,,0,306,,1898,11,,,0,407,,1899,11,,,0
1000,'5325',809,,1901,11,,,0,429,,1902,11,,,0,407,,1903,11,,,0
1000,'5326',647,,1904,11,,,0,162,,1905,11,,,0,123,,1908,11,,,0,306,,1906,11,,,0,407,,1907,11,,,0
1000,'5328',809,,1909,11,,,0,429,,1910,11,,,0,407,,1911,11,,,0
1101,'5323',1239,,1936,7,,,0,572,,1934,7,,,0
1101,'5326',1239,,1939,7,,,0,572,,1937,7,,,0
