200,'4833',646,,1279,21,,,0,100,,1280,21,,,0,100,,1281,21,,,0,100,,1282,21,,,0,100,,1283,21,,,0,100,,1284,21,,,0,100,,1285,21,,,0,100,,1286,21,,,0,100,,1287,21,,,0,100,,1288,21,,,0,100,,1289,21,,,0,100,,1290,21,,,0
200,'5323',646,,1291,21,,,0,100,,1292,21,,,0,100,,1293,21,,,0,100,,1294,21,,,0,100,,1295,21,,,0,100,,1296,21,,,0,100,,1297,21,,,0,100,,1298,21,,,0,100,,1299,21,,,0,100,,1300,21,,,0,100,,1301,21,,,0,100,,1302,21,,,0
200,'5325',846,,1303,21,,,0,100,,1304,21,,,0,100,,1305,21,,,0,100,,1306,21,,,0,100,,1307,21,,,0,100,,1308,21,,,0,100,,1309,21,,,0,100,,1310,21,,,0,100,,1311,21,,,0,100,,1312,21,,,0
200,'5326',646,,1313,21,,,0,100,,1314,21,,,0,100,,1315,21,,,0,100,,1316,21,,,0,100,,1317,21,,,0,100,,1318,21,,,0,100,,1319,21,,,0,100,,1320,21,,,0,100,,1321,21,,,0,100,,1322,21,,,0,100,,1323,21,,,0,100,,1324,21,,,0
200,'5328',846,,1325,21,,,0,100,,1326,21,,,0,100,,1327,21,,,0,100,,1328,21,,,0,100,,1329,21,,,0,100,,1330,21,,,0,100,,1331,21,,,0,100,,1332,21,,,0,100,,1333,21,,,0,100,,1334,21,,,0
501,'4833',650,,1768,4,,,0,70,,1778,4,,,0,30,,1769,6,,,0,70,,1790,6,,,0,30,,1771,6,,,0,70,,1779,6,,,0,30,,1772,6,,,0,70,,1780,6,,,0,30,,1773,6,,,0,70,,1781,6,,,0,30,,1770,6,,,0,70,,1782,6,,,0,30,,1775,6,,,0,70,,1783,6,,,0,30,,1774,6,,,0,70,,1784,6,,,0,30,,1776,6,,,0,70,,1791,6,,,0,30,,1777,6,,,0,70,,1789,6,,,0,30,,1785,6,,,0,70,,1786,6,,,0,30,,1787,6,,,0,70,,1788,6,,,0
501,'5322',1220,,1792,6,,,0,100,,1793,6,,,0,100,,1794,6,,,0,100,,1795,6,,,0
501,'5323',650,,1796,4,,,0,70,,1806,4,,,0,30,,1797,6,,,0,70,,1818,6,,,0,30,,1799,6,,,0,70,,1807,6,,,0,30,,1800,6,,,0,70,,1808,6,,,0,30,,1801,6,,,0,70,,1809,6,,,0,30,,1798,6,,,0,70,,1810,6,,,0,30,,1803,6,,,0,70,,1811,6,,,0,30,,1802,6,,,0,70,,1812,6,,,0,30,,1804,6,,,0,70,,1819,6,,,0,30,,1805,6,,,0,70,,1817,6,,,0,30,,1813,6,,,0,70,,1814,6,,,0,30,,1815,6,,,0,70,,1816,6,,,0
501,'5325',850,,1825,4,,,0,70,,1836,4,,,0,30,,1827,6,,,0,70,,1837,6,,,0,30,,1828,6,,,0,70,,1833,6,,,0,30,,1824,6,,,0,70,,1834,6,,,0,30,,1829,6,,,0,70,,1835,6,,,0,30,,1820,6,,,0,70,,1838,6,,,0,30,,1821,6,,,0,70,,1839,6,,,0,30,,1822,6,,,0,70,,1830,6,,,0,30,,1823,6,,,0,70,,1831,6,,,0,30,,1826,6,,,0,70,,1832,6,,,0
501,'5326',650,,1840,4,,,0,70,,1850,4,,,0,30,,1841,6,,,0,70,,1862,6,,,0,30,,1843,6,,,0,70,,1851,6,,,0,30,,1844,6,,,0,70,,1852,6,,,0,30,,1845,6,,,0,70,,1853,6,,,0,30,,1842,6,,,0,70,,1854,6,,,0,30,,1847,6,,,0,70,,1855,6,,,0,30,,1846,6,,,0,70,,1856,6,,,0,30,,1848,6,,,0,70,,1863,6,,,0,30,,1849,6,,,0,70,,1861,6,,,0,30,,1857,6,,,0,70,,1858,6,,,0,30,,1859,6,,,0,70,,1860,6,,,0,30,,1866,6,,,0,100,,1867,6,,,0,100,,1868,6,,,0,100,,1869,6,,,0,100,,1864,6,,,0,100,,1865,6,0,21,0
501,'5328',850,,1875,4,,,0,70,,1886,4,,,0,30,,1877,6,,,0,70,,1887,6,,,0,30,,1878,6,,,0,70,,1883,6,,,0,30,,1874,6,,,0,70,,1884,6,,,0,30,,1879,6,,,0,70,,1885,6,,,0,30,,1870,6,,,0,70,,1888,6,,,0,30,,1871,6,,,0,70,,1889,6,,,0,30,,1872,6,,,0,70,,1880,6,,,0,30,,1873,6,,,0,70,,1881,6,,,0,30,,1876,6,,,0,70,,1882,6,,,0,30,,1892,6,,,0,100,,1893,6,,,0,100,,1894,6,,,0,100,,1895,6,,,0,100,,1891,6,,,0,100,,1890,6,0,21,0
1001,'5323',749,,1912,20,,,0,165,,1913,20,,,0,123,,1916,20,,,0,311,,1914,20,,,0,402,,1915,20,,,0
1001,'5325',914,,1917,20,,,0,434,,1919,20,,,0,402,,1918,20,,,0
1001,'5326',749,,1920,20,,,0,165,,1921,20,,,0,123,,1924,20,,,0,311,,1922,20,,,0,402,,1923,20,,,0
1001,'5328',914,,1925,20,,,0,434,,1927,20,,,0,402,,1926,20,,,0
1601,'5322',931,,2009,14,,,0,100,,2011,14,,,0,100,,2010,14,,,0,100,,2012,14,,,0,100,,2014,14,,,0,100,,2013,14,,,0,100,,2016,14,,,0,100,,2015,14,,,0,100,,2018,14,,,0,100,,2017,14,,,0
