500,'4833',732,,1642,16,,,0,70,,1664,16,,,0,30,,1644,16,,,0,70,,1662,16,,,0,30,,1645,16,,,0,70,,1652,16,,,0,30,,1646,16,,,0,70,,1653,16,,,0,30,,1643,16,,,0,70,,1654,16,,,0,30,,1648,16,,,0,70,,1655,16,,,0,30,,1647,16,,,0,70,,1656,16,,,0,30,,1649,16,,,0,70,,1659,16,,,0,30,,1650,16,,,0,70,,1665,16,,,0,30,,1651,16,,,0,70,,1663,16,,,0,30,,1657,16,,,0,70,,1658,16,,,0,30,,1660,16,,,0
500,'5322',1302,,1666,16,,,0,100,,1667,16,,,0,100,,1668,16,,,0,100,,1669,16,,,0
500,'5323',732,,1670,16,,,0,70,,1692,16,,,0,30,,1672,16,,,0,70,,1690,16,,,0,30,,1673,16,,,0,70,,1680,16,,,0,30,,1674,16,,,0,70,,1681,16,,,0,30,,1671,16,,,0,70,,1682,16,,,0,30,,1676,16,,,0,70,,1683,16,,,0,30,,1675,16,,,0,70,,1684,16,,,0,30,,1677,16,,,0,70,,1687,16,,,0,30,,1678,16,,,0,70,,1693,16,,,0,30,,1679,16,,,0,70,,1691,16,,,0,30,,1685,16,,,0,70,,1686,16,,,0,30,,1688,16,,,0
500,'5325',932,,1694,16,,,0,70,,1710,16,,,0,30,,1699,16,,,0,70,,1707,16,,,0,30,,1700,16,,,0,70,,1708,16,,,0,30,,1702,16,,,0,70,,1706,16,,,0,30,,1703,16,,,0,70,,1709,16,,,0,30,,1701,16,,,0,70,,1711,16,,,0,30,,1698,16,,,0,70,,1705,16,,,0,30,,1697,16,,,0,70,,1704,16,,,0,30,,1695,16,,,0,70,,1712,16,,,0,30,,1696,16,,,0
500,'5326',732,,1714,16,,,0,70,,1736,16,,,0,30,,1716,16,,,0,70,,1734,16,,,0,30,,1717,16,,,0,70,,1724,16,,,0,30,,1718,16,,,0,70,,1725,16,,,0,30,,1715,16,,,0,70,,1726,16,,,0,30,,1720,16,,,0,70,,1727,16,,,0,30,,1719,16,,,0,70,,1728,16,,,0,30,,1721,16,,,0,70,,1731,16,,,0,30,,1722,16,,,0,70,,1737,16,,,0,30,,1723,16,,,0,70,,1735,16,,,0,30,,1729,16,,,0,70,,1730,16,,,0,30,,1732,16,,,0,100,,1738,16,,,0,100,,1739,16,,,0,100,,1740,16,,,0,100,,1741,16,,,0,100,,1742,16,,,0
500,'5328',932,,1743,16,,,0,70,,1759,16,,,0,30,,1748,16,,,0,70,,1756,16,,,0,30,,1749,16,,,0,70,,1757,16,,,0,30,,1751,16,,,0,70,,1755,16,,,0,30,,1752,16,,,0,70,,1758,16,,,0,30,,1750,16,,,0,70,,1760,16,,,0,30,,1747,16,,,0,70,,1754,16,,,0,30,,1746,16,,,0,70,,1753,16,,,0,30,,1744,16,,,0,70,,1761,16,,,0,30,,1745,16,,,0,100,,1763,16,,,0,100,,1764,16,,,0,100,,1765,16,,,0,100,,1766,16,,,0,100,,1767,16,,,0
1501,'4833',1927,,1978,18,0,7,0,124,,1980,18,0,7,0
1501,'5323',1927,,1982,18,0,7,0,124,,1984,18,0,7,0
1501,'5325',1927,,1987,18,0,7,0,124,,1988,18,0,7,0
1501,'5326',1927,,1990,18,0,7,0,124,,1992,18,0,7,0
1501,'5328',1927,,1995,18,0,7,0,124,,1996,18,0,7,0
1600,'5322',902,,1998,5,,,0,100,,2001,11,,,0,100,,2000,11,,,0,100,,1999,11,,,0,100,,2002,11,,,0,100,,2003,11,,,0,100,,2004,11,,,0,100,,2005,11,,,0,100,,2006,11,,,0,100,,2008,11,,,0
