201,'4833',704,,1335,14,,,0,100,,1336,14,,,0,100,,1337,14,,,0,100,,1338,14,,,0,100,,1339,14,,,0,100,,1340,14,,,0,100,,1341,14,,,0,100,,1342,14,,,0,100,,1343,14,,,0,100,,1344,14,,,0,100,,1345,14,,,0,100,,1346,14,0,7 6,0
201,'5323',704,,1348,14,,,0,100,,1349,14,,,0,100,,1350,14,,,0,100,,1351,14,,,0,100,,1352,14,,,0,100,,1353,14,,,0,100,,1354,14,,,0,100,,1355,14,,,0,100,,1356,14,,,0,100,,1357,14,,,0,100,,1358,14,,,0,100,,1359,14,0,7 6,0
201,'5325',804,,1361,14,,,0,100,,1362,14,,,0,100,,1363,14,,,0,100,,1364,14,,,0,100,,1365,14,,,0,100,,1366,14,,,0,100,,1367,14,,,0,100,,1368,14,,,0,100,,1369,14,,,0,100,,1370,14,,,0,100,,1371,14,,,0
201,'5326',704,,1372,14,,,0,100,,1373,14,,,0,100,,1374,14,,,0,100,,1375,14,,,0,100,,1376,14,,,0,100,,1377,14,,,0,100,,1378,14,,,0,100,,1379,14,,,0,100,,1380,14,,,0,100,,1381,14,,,0,100,,1382,14,,,0,100,,1383,14,0,7 6,0
201,'5328',804,,1385,14,,,0,100,,1386,14,,,0,100,,1388,14,,,0,100,,1387,14,,,0,100,,1389,14,,,0,100,,1390,14,,,0,100,,1391,14,,,0,100,,1392,14,,,0,100,,1393,14,,,0,100,,1394,14,,,0,100,,1395,14,,,0
300,'4833',819,,1397,37,0,11 12,0
300,'5323',819,,1410,37,0,11 12,0
300,'5325',819,,1423,31,0,11 12,0
300,'5326',819,,1434,37,0,11 12,0
300,'5328',819,,1447,31,0,11 12,0
500,'4833',739,,1642,23,,,0,70,,1664,23,,,0,30,,1644,23,,,0,70,,1662,23,,,0,30,,1645,23,,,0,70,,1652,23,,,0,30,,1646,23,,,0,70,,1653,23,,,0,30,,1643,23,,,0,70,,1654,23,,,0,30,,1648,23,,,0,70,,1655,23,,,0,30,,1647,23,,,0,70,,1656,23,,,0,30,,1649,23,,,0,70,,1659,23,,,0,30,,1650,23,,,0,70,,1665,23,,,0,30,,1651,23,,,0,70,,1663,23,,,0,30,,1657,23,,,0,70,,1658,23,,,0,30,,1660,23,,,0
500,'5322',1309,,1666,23,,,0,100,,1667,23,,,0,100,,1668,23,,,0,100,,1669,23,,,0
500,'5323',739,,1670,23,,,0,70,,1692,23,,,0,30,,1672,23,,,0,70,,1690,23,,,0,30,,1673,23,,,0,70,,1680,23,,,0,30,,1674,23,,,0,70,,1681,23,,,0,30,,1671,23,,,0,70,,1682,23,,,0,30,,1676,23,,,0,70,,1683,23,,,0,30,,1675,23,,,0,70,,1684,23,,,0,30,,1677,23,,,0,70,,1687,23,,,0,30,,1678,23,,,0,70,,1693,23,,,0,30,,1679,23,,,0,70,,1691,23,,,0,30,,1685,23,,,0,70,,1686,23,,,0,30,,1688,23,,,0
500,'5325',939,,1694,23,,,0,70,,1710,23,,,0,30,,1699,23,,,0,70,,1707,23,,,0,30,,1700,23,,,0,70,,1708,23,,,0,30,,1702,23,,,0,70,,1706,23,,,0,30,,1703,23,,,0,70,,1709,23,,,0,30,,1701,23,,,0,70,,1711,23,,,0,30,,1698,23,,,0,70,,1705,23,,,0,30,,1697,23,,,0,70,,1704,23,,,0,30,,1695,23,,,0,70,,1712,23,,,0,30,,1696,23,,,0
500,'5326',739,,1714,23,,,0,70,,1736,23,,,0,30,,1716,23,,,0,70,,1734,23,,,0,30,,1717,23,,,0,70,,1724,23,,,0,30,,1718,23,,,0,70,,1725,23,,,0,30,,1715,23,,,0,70,,1726,23,,,0,30,,1720,23,,,0,70,,1727,23,,,0,30,,1719,23,,,0,70,,1728,23,,,0,30,,1721,23,,,0,70,,1731,23,,,0,30,,1722,23,,,0,70,,1737,23,,,0,30,,1723,23,,,0,70,,1735,23,,,0,30,,1729,23,,,0,70,,1730,23,,,0,30,,1732,23,,,0,100,,1738,23,,,0,100,,1739,23,,,0,100,,1740,23,,,0,100,,1741,23,,,0,100,,1742,23,,,0
500,'5328',939,,1743,23,,,0,70,,1759,23,,,0,30,,1748,23,,,0,70,,1756,23,,,0,30,,1749,23,,,0,70,,1757,23,,,0,30,,1751,23,,,0,70,,1755,23,,,0,30,,1752,23,,,0,70,,1758,23,,,0,30,,1750,23,,,0,70,,1760,23,,,0,30,,1747,23,,,0,70,,1754,23,,,0,30,,1746,23,,,0,70,,1753,23,,,0,30,,1744,23,,,0,70,,1761,23,,,0,30,,1745,23,,,0,100,,1763,23,,,0,100,,1764,23,,,0,100,,1765,23,,,0,100,,1766,23,,,0,100,,1767,23,,,0
