401,'4833',731,,1588,5,,,0,100,,1589,5,,,0,100,,1590,5,,,0,100,,1591,5,,,0,100,,1592,5,,,0,100,,1593,5,,,0,100,,1585,5,,,0,100,,1586,5,,,0,100,,1584,5,,,0,100,,1583,5,,,0,100,,1582,5,,,0,110,,1581,5,0,7 6,0
401,'5323',731,,1601,5,,,0,100,,1602,5,,,0,100,,1603,5,,,0,100,,1604,5,,,0,100,,1605,5,,,0,100,,1606,5,,,0,100,,1598,5,,,0,100,,1599,5,,,0,100,,1597,5,,,0,100,,1596,5,,,0,100,,1595,5,,,0,110,,1594,5,0,7 6,0
401,'5325',831,,1607,5,,,0,100,,1609,5,,,0,100,,1610,5,,,0,100,,1608,5,,,0,100,,1612,5,,,0,100,,1611,5,,,0,100,,1613,5,,,0,100,,1614,5,,,0,100,,1615,5,,,0,100,,1616,5,,,0,110,,1617,5,0,7 6,0
401,'5326',731,,1625,5,,,0,100,,1626,5,,,0,100,,1627,5,,,0,100,,1628,5,,,0,100,,1629,5,,,0,100,,1630,5,,,0,100,,1622,5,,,0,100,,1623,5,,,0,100,,1621,5,,,0,100,,1620,5,,,0,100,,1619,5,,,0,110,,1618,5,0,7 6,0
401,'5328',831,,1631,5,,,0,100,,1633,5,,,0,100,,1635,5,,,0,100,,1632,5,,,0,100,,1636,5,,,0,100,,1634,5,,,0,100,,1637,5,,,0,100,,1638,5,,,0,100,,1639,5,,,0,100,,1640,5,,,0,110,,1641,5,0,7 6,0
1500,'4833',1900,,1940,19,0,14 15,0,124,,1942,19,0,13,0,123,,1945,19,0,13,0,85,,1947,19,0,13,0
1500,'5323',1900,,1948,19,0,14 15,0,124,,1950,19,0,13,0,123,,1953,19,0,13,0,85,,1955,19,0,13,0
1500,'5325',1900,,1956,19,0,13,0,124,,1958,19,0,13,0,123,,1961,19,0,13,0,85,,1962,19,0,13,0
1500,'5326',1900,,1963,19,0,14 15,0,124,,1965,19,0,13,0,123,,1968,19,0,13,0,85,,1970,19,0,13,0
1500,'5328',1900,,1971,19,0,13,0,124,,1973,19,0,13,0,123,,1976,19,0,13,0,85,,1977,19,0,13,0
3000,'5323',810,,2050,9,,,0,310,,2049,9,,,0,185,,2053,9,,,0,295,,2051,9,,,0,131,,2052,9,,,0
3000,'5325',910,,2054,9,,,0,210,,2055,9,,,0,185,,2057,9,,,0,295,,2056,9,,,0,131,,2058,9,,,0
3000,'5326',810,,2060,9,,,0,310,,2059,9,,,0,185,,2063,9,,,0,295,,2061,9,,,0,131,,2062,9,,,0
3000,'5328',910,,2064,9,,,0,210,,2065,9,,,0,185,,2067,9,,,0,295,,2066,9,,,0,131,,2068,9,,,0
4000,'5323',829,,2090,19,4,,0,516,,2089,19,4,,0
4000,'5326',829,,2092,19,4,,0,516,,2091,19,4,,0
7001,'5323',850,,2113,23,0,14 15,0,296,,2114,21,0,14 15,0,365,,2115,23,0,14 15,0,304,,2116,21,,,0
7001,'5326',850,,2117,23,0,14 15,0,296,,2118,21,0,14 15,0,365,,2119,23,0,14 15,0,304,,2120,21,,,0
