401,'4833',649,,1587,11,,,0,100,,1588,24,,,0,100,,1589,24,,,0,100,,1590,24,,,0,100,,1591,24,,,0,100,,1592,24,,,0,100,,1593,24,,,0,100,,1585,24,,,0,100,,1586,24,,,0,100,,1584,24,,,0,100,,1583,24,,,0,100,,1582,24,,,0
401,'5323',649,,1600,11,,,0,100,,1601,24,,,0,100,,1602,24,,,0,100,,1603,24,,,0,100,,1604,24,,,0,100,,1605,24,,,0,100,,1606,24,,,0,100,,1598,24,,,0,100,,1599,24,,,0,100,,1597,24,,,0,100,,1596,24,,,0,100,,1595,24,,,0
401,'5325',849,,1607,24,,,0,100,,1609,24,,,0,100,,1610,24,,,0,100,,1608,24,,,0,100,,1612,24,,,0,100,,1611,24,,,0,100,,1613,24,,,0,100,,1614,24,,,0,100,,1615,24,,,0,100,,1616,24,,,0
401,'5326',649,,1624,11,,,0,100,,1625,24,,,0,100,,1626,24,,,0,100,,1627,24,,,0,100,,1628,24,,,0,100,,1629,24,,,0,100,,1630,24,,,0,100,,1622,24,,,0,100,,1623,24,,,0,100,,1621,24,,,0,100,,1620,24,,,0,100,,1619,24,,,0
401,'5328',849,,1631,24,,,0,100,,1633,24,,,0,100,,1635,24,,,0,100,,1632,24,,,0,100,,1636,24,,,0,100,,1634,24,,,0,100,,1637,24,,,0,100,,1638,24,,,0,100,,1639,24,,,0,100,,1640,24,,,0
3001,'5323',750,,2069,16,,,0,350,,2070,14,,,0,145,,2073,14,,,0,295,,2071,16,,,0,170,,2072,14,,,0
3001,'5325',850,,2074,16,,,0,250,,2075,14,,,0,145,,2076,14,,,0,295,,2077,16,,,0,170,,2078,14,,,0
3001,'5326',750,,2079,16,,,0,350,,2080,14,,,0,145,,2083,14,,,0,295,,2081,16,,,0,170,,2082,14,,,0
3001,'5328',850,,2084,16,,,0,250,,2085,14,,,0,145,,2086,14,,,0,295,,2087,16,,,0,170,,2088,14,,,0
4001,'5323',950,,2093,9,,,0,604,,2094,9,,,0
4001,'5326',950,,2095,9,,,0,604,,2096,9,,,0
