301,'4833',645,,1457,20,,,0,100,,1458,30,,,0,100,,1459,23,,,0,100,,1460,30,,,0,100,,1461,30,,,0,100,,1462,30,,,0,100,,1463,30,,,0,100,,1464,30,,,0,100,,1465,30,,,0,100,,1466,30,,,0,100,,1467,30,,,0,100,,1468,30,,,0
301,'5323',645,,1470,20,,,0,100,,1471,30,,,0,100,,1472,23,,,0,100,,1473,30,,,0,100,,1474,30,,,0,100,,1475,30,,,0,100,,1476,30,,,0,100,,1477,30,,,0,100,,1478,30,,,0,100,,1479,30,,,0,100,,1480,30,,,0,100,,1481,30,,,0
301,'5325',845,,1485,23,,,0,100,,1483,30,,,0,100,,1486,30,,,0,100,,1484,30,,,0,100,,1487,30,,,0,100,,1488,30,,,0,100,,1489,30,,,0,100,,1490,30,,,0,100,,1491,30,,,0,100,,1493,30,,,0
301,'5326',645,,1494,20,,,0,100,,1495,30,,,0,100,,1496,23,,,0,100,,1497,30,,,0,100,,1498,30,,,0,100,,1499,30,,,0,100,,1500,30,,,0,100,,1501,30,,,0,100,,1502,30,,,0,100,,1503,30,,,0,100,,1504,30,,,0,100,,1505,30,,,0
301,'5328',845,,1509,23,,,0,100,,1507,30,,,0,100,,1510,30,,,0,100,,1508,30,,,0,100,,1511,30,,,0,100,,1512,30,,,0,100,,1513,30,,,0,100,,1514,30,,,0,100,,1515,30,,,0,100,,1517,30,,,0
501,'4833',704,,1768,16,,,0,30,,1778,16,,,0,70,,1769,18,,,0,30,,1790,18,,,0,70,,1771,18,,,0,30,,1779,18,,,0,70,,1772,18,,,0,30,,1780,18,,,0,70,,1773,18,,,0,30,,1781,18,,,0,70,,1770,18,,,0,30,,1782,18,,,0,70,,1775,18,,,0,30,,1783,18,,,0,70,,1774,18,,,0,30,,1784,18,,,0,70,,1776,18,,,0,30,,1791,18,,,0,70,,1777,18,,,0,30,,1789,18,,,0,70,,1785,18,,,0,30,,1786,18,,,0,70,,1787,18,,,0,30,,1788,18,,,0
501,'5322',1234,,1792,18,,,0,100,,1793,18,,,0,100,,1794,18,,,0,100,,1795,18,,,0
501,'5323',704,,1796,16,,,0,30,,1806,16,,,0,70,,1797,18,,,0,30,,1818,18,,,0,70,,1799,18,,,0,30,,1807,18,,,0,70,,1800,18,,,0,30,,1808,18,,,0,70,,1801,18,,,0,30,,1809,18,,,0,70,,1798,18,,,0,30,,1810,18,,,0,70,,1803,18,,,0,30,,1811,18,,,0,70,,1802,18,,,0,30,,1812,18,,,0,70,,1804,18,,,0,30,,1819,18,,,0,70,,1805,18,,,0,30,,1817,18,,,0,70,,1813,18,,,0,30,,1814,18,,,0,70,,1815,18,,,0,30,,1816,18,,,0
501,'5325',904,,1825,16,,,0,30,,1836,16,,,0,70,,1827,18,,,0,30,,1837,18,,,0,70,,1828,18,,,0,30,,1833,18,,,0,70,,1824,18,,,0,30,,1834,18,,,0,70,,1829,18,,,0,30,,1835,18,,,0,70,,1820,18,,,0,30,,1838,18,,,0,70,,1821,18,,,0,30,,1839,18,,,0,70,,1822,18,,,0,30,,1830,18,,,0,70,,1823,18,,,0,30,,1831,18,,,0,70,,1826,18,,,0,30,,1832,18,,,0
501,'5326',704,,1840,16,,,0,30,,1850,16,,,0,70,,1841,18,,,0,30,,1862,18,,,0,70,,1843,18,,,0,30,,1851,18,,,0,70,,1844,18,,,0,30,,1852,18,,,0,70,,1845,18,,,0,30,,1853,18,,,0,70,,1842,18,,,0,30,,1854,18,,,0,70,,1847,18,,,0,30,,1855,18,,,0,70,,1846,18,,,0,30,,1856,18,,,0,70,,1848,18,,,0,30,,1863,18,,,0,70,,1849,18,,,0,30,,1861,18,,,0,70,,1857,18,,,0,30,,1858,18,,,0,70,,1859,18,,,0,30,,1860,18,,,0,70,,1866,18,,,0,100,,1867,18,,,0,100,,1868,18,,,0,100,,1869,18,,,0,100,,1864,18,,,0
501,'5328',904,,1875,16,,,0,30,,1886,16,,,0,70,,1877,18,,,0,30,,1887,18,,,0,70,,1878,18,,,0,30,,1883,18,,,0,70,,1874,18,,,0,30,,1884,18,,,0,70,,1879,18,,,0,30,,1885,18,,,0,70,,1870,18,,,0,30,,1888,18,,,0,70,,1871,18,,,0,30,,1889,18,,,0,70,,1872,18,,,0,30,,1880,18,,,0,70,,1873,18,,,0,30,,1881,18,,,0,70,,1876,18,,,0,30,,1882,18,,,0,70,,1892,18,,,0,100,,1893,18,,,0,100,,1894,18,,,0,100,,1895,18,,,0,100,,1891,18,,,0
