301,'4833',643,,2181,17,,,0,100,,2182,27,,,0,100,,2183,20,,,0,100,,2184,27,,,0,100,,2185,27,,,0,100,,2186,27,,,0,100,,2187,27,,,0,100,,2188,27,,,0,100,,2189,27,,,0,100,,2190,27,,,0,100,,2191,27,,,0,100,,2192,27,,,0
301,'5323',643,,2193,17,,,0,100,,2194,27,,,0,100,,2195,20,,,0,100,,2196,27,,,0,100,,2197,27,,,0,100,,2198,27,,,0,100,,2199,27,,,0,100,,2200,27,,,0,100,,2201,27,,,0,100,,2202,27,,,0,100,,2203,27,,,0,100,,2204,27,,,0
301,'5325',843,,2207,20,,,0,100,,2205,27,,,0,100,,2208,27,,,0,100,,2206,27,,,0,100,,2209,27,,,0,100,,2210,27,,,0,100,,2211,27,,,0,100,,2212,27,,,0,100,,2213,27,,,0,100,,2215,27,,,0
301,'5326',643,,2216,17,,,0,100,,2217,27,,,0,100,,2218,20,,,0,100,,2219,27,,,0,100,,2220,27,,,0,100,,2221,27,,,0,100,,2222,27,,,0,100,,2223,27,,,0,100,,2224,27,,,0,100,,2225,27,,,0,100,,2226,27,,,0,100,,2227,27,,,0
301,'5328',843,,2230,20,,,0,100,,2228,27,,,0,100,,2231,27,,,0,100,,2229,27,,,0,100,,2232,27,,,0,100,,2233,27,,,0,100,,2234,27,,,0,100,,2235,27,,,0,100,,2236,27,,,0,100,,2238,27,,,0
501,'4833',701,,1768,13,,,0,30,,1778,13,,,0,70,,1769,15,,,0,30,,1790,15,,,0,70,,1771,15,,,0,30,,1779,15,,,0,70,,1772,15,,,0,30,,1780,15,,,0,70,,1773,15,,,0,30,,1781,15,,,0,70,,1770,15,,,0,30,,1782,15,,,0,70,,1775,15,,,0,30,,1783,15,,,0,70,,1774,15,,,0,30,,1784,15,,,0,70,,1776,15,,,0,30,,1791,15,,,0,70,,1777,15,,,0,30,,1789,15,,,0,70,,1785,15,,,0,30,,1786,15,,,0,70,,1787,15,,,0,30,,1788,15,,,0
501,'5322',1231,,1792,15,,,0,100,,1793,15,,,0,100,,1794,15,,,0,100,,1795,15,,,0
501,'5323',701,,1796,13,,,0,30,,1806,13,,,0,70,,1797,15,,,0,30,,1818,15,,,0,70,,1799,15,,,0,30,,1807,15,,,0,70,,1800,15,,,0,30,,1808,15,,,0,70,,1801,15,,,0,30,,1809,15,,,0,70,,1798,15,,,0,30,,1810,15,,,0,70,,1803,15,,,0,30,,1811,15,,,0,70,,1802,15,,,0,30,,1812,15,,,0,70,,1804,15,,,0,30,,1819,15,,,0,70,,1805,15,,,0,30,,1817,15,,,0,70,,1813,15,,,0,30,,1814,15,,,0,70,,1815,15,,,0,30,,1816,15,,,0
501,'5325',901,,1825,13,,,0,30,,1836,13,,,0,70,,1827,15,,,0,30,,1837,15,,,0,70,,1828,15,,,0,30,,1833,15,,,0,70,,1824,15,,,0,30,,1834,15,,,0,70,,1829,15,,,0,30,,1835,15,,,0,70,,1820,15,,,0,30,,1838,15,,,0,70,,1821,15,,,0,30,,1839,15,,,0,70,,1822,15,,,0,30,,1830,15,,,0,70,,1823,15,,,0,30,,1831,15,,,0,70,,1826,15,,,0,30,,1832,15,,,0
501,'5326',701,,1840,13,,,0,30,,1850,13,,,0,70,,1841,15,,,0,30,,1862,15,,,0,70,,1843,15,,,0,30,,1851,15,,,0,70,,1844,15,,,0,30,,1852,15,,,0,70,,1845,15,,,0,30,,1853,15,,,0,70,,1842,15,,,0,30,,1854,15,,,0,70,,1847,15,,,0,30,,1855,15,,,0,70,,1846,15,,,0,30,,1856,15,,,0,70,,1848,15,,,0,30,,1863,15,,,0,70,,1849,15,,,0,30,,1861,15,,,0,70,,1857,15,,,0,30,,1858,15,,,0,70,,1859,15,,,0,30,,1860,15,,,0,70,,1866,15,,,0,100,,1867,15,,,0,100,,1868,15,,,0,100,,1869,15,,,0,100,,1864,15,,,0
501,'5328',901,,1875,13,,,0,30,,1886,13,,,0,70,,1877,15,,,0,30,,1887,15,,,0,70,,1878,15,,,0,30,,1883,15,,,0,70,,1874,15,,,0,30,,1884,15,,,0,70,,1879,15,,,0,30,,1885,15,,,0,70,,1870,15,,,0,30,,1888,15,,,0,70,,1871,15,,,0,30,,1889,15,,,0,70,,1872,15,,,0,30,,1880,15,,,0,70,,1873,15,,,0,30,,1881,15,,,0,70,,1876,15,,,0,30,,1882,15,,,0,70,,1892,15,,,0,100,,1893,15,,,0,100,,1894,15,,,0,100,,1895,15,,,0,100,,1891,15,,,0
1500,'4833',1906,,1941,2,0,13,0,124,,1942,28,0,13,0,123,,1945,28,0,13,0,85,,1947,28,0,13,0
1500,'5323',1906,,1949,2,0,13,0,124,,1950,28,0,13,0,123,,1953,28,0,13,0,85,,1955,28,0,13,0
1500,'5325',1906,,1956,28,0,13,0,124,,1958,28,0,13,0,123,,1961,28,0,13,0,85,,1962,28,0,13,0
1500,'5326',1906,,1964,2,0,13,0,124,,1965,28,0,13,0,123,,1968,28,0,13,0,85,,1970,28,0,13,0
1500,'5328',1906,,1971,28,0,13,0,124,,1973,28,0,13,0,123,,1976,28,0,13,0,85,,1977,28,0,13,0
1601,'5322',943,,2009,23,,,0,100,,2011,23,,,0,100,,2010,23,,,0,100,,2012,23,,,0,100,,2014,23,,,0,100,,2013,23,,,0,100,,2016,23,,,0,100,,2015,23,,,0,100,,2018,23,,,0,100,,2017,23,,,0
2001,'5323',642,,2029,2,0,16 17,0,164,,2030,2,0,16 17,0,295,,2031,2,0,8 9,0,435,,2033,2,0,8 9,0,170,,2032,2,0,8 9,0
2001,'5326',642,,2034,2,0,16 17,0,164,,2035,2,0,16 17,0,295,,2036,2,0,8 9,0,435,,2038,2,0,8 9,0,170,,2037,2,0,8 9,0
