201,'4833',719,,1335,27,,,0,100,,1336,27,,,0,100,,1337,27,,,0,100,,1338,27,,,0,100,,1339,27,,,0,100,,1340,27,,,0,100,,1341,27,,,0,100,,1342,27,,,0,100,,1343,27,,,0,100,,1344,27,,,0,100,,1345,27,,,0,100,,2121,9,,,0
201,'5323',719,,1348,27,,,0,100,,1349,27,,,0,100,,1350,27,,,0,100,,1351,27,,,0,100,,1352,27,,,0,100,,1353,27,,,0,100,,1354,27,,,0,100,,1355,27,,,0,100,,1356,27,,,0,100,,1357,27,,,0,100,,1358,27,,,0,100,,2122,9,,,0
201,'5325',819,,1361,27,,,0,100,,1362,27,,,0,100,,1363,27,,,0,100,,1364,27,,,0,100,,1365,27,,,0,100,,1366,27,,,0,100,,1367,27,,,0,100,,1368,27,,,0,100,,1369,27,,,0,100,,1370,27,,,0,100,,1371,27,,,0
201,'5326',719,,1372,27,,,0,100,,1373,27,,,0,100,,1374,27,,,0,100,,1375,27,,,0,100,,1376,27,,,0,100,,1377,27,,,0,100,,1378,27,,,0,100,,1379,27,,,0,100,,1380,27,,,0,100,,1381,27,,,0,100,,1382,27,,,0,100,,2123,9,,,0
201,'5328',819,,1385,27,,,0,100,,1386,27,,,0,100,,1388,27,,,0,100,,1387,27,,,0,100,,1389,27,,,0,100,,1390,27,,,0,100,,1391,27,,,0,100,,1392,27,,,0,100,,1393,27,,,0,100,,1394,27,,,0,100,,1395,27,,,0
1501,'4833',1946,,1979,9,,,0,164,,1981,9,,,0
1501,'5323',1946,,1983,9,,,0,164,,1985,9,,,0
1501,'5325',1946,,1986,9,,,0,164,,1989,9,,,0
1501,'5326',1946,,1991,9,,,0,164,,1993,9,,,0
1501,'5328',1946,,1994,9,,,0,164,,1997,9,,,0
