401,'4833',732,,1588,7,,,0,100,,1589,7,,,0,100,,1590,7,,,0,100,,1591,7,,,0,100,,1592,7,,,0,100,,1593,7,,,0,100,,1585,7,,,0,100,,1586,7,,,0,100,,1584,7,,,0,100,,1583,7,,,0,100,,1582,7,,,0,110,,1581,7,0,7 6,0
401,'5323',732,,1601,7,,,0,100,,1602,7,,,0,100,,1603,7,,,0,100,,1604,7,,,0,100,,1605,7,,,0,100,,1606,7,,,0,100,,1598,7,,,0,100,,1599,7,,,0,100,,1597,7,,,0,100,,1596,7,,,0,100,,1595,7,,,0,110,,1594,7,0,7 6,0
401,'5325',832,,1607,7,,,0,100,,1609,7,,,0,100,,1610,7,,,0,100,,1608,7,,,0,100,,1612,7,,,0,100,,1611,7,,,0,100,,1613,7,,,0,100,,1614,7,,,0,100,,1615,7,,,0,100,,1616,7,,,0,110,,1617,7,0,7 6,0
401,'5326',732,,1625,7,,,0,100,,1626,7,,,0,100,,1627,7,,,0,100,,1628,7,,,0,100,,1629,7,,,0,100,,1630,7,,,0,100,,1622,7,,,0,100,,1623,7,,,0,100,,1621,7,,,0,100,,1620,7,,,0,100,,1619,7,,,0,110,,1618,7,0,7 6,0
401,'5328',832,,1631,7,,,0,100,,1633,7,,,0,100,,1635,7,,,0,100,,1632,7,,,0,100,,1636,7,,,0,100,,1634,7,,,0,100,,1637,7,,,0,100,,1638,7,,,0,100,,1639,7,,,0,100,,1640,7,,,0,110,,1641,7,0,7 6,0
1500,'4833',1901,,1940,21,0,14 15,0,124,,1942,21,0,13,0,123,,1945,21,0,13,0,85,,1947,21,0,13,0
1500,'5323',1901,,1948,21,0,14 15,0,124,,1950,21,0,13,0,123,,1953,21,0,13,0,85,,1955,21,0,13,0
1500,'5325',1901,,1956,21,0,13,0,124,,1958,21,0,13,0,123,,1961,21,0,13,0,85,,1962,21,0,13,0
1500,'5326',1901,,1963,21,0,14 15,0,124,,1965,21,0,13,0,123,,1968,21,0,13,0,85,,1970,21,0,13,0
1500,'5328',1901,,1971,21,0,13,0,124,,1973,21,0,13,0,123,,1976,21,0,13,0,85,,1977,21,0,13,0
3000,'5323',811,,2050,11,,,0,310,,2049,11,,,0,185,,2053,11,,,0,295,,2051,11,,,0,131,,2052,11,,,0
3000,'5325',911,,2054,11,,,0,210,,2055,11,,,0,185,,2057,11,,,0,295,,2056,11,,,0,131,,2058,11,,,0
3000,'5326',811,,2060,11,,,0,310,,2059,11,,,0,185,,2063,11,,,0,295,,2061,11,,,0,131,,2062,11,,,0
3000,'5328',911,,2064,11,,,0,210,,2065,11,,,0,185,,2067,11,,,0,295,,2066,11,,,0,131,,2068,11,,,0
4000,'5323',830,,2090,21,4,,0,516,,2089,21,4,,0
4000,'5326',830,,2092,21,4,,0,516,,2091,21,4,,0
7001,'5323',852,,2113,25,0,14 15,0,296,,2114,23,0,14 15,0,365,,2115,25,0,14 15,0,303,,2116,23,,,0
7001,'5326',852,,2117,25,0,14 15,0,296,,2118,23,0,14 15,0,365,,2119,25,0,14 15,0,303,,2120,23,,,0
