301,'4833',644,,1457,19,,,0,100,,1458,29,,,0,100,,1459,22,,,0,100,,1460,29,,,0,100,,1461,29,,,0,100,,1462,29,,,0,100,,1463,29,,,0,100,,1464,29,,,0,100,,1465,29,,,0,100,,1466,29,,,0,100,,1467,29,,,0,100,,1468,29,,,0
301,'5323',644,,1470,19,,,0,100,,1471,29,,,0,100,,1472,22,,,0,100,,1473,29,,,0,100,,1474,29,,,0,100,,1475,29,,,0,100,,1476,29,,,0,100,,1477,29,,,0,100,,1478,29,,,0,100,,1479,29,,,0,100,,1480,29,,,0,100,,1481,29,,,0
301,'5325',844,,1485,22,,,0,100,,1483,29,,,0,100,,1486,29,,,0,100,,1484,29,,,0,100,,1487,29,,,0,100,,1488,29,,,0,100,,1489,29,,,0,100,,1490,29,,,0,100,,1491,29,,,0,100,,1493,29,,,0
301,'5326',644,,1494,19,,,0,100,,1495,29,,,0,100,,1496,22,,,0,100,,1497,29,,,0,100,,1498,29,,,0,100,,1499,29,,,0,100,,1500,29,,,0,100,,1501,29,,,0,100,,1502,29,,,0,100,,1503,29,,,0,100,,1504,29,,,0,100,,1505,29,,,0
301,'5328',844,,1509,22,,,0,100,,1507,29,,,0,100,,1510,29,,,0,100,,1508,29,,,0,100,,1511,29,,,0,100,,1512,29,,,0,100,,1513,29,,,0,100,,1514,29,,,0,100,,1515,29,,,0,100,,1517,29,,,0
501,'4833',703,,1768,15,,,0,30,,1778,15,,,0,70,,1769,17,,,0,30,,1790,17,,,0,70,,1771,17,,,0,30,,1779,17,,,0,70,,1772,17,,,0,30,,1780,17,,,0,70,,1773,17,,,0,30,,1781,17,,,0,70,,1770,17,,,0,30,,1782,17,,,0,70,,1775,17,,,0,30,,1783,17,,,0,70,,1774,17,,,0,30,,1784,17,,,0,70,,1776,17,,,0,30,,1791,17,,,0,70,,1777,17,,,0,30,,1789,17,,,0,70,,1785,17,,,0,30,,1786,17,,,0,70,,1787,17,,,0,30,,1788,17,,,0
501,'5322',1233,,1792,17,,,0,100,,1793,17,,,0,100,,1794,17,,,0,100,,1795,17,,,0
501,'5323',703,,1796,15,,,0,30,,1806,15,,,0,70,,1797,17,,,0,30,,1818,17,,,0,70,,1799,17,,,0,30,,1807,17,,,0,70,,1800,17,,,0,30,,1808,17,,,0,70,,1801,17,,,0,30,,1809,17,,,0,70,,1798,17,,,0,30,,1810,17,,,0,70,,1803,17,,,0,30,,1811,17,,,0,70,,1802,17,,,0,30,,1812,17,,,0,70,,1804,17,,,0,30,,1819,17,,,0,70,,1805,17,,,0,30,,1817,17,,,0,70,,1813,17,,,0,30,,1814,17,,,0,70,,1815,17,,,0,30,,1816,17,,,0
501,'5325',903,,1825,15,,,0,30,,1836,15,,,0,70,,1827,17,,,0,30,,1837,17,,,0,70,,1828,17,,,0,30,,1833,17,,,0,70,,1824,17,,,0,30,,1834,17,,,0,70,,1829,17,,,0,30,,1835,17,,,0,70,,1820,17,,,0,30,,1838,17,,,0,70,,1821,17,,,0,30,,1839,17,,,0,70,,1822,17,,,0,30,,1830,17,,,0,70,,1823,17,,,0,30,,1831,17,,,0,70,,1826,17,,,0,30,,1832,17,,,0
501,'5326',703,,1840,15,,,0,30,,1850,15,,,0,70,,1841,17,,,0,30,,1862,17,,,0,70,,1843,17,,,0,30,,1851,17,,,0,70,,1844,17,,,0,30,,1852,17,,,0,70,,1845,17,,,0,30,,1853,17,,,0,70,,1842,17,,,0,30,,1854,17,,,0,70,,1847,17,,,0,30,,1855,17,,,0,70,,1846,17,,,0,30,,1856,17,,,0,70,,1848,17,,,0,30,,1863,17,,,0,70,,1849,17,,,0,30,,1861,17,,,0,70,,1857,17,,,0,30,,1858,17,,,0,70,,1859,17,,,0,30,,1860,17,,,0,70,,1866,17,,,0,100,,1867,17,,,0,100,,1868,17,,,0,100,,1869,17,,,0,100,,1864,17,,,0
501,'5328',903,,1875,15,,,0,30,,1886,15,,,0,70,,1877,17,,,0,30,,1887,17,,,0,70,,1878,17,,,0,30,,1883,17,,,0,70,,1874,17,,,0,30,,1884,17,,,0,70,,1879,17,,,0,30,,1885,17,,,0,70,,1870,17,,,0,30,,1888,17,,,0,70,,1871,17,,,0,30,,1889,17,,,0,70,,1872,17,,,0,30,,1880,17,,,0,70,,1873,17,,,0,30,,1881,17,,,0,70,,1876,17,,,0,30,,1882,17,,,0,70,,1892,17,,,0,100,,1893,17,,,0,100,,1894,17,,,0,100,,1895,17,,,0,100,,1891,17,,,0
