400,'4833',720,,1518,27,,,0,100,,1523,27,,,0,100,,1525,27,,,0,100,,1526,27,,,0,100,,1527,27,,,0,100,,1528,27,,,0,100,,1529,27,,,0,100,,1530,27,,,0,100,,1524,27,,,0,100,,1521,27,,,0,100,,1522,27,,,0,110,,1519,12,,,0
400,'5323',720,,1531,27,,,0,100,,1536,27,,,0,100,,1538,27,,,0,100,,1539,27,,,0,100,,1540,27,,,0,100,,1541,27,,,0,100,,1542,27,,,0,100,,1543,27,,,0,100,,1537,27,,,0,100,,1534,27,,,0,100,,1535,27,,,0,110,,1532,12,,,0
400,'5325',820,,1547,27,,,0,100,,1550,27,,,0,100,,1544,27,,,0,100,,1545,27,,,0,100,,1548,27,,,0,100,,1549,27,,,0,100,,1546,27,,,0,100,,1551,27,,,0,100,,1552,27,,,0,100,,1553,27,,,0,110,,1555,12,,,0
400,'5326',720,,1556,27,,,0,100,,1561,27,,,0,100,,1563,27,,,0,100,,1564,27,,,0,100,,1565,27,,,0,100,,1566,27,,,0,100,,1567,27,,,0,100,,1568,27,,,0,100,,1562,27,,,0,100,,1559,27,,,0,100,,1560,27,,,0,110,,1557,12,,,0
400,'5328',820,,1572,27,,,0,100,,1575,27,,,0,100,,1569,27,,,0,100,,1570,27,,,0,100,,1573,27,,,0,100,,1574,27,,,0,100,,1571,27,,,0,100,,1576,27,,,0,100,,1577,27,,,0,100,,1578,27,,,0,110,,1580,12,,,0
1501,'4833',1929,,1978,22,0,7,0,124,,1980,22,0,7,0
1501,'5323',1929,,1982,22,0,7,0,124,,1984,22,0,7,0
1501,'5325',1929,,1987,22,0,7,0,124,,1988,22,0,7,0
1501,'5326',1929,,1990,22,0,7,0,124,,1992,22,0,7,0
1501,'5328',1929,,1995,22,0,7,0,124,,1996,22,0,7,0
1600,'5322',905,,1998,9,,,0,100,,2001,15,,,0,100,,2000,15,,,0,100,,1999,15,,,0,100,,2002,15,,,0,100,,2003,15,,,0,100,,2004,15,,,0,100,,2005,15,,,0,100,,2006,15,,,0,100,,2008,15,,,0
