401,'4833',649,,1587,10,,,0,100,,1588,23,,,0,100,,1589,23,,,0,100,,1590,23,,,0,100,,1591,23,,,0,100,,1592,23,,,0,100,,1593,23,,,0,100,,1585,23,,,0,100,,1586,23,,,0,100,,1584,23,,,0,100,,1583,23,,,0,100,,1582,23,,,0
401,'5323',649,,1600,10,,,0,100,,1601,23,,,0,100,,1602,23,,,0,100,,1603,23,,,0,100,,1604,23,,,0,100,,1605,23,,,0,100,,1606,23,,,0,100,,1598,23,,,0,100,,1599,23,,,0,100,,1597,23,,,0,100,,1596,23,,,0,100,,1595,23,,,0
401,'5325',849,,1607,23,,,0,100,,1609,23,,,0,100,,1610,23,,,0,100,,1608,23,,,0,100,,1612,23,,,0,100,,1611,23,,,0,100,,1613,23,,,0,100,,1614,23,,,0,100,,1615,23,,,0,100,,1616,23,,,0
401,'5326',649,,1624,10,,,0,100,,1625,23,,,0,100,,1626,23,,,0,100,,1627,23,,,0,100,,1628,23,,,0,100,,1629,23,,,0,100,,1630,23,,,0,100,,1622,23,,,0,100,,1623,23,,,0,100,,1621,23,,,0,100,,1620,23,,,0,100,,1619,23,,,0
401,'5328',849,,1631,23,,,0,100,,1633,23,,,0,100,,1635,23,,,0,100,,1632,23,,,0,100,,1636,23,,,0,100,,1634,23,,,0,100,,1637,23,,,0,100,,1638,23,,,0,100,,1639,23,,,0,100,,1640,23,,,0
3001,'5323',749,,2069,15,,,0,310,,2070,13,,,0,185,,2073,13,,,0,295,,2071,15,,,0,170,,2072,13,,,0
3001,'5325',849,,2074,15,,,0,210,,2075,13,,,0,185,,2076,13,,,0,295,,2077,15,,,0,170,,2078,13,,,0
3001,'5326',749,,2079,15,,,0,310,,2080,13,,,0,185,,2083,13,,,0,295,,2081,15,,,0,170,,2082,13,,,0
3001,'5328',849,,2084,15,,,0,210,,2085,13,,,0,185,,2086,13,,,0,295,,2087,15,,,0,170,,2088,13,,,0
4001,'5323',949,,2093,8,,,0,604,,2094,8,,,0
4001,'5326',949,,2095,8,,,0,604,,2096,8,,,0
