101,'4833',654,,1219,7,,,0,100,,1220,7,,,0,100,,1221,7,,,0,100,,1222,7,,,0,100,,1224,7,,,0,100,,1223,7,,,0,100,,1226,7,,,0,100,,1225,7,,,0,100,,1227,7,,,0,100,,1228,7,,,0,100,,1229,7,,,0,100,,1230,7,,,0
101,'5323',654,,1232,7,,,0,100,,1233,7,,,0,100,,1234,7,,,0,100,,1235,7,,,0,100,,1237,7,,,0,100,,1236,7,,,0,100,,1239,7,,,0,100,,1238,7,,,0,100,,1240,7,,,0,100,,1241,7,,,0,100,,1242,7,,,0,100,,1243,7,,,0
101,'5325',854,,1248,7,,,0,100,,1250,7,,,0,100,,1244,7,,,0,100,,1246,7,,,0,100,,1249,7,,,0,100,,1247,7,,,0,100,,1251,7,,,0,100,,1245,7,,,0,100,,1252,7,,,0,100,,1253,7,,,0
101,'5326',654,,1256,7,,,0,100,,1257,7,,,0,100,,1258,7,,,0,100,,1259,7,,,0,100,,1261,7,,,0,100,,1260,7,,,0,100,,1263,7,,,0,100,,1262,7,,,0,100,,1264,7,,,0,100,,1265,7,,,0,100,,1266,7,,,0,100,,1267,7,,,0
101,'5328',854,,1272,7,,,0,100,,1274,7,,,0,100,,1268,7,,,0,100,,1270,7,,,0,100,,1273,7,,,0,100,,1271,7,,,0,100,,1275,7,,,0,100,,1269,7,,,0,100,,1276,7,,,0,100,,1277,7,,,0
400,'4833',713,,1518,15,,,0,100,,1523,15,,,0,100,,1525,15,,,0,100,,1526,15,,,0,100,,1527,15,,,0,100,,1528,15,,,0,100,,1529,15,,,0,100,,1530,15,,,0,100,,1524,15,,,0,100,,1521,15,,,0,100,,1522,15,,,0,100,,1520,15,0,7 6,0
400,'5323',713,,1531,15,,,0,100,,1536,15,,,0,100,,1538,15,,,0,100,,1539,15,,,0,100,,1540,15,,,0,100,,1541,15,,,0,100,,1542,15,,,0,100,,1543,15,,,0,100,,1537,15,,,0,100,,1534,15,,,0,100,,1535,15,,,0,100,,1533,15,0,7 6,0
400,'5325',813,,1547,15,,,0,100,,1550,15,,,0,100,,1544,15,,,0,100,,1545,15,,,0,100,,1548,15,,,0,100,,1549,15,,,0,100,,1546,15,,,0,100,,1551,15,,,0,100,,1552,15,,,0,100,,1553,15,,,0,100,,1554,15,0,7 6,0
400,'5326',713,,1556,15,,,0,100,,1561,15,,,0,100,,1563,15,,,0,100,,1564,15,,,0,100,,1565,15,,,0,100,,1566,15,,,0,100,,1567,15,,,0,100,,1568,15,,,0,100,,1562,15,,,0,100,,1559,15,,,0,100,,1560,15,,,0,100,,1558,15,0,7 6,0
400,'5328',813,,1572,15,,,0,100,,1575,15,,,0,100,,1569,15,,,0,100,,1570,15,,,0,100,,1573,15,,,0,100,,1574,15,,,0,100,,1571,15,,,0,100,,1576,15,,,0,100,,1577,15,,,0,100,,1578,15,,,0,100,,1579,15,0,7 6,0
1001,'5323',746,,1912,15,,,0,164,,1913,15,,,0,123,,1916,15,,,0,311,,1914,15,,,0,403,,1915,15,,,0
1001,'5325',910,,1917,15,,,0,434,,1919,15,,,0,403,,1918,15,,,0
1001,'5326',746,,1920,15,,,0,164,,1921,15,,,0,123,,1924,15,,,0,311,,1922,15,,,0,403,,1923,15,,,0
1001,'5328',910,,1925,15,,,0,434,,1927,15,,,0,403,,1926,15,,,0
