100,'4833',635,,1157,20,,,0,100,,1158,20,,,0,100,,1159,13,,,0,100,,1160,20,,,0,100,,1161,20,,,0,100,,1162,20,,,0,100,,1163,20,,,0,100,,1164,20,,,0,100,,1165,20,,,0,100,,1166,20,,,0,100,,1167,20,,,0,100,,1168,20,,,0
100,'5323',635,,1170,20,,,0,100,,1171,20,,,0,100,,1172,13,,,0,100,,1173,20,,,0,100,,1174,20,,,0,100,,1175,20,,,0,100,,1176,20,,,0,100,,1177,20,,,0,100,,1178,20,,,0,100,,1179,20,,,0,100,,1180,20,,,0,100,,1181,20,,,0
100,'5325',835,,1183,13,,,0,100,,1185,20,,,0,100,,1190,20,,,0,100,,1193,20,,,0,100,,1186,20,,,0,100,,1184,20,,,0,100,,1188,20,,,0,100,,1189,20,,,0,100,,1187,20,,,0,100,,1192,20,,,0
100,'5326',635,,1194,20,,,0,100,,1195,20,,,0,100,,1196,13,,,0,100,,1197,20,,,0,100,,1198,20,,,0,100,,1199,20,,,0,100,,1200,20,,,0,100,,1201,20,,,0,100,,1202,20,,,0,100,,1203,20,,,0,100,,1204,20,,,0,100,,1205,20,,,0
100,'5328',835,,1207,13,,,0,100,,1210,20,,,0,100,,1214,20,,,0,100,,1217,20,,,0,100,,1209,20,,,0,100,,1208,20,,,0,100,,1212,20,,,0,100,,1213,20,,,0,100,,1211,20,,,0,100,,1216,20,,,0
300,'4833',704,,2124,15,,,0,110,,2125,29,0,11 12,0,90,,2126,15,,,0,100,,2127,15,,,0,100,,2129,15,,,0,100,,2128,15,,,0,100,,2130,15,,,0,100,,2131,15,,,0,100,,2132,15,,,0,100,,2133,15,,,0,100,,2134,15,,,0,100,,2135,15,,,0
300,'5323',704,,2136,15,,,0,110,,2137,29,0,11 12,0,90,,2138,15,,,0,100,,2139,15,,,0,100,,2141,15,,,0,100,,2140,15,,,0,100,,2142,15,,,0,100,,2143,15,,,0,100,,2144,15,,,0,100,,2145,15,,,0,100,,2146,15,,,0,100,,2147,15,,,0
300,'5325',814,,2149,23,0,11 12,0,90,,2150,15,,,0,100,,2151,15,,,0,100,,2148,15,,,0,100,,2152,15,,,0,100,,2153,15,,,0,100,,2154,15,,,0,100,,2155,15,,,0,100,,2156,15,,,0,100,,2157,15,,,0,100,,2158,15,,,0
300,'5326',704,,2159,15,,,0,110,,2160,29,0,11 12,0,90,,2161,15,,,0,100,,2162,15,,,0,100,,2164,15,,,0,100,,2163,15,,,0,100,,2165,15,,,0,100,,2166,15,,,0,100,,2167,15,,,0,100,,2168,15,,,0,100,,2169,15,,,0,100,,2170,15,,,0
300,'5328',904,,2172,15,,,0,100,,2173,15,,,0,100,,2171,15,,,0,100,,2174,15,,,0,100,,2175,15,,,0,100,,2176,15,,,0,100,,2177,15,,,0,100,,2178,15,,,0,100,,2179,15,,,0,100,,2180,15,,,0
1501,'4833',1935,,1978,31,0,7,0,124,,1980,31,0,7,0
1501,'5323',1935,,1982,31,0,7,0,124,,1984,31,0,7,0
1501,'5325',1935,,1987,31,0,7,0,124,,1988,31,0,7,0
1501,'5326',1935,,1990,31,0,7,0,124,,1992,31,0,7,0
1501,'5328',1935,,1995,31,0,7,0,124,,1996,31,0,7,0
1600,'5322',906,,1998,11,,,0,100,,2001,17,,,0,100,,2000,17,,,0,100,,1999,17,,,0,100,,2002,17,,,0,100,,2003,17,,,0,100,,2004,17,,,0,100,,2005,17,,,0,100,,2006,17,,,0,100,,2008,17,,,0
7000,'5323',607,,2105,24,,,0,305,,2106,7,,,0,324,,2107,7,,,0,300,,2108,7,,,0
7000,'5326',607,,2109,24,,,0,305,,2110,7,,,0,324,,2111,7,,,0,300,,2112,7,,,0
