200,'4332',831,,832,4,,,0,100,,833,4,,,0,100,,834,4,,,0,100,,835,4,,,0,100,,836,4,,,0,100,,837,4,,,0,100,,838,4,,,0,100,,839,4,,,0,100,,840,4,,,0,100,,841,4,,,0
200,'4480',631,,842,4,,,0,100,,843,4,,,0,100,,844,4,,,0,100,,845,4,,,0,100,,846,4,,,0,100,,847,4,,,0,100,,848,4,,,0,100,,849,4,,,0,100,,850,4,,,0,100,,851,4,,,0,100,,852,4,,,0,100,,853,4,,,0
400,'4332',801,,929,4,,,0,100,,932,4,,,0,100,,926,4,,,0,100,,927,4,,,0,100,,930,4,,,0,100,,931,4,,,0,100,,928,4,,,0,100,,933,4,,,0,100,,934,4,,,0,100,,935,4,,,0,100,,936,4,0,7 6,0
400,'4480',701,,938,4,,,0,100,,943,4,,,0,100,,944,4,,,0,100,,945,4,,,0,100,,947,4,,,0,100,,948,4,,,0,100,,949,4,,,0,100,,950,4,,,0,100,,946,4,,,0,100,,941,4,,,0,100,,942,4,,,0,100,,940,4,0,7 6,0
1000,'4332',804,,1063,4,,,0,428,,1064,4,,,0,407,,1065,4,,,0
1000,'4480',642,,1066,4,,,0,162,,1067,4,,,0,428,,1068,4,,,0,407,,1069,4,,,0
1101,'4480',1234,,1082,4,,,0,572,,1080,4,,,0
1500,'4332',2003,,1084,9,,,0,124,,1087,9,,,0,85,,1086,9,,,0
1500,'4480',2003,,1092,9,,,0,124,,1094,9,,,0,85,,1096,9,,,0
7000,'4480',604,,1149,20,,,0,305,,1150,3,,,0,324,,1151,3,,,0,300,,1152,3,,,0
