100,'4833',636,,1206,22,,,0,100,,1207,22,,,0,100,,1208,15,,,0,100,,1209,22,,,0,100,,1210,22,,,0,100,,1211,22,,,0,100,,1212,22,,,0,100,,1213,22,,,0,100,,1214,22,,,0,100,,1215,22,,,0,100,,1216,22,,,0,100,,1217,22,,,0
100,'5323',636,,1219,22,,,0,100,,1220,22,,,0,100,,1221,15,,,0,100,,1222,22,,,0,100,,1223,22,,,0,100,,1224,22,,,0,100,,1225,22,,,0,100,,1226,22,,,0,100,,1227,22,,,0,100,,1228,22,,,0,100,,1229,22,,,0,100,,1230,22,,,0
100,'5325',836,,1232,15,,,0,100,,1234,22,,,0,100,,1239,22,,,0,100,,1242,22,,,0,100,,1235,22,,,0,100,,1233,22,,,0,100,,1237,22,,,0,100,,1238,22,,,0,100,,1236,22,,,0,100,,1241,22,,,0
100,'5326',636,,1243,22,,,0,100,,1244,22,,,0,100,,1245,15,,,0,100,,1246,22,,,0,100,,1247,22,,,0,100,,1248,22,,,0,100,,1249,22,,,0,100,,1250,22,,,0,100,,1251,22,,,0,100,,1252,22,,,0,100,,1253,22,,,0,100,,1254,22,,,0
100,'5328',836,,1256,15,,,0,100,,1259,22,,,0,100,,1263,22,,,0,100,,1266,22,,,0,100,,1258,22,,,0,100,,1257,22,,,0,100,,1261,22,,,0,100,,1262,22,,,0,100,,1260,22,,,0,100,,1265,22,,,0
300,'4833',706,,1445,17,,,0,109,,1446,31,0,11 12,0,91,,1447,17,,,0,100,,1448,17,,,0,100,,1450,17,,,0,100,,1449,17,,,0,100,,1451,17,,,0,100,,1452,17,,,0,100,,1453,17,,,0,100,,1454,17,,,0,100,,1455,17,,,0,99,,1456,17,,,0
300,'5323',706,,1458,17,,,0,109,,1459,31,0,11 12,0,91,,1460,17,,,0,100,,1461,17,,,0,100,,1463,17,,,0,100,,1462,17,,,0,100,,1464,17,,,0,100,,1465,17,,,0,100,,1466,17,,,0,100,,1467,17,,,0,100,,1468,17,,,0,99,,1469,17,,,0
300,'5325',815,,1472,25,0,11 12,0,91,,1473,17,,,0,100,,1474,17,,,0,100,,1471,17,,,0,100,,1475,17,,,0,100,,1476,17,,,0,100,,1477,17,,,0,100,,1478,17,,,0,100,,1479,17,,,0,100,,1480,17,,,0,100,,1481,17,,,0
300,'5326',706,,1482,17,,,0,109,,1483,31,0,11 12,0,91,,1484,17,,,0,100,,1485,17,,,0,100,,1487,17,,,0,100,,1486,17,,,0,100,,1488,17,,,0,100,,1489,17,,,0,100,,1490,17,,,0,100,,1491,17,,,0,100,,1492,17,,,0,99,,1493,17,,,0
300,'5328',906,,1496,17,,,0,100,,1497,17,,,0,100,,1495,17,,,0,100,,1498,17,,,0,100,,1499,17,,,0,100,,1500,17,,,0,100,,1501,17,,,0,100,,1502,17,,,0,100,,1503,17,,,0,100,,1504,17,,,0
1501,'4833',1935,,2026,33,0,7,0,124,,2028,33,0,7,0
1501,'5323',1935,,2030,33,0,7,0,124,,2032,33,0,7,0
1501,'5325',1935,,2035,33,0,7,0,124,,2036,33,0,7,0
1501,'5326',1935,,2038,33,0,7,0,124,,2040,33,0,7,0
1501,'5328',1935,,2043,33,0,7,0,124,,2044,33,0,7,0
1600,'5322',907,,2046,13,,,0,100,,2049,19,,,0,100,,2048,19,,,0,100,,2047,19,,,0,100,,2050,19,,,0,100,,2051,19,,,0,100,,2052,19,,,0,100,,2053,19,,,0,100,,2054,19,,,0,100,,2056,19,,,0
7000,'5323',608,,2153,26,,,0,305,,2154,9,,,0,324,,2155,9,,,0,300,,2156,9,,,0
7000,'5326',608,,2157,26,,,0,305,,2158,9,,,0,324,,2159,9,,,0,300,,2160,9,,,0
