200,'5323',647,,1340,22,,,0,100,,1341,22,,,0,100,,1342,22,,,0,100,,1343,22,,,0,100,,1344,22,,,0,100,,1345,22,,,0,100,,1346,22,,,0,100,,1347,22,,,0,100,,1348,22,,,0,100,,1349,22,,,0,100,,1350,22,,,0,100,,1351,22,,,0
200,'5325',847,,1352,22,,,0,100,,1353,22,,,0,100,,1354,22,,,0,100,,1355,22,,,0,100,,1356,22,,,0,100,,1357,22,,,0,100,,1358,22,,,0,100,,1359,22,,,0,100,,1360,22,,,0,100,,1361,22,,,0
200,'5326',647,,1362,22,,,0,100,,1363,22,,,0,100,,1364,22,,,0,100,,1365,22,,,0,100,,1366,22,,,0,100,,1367,22,,,0,100,,1368,22,,,0,100,,1369,22,,,0,100,,1370,22,,,0,100,,1371,22,,,0,100,,1372,22,,,0,100,,1373,22,,,0
200,'5328',847,,1374,22,,,0,100,,1375,22,,,0,100,,1376,22,,,0,100,,1377,22,,,0,100,,1378,22,,,0,100,,1379,22,,,0,100,,1380,22,,,0,100,,1381,22,,,0,100,,1382,22,,,0,100,,1383,22,,,0
501,'5210',1221,,1840,7,,,0,100,,1841,7,,,0,100,,1842,7,,,0,100,,1843,7,,,0
501,'5323',651,,1844,5,,,0,70,,1854,5,,,0,30,,1845,7,,,0,70,,1866,7,,,0,30,,1847,7,,,0,70,,1855,7,,,0,30,,1848,7,,,0,70,,1856,7,,,0,30,,1849,7,,,0,70,,1857,7,,,0,30,,1846,7,,,0,70,,1858,7,,,0,30,,1851,7,,,0,70,,1859,7,,,0,30,,1850,7,,,0,70,,1860,7,,,0,30,,1852,7,,,0,70,,1867,7,,,0,30,,1853,7,,,0,70,,1865,7,,,0,30,,1861,7,,,0,70,,1862,7,,,0,30,,1863,7,,,0,70,,1864,7,,,0
501,'5325',851,,1873,5,,,0,70,,1884,5,,,0,30,,1875,7,,,0,70,,1885,7,,,0,30,,1876,7,,,0,70,,1881,7,,,0,30,,1872,7,,,0,70,,1882,7,,,0,30,,1877,7,,,0,70,,1883,7,,,0,30,,1868,7,,,0,70,,1886,7,,,0,30,,1869,7,,,0,70,,1887,7,,,0,30,,1870,7,,,0,70,,1878,7,,,0,30,,1871,7,,,0,70,,1879,7,,,0,30,,1874,7,,,0,70,,1880,7,,,0
501,'5326',651,,1888,5,,,0,70,,1898,5,,,0,30,,1889,7,,,0,70,,1910,7,,,0,30,,1891,7,,,0,70,,1899,7,,,0,30,,1892,7,,,0,70,,1900,7,,,0,30,,1893,7,,,0,70,,1901,7,,,0,30,,1890,7,,,0,70,,1902,7,,,0,30,,1895,7,,,0,70,,1903,7,,,0,30,,1894,7,,,0,70,,1904,7,,,0,30,,1896,7,,,0,70,,1911,7,,,0,30,,1897,7,,,0,70,,1909,7,,,0,30,,1905,7,,,0,70,,1906,7,,,0,30,,1907,7,,,0,70,,1908,7,,,0,30,,1914,7,,,0,100,,1915,7,,,0,100,,1916,7,,,0,100,,1917,7,,,0,100,,1912,7,,,0,100,,1913,7,0,21,0
501,'5328',851,,1923,5,,,0,70,,1934,5,,,0,30,,1925,7,,,0,70,,1935,7,,,0,30,,1926,7,,,0,70,,1931,7,,,0,30,,1922,7,,,0,70,,1932,7,,,0,30,,1927,7,,,0,70,,1933,7,,,0,30,,1918,7,,,0,70,,1936,7,,,0,30,,1919,7,,,0,70,,1937,7,,,0,30,,1920,7,,,0,70,,1928,7,,,0,30,,1921,7,,,0,70,,1929,7,,,0,30,,1924,7,,,0,70,,1930,7,,,0,30,,1940,7,,,0,100,,1941,7,,,0,100,,1942,7,,,0,100,,1943,7,,,0,100,,1939,7,,,0,100,,1938,7,0,21,0
1001,'5323',750,,1960,21,,,0,164,,1961,21,,,0,123,,1964,21,,,0,311,,1962,21,,,0,403,,1963,21,,,0
1001,'5325',914,,1965,21,,,0,434,,1967,21,,,0,403,,1966,21,,,0
1001,'5326',750,,1968,21,,,0,164,,1969,21,,,0,123,,1972,21,,,0,311,,1970,21,,,0,403,,1971,21,,,0
1001,'5328',914,,1973,21,,,0,434,,1975,21,,,0,403,,1974,21,,,0
1601,'5210',932,,2057,15,,,0,100,,2059,15,,,0,100,,2058,15,,,0,100,,2060,15,,,0,100,,2062,15,,,0,100,,2061,15,,,0,100,,2064,15,,,0,100,,2063,15,,,0,100,,2066,15,,,0,100,,2065,15,,,0
