501,'4833',708,,1816,22,,,0,30,,1826,22,,,0,70,,1817,24,,,0,30,,1838,24,,,0,70,,1819,24,,,0,30,,1827,24,,,0,70,,1820,24,,,0,30,,1828,24,,,0,70,,1821,24,,,0,30,,1829,24,,,0,70,,1818,24,,,0,30,,1830,24,,,0,70,,1823,24,,,0,30,,1831,24,,,0,70,,1822,24,,,0,30,,1832,24,,,0,70,,1824,24,,,0,30,,1839,24,,,0,70,,1825,24,,,0,30,,1837,24,,,0,70,,1833,24,,,0,30,,1834,24,,,0,70,,1835,24,,,0,30,,1836,24,,,0
501,'5322',1238,,1840,24,,,0,100,,1841,24,,,0,100,,1842,24,,,0,100,,1843,24,,,0
501,'5323',708,,1844,22,,,0,30,,1854,22,,,0,70,,1845,24,,,0,30,,1866,24,,,0,70,,1847,24,,,0,30,,1855,24,,,0,70,,1848,24,,,0,30,,1856,24,,,0,70,,1849,24,,,0,30,,1857,24,,,0,70,,1846,24,,,0,30,,1858,24,,,0,70,,1851,24,,,0,30,,1859,24,,,0,70,,1850,24,,,0,30,,1860,24,,,0,70,,1852,24,,,0,30,,1867,24,,,0,70,,1853,24,,,0,30,,1865,24,,,0,70,,1861,24,,,0,30,,1862,24,,,0,70,,1863,24,,,0,30,,1864,24,,,0
501,'5325',908,,1873,22,,,0,30,,1884,22,,,0,70,,1875,24,,,0,30,,1885,24,,,0,70,,1876,24,,,0,30,,1881,24,,,0,70,,1872,24,,,0,30,,1882,24,,,0,70,,1877,24,,,0,30,,1883,24,,,0,70,,1868,24,,,0,30,,1886,24,,,0,70,,1869,24,,,0,30,,1887,24,,,0,70,,1870,24,,,0,30,,1878,24,,,0,70,,1871,24,,,0,30,,1879,24,,,0,70,,1874,24,,,0,30,,1880,24,,,0
501,'5326',708,,1888,22,,,0,30,,1898,22,,,0,70,,1889,24,,,0,30,,1910,24,,,0,70,,1891,24,,,0,30,,1899,24,,,0,70,,1892,24,,,0,30,,1900,24,,,0,70,,1893,24,,,0,30,,1901,24,,,0,70,,1890,24,,,0,30,,1902,24,,,0,70,,1895,24,,,0,30,,1903,24,,,0,70,,1894,24,,,0,30,,1904,24,,,0,70,,1896,24,,,0,30,,1911,24,,,0,70,,1897,24,,,0,30,,1909,24,,,0,70,,1905,24,,,0,30,,1906,24,,,0,70,,1907,24,,,0,30,,1908,24,,,0,70,,1914,24,,,0,100,,1915,24,,,0,100,,1916,24,,,0,100,,1917,24,,,0,100,,1912,24,,,0
501,'5328',908,,1923,22,,,0,30,,1934,22,,,0,70,,1925,24,,,0,30,,1935,24,,,0,70,,1926,24,,,0,30,,1931,24,,,0,70,,1922,24,,,0,30,,1932,24,,,0,70,,1927,24,,,0,30,,1933,24,,,0,70,,1918,24,,,0,30,,1936,24,,,0,70,,1919,24,,,0,30,,1937,24,,,0,70,,1920,24,,,0,30,,1928,24,,,0,70,,1921,24,,,0,30,,1929,24,,,0,70,,1924,24,,,0,30,,1930,24,,,0,70,,1940,24,,,0,100,,1941,24,,,0,100,,1942,24,,,0,100,,1943,24,,,0,100,,1939,24,,,0
1500,'4833',1908,,1989,7,0,13,0,124,,1990,33,0,13,0,123,,1993,33,0,13,0,85,,1995,33,0,13,0
1500,'5323',1908,,1997,7,0,13,0,124,,1998,33,0,13,0,123,,2001,33,0,13,0,85,,2003,33,0,13,0
1500,'5325',1908,,2004,33,0,13,0,124,,2006,33,0,13,0,123,,2009,33,0,13,0,85,,2010,33,0,13,0
1500,'5326',1908,,2012,7,0,13,0,124,,2013,33,0,13,0,123,,2016,33,0,13,0,85,,2018,33,0,13,0
1500,'5328',1908,,2019,33,0,13,0,124,,2021,33,0,13,0,123,,2024,33,0,13,0,85,,2025,33,0,13,0
1601,'5322',945,,2057,28,,,0,100,,2059,28,,,0,100,,2058,28,,,0,100,,2060,28,,,0,100,,2062,28,,,0,100,,2061,28,,,0,100,,2064,28,,,0,100,,2063,28,,,0,100,,2066,28,,,0,100,,2065,28,,,0
2001,'5323',644,,2077,7,0,16 17,0,164,,2078,7,0,16 17,0,295,,2079,7,0,8 9,0,435,,2081,7,0,8 9,0,170,,2080,7,0,8 9,0
2001,'5326',644,,2082,7,0,16 17,0,164,,2083,7,0,16 17,0,295,,2084,7,0,8 9,0,435,,2086,7,0,8 9,0,170,,2085,7,0,8 9,0
7000,'5323',554,,2153,6,,,0
7000,'5326',554,,2157,6,,,0
