100,'5323',825,,1221,2,,,0
100,'5325',825,,1232,2,,,0
100,'5326',825,,1245,2,,,0
100,'5328',825,,1256,2,,,0
300,'5323',654,,1458,4,,,0,100,,1459,4,0,11 12,0,100,,1460,4,,,0,100,,1461,4,,,0,100,,1463,4,,,0,100,,1462,4,,,0,100,,1464,4,,,0,100,,1465,4,,,0,100,,1466,4,,,0,100,,1467,4,,,0,100,,1468,4,,,0,100,,1469,4,,,0
300,'5325',854,,1473,4,,,0,100,,1474,4,,,0,100,,1471,4,,,0,100,,1475,4,,,0,100,,1476,4,,,0,100,,1477,4,,,0,100,,1478,4,,,0,100,,1479,4,,,0,100,,1480,4,,,0,100,,1481,4,,,0
300,'5326',654,,1482,4,,,0,100,,1483,4,0,11 12,0,100,,1484,4,,,0,100,,1485,4,,,0,100,,1487,4,,,0,100,,1486,4,,,0,100,,1488,4,,,0,100,,1489,4,,,0,100,,1490,4,,,0,100,,1491,4,,,0,100,,1492,4,,,0,100,,1493,4,,,0
300,'5328',854,,1496,4,,,0,100,,1497,4,,,0,100,,1495,4,,,0,100,,1498,4,,,0,100,,1499,4,,,0,100,,1500,4,,,0,100,,1501,4,,,0,100,,1502,4,,,0,100,,1503,4,,,0,100,,1504,4,,,0
1500,'5323',1958,,1999,3,,,0,164,,2000,3,,,0,85,,2002,3,,,0
1500,'5325',1958,,2005,3,,,0,164,,2008,3,,,0,85,,2007,3,,,0
1500,'5326',1958,,2014,3,,,0,164,,2015,3,,,0,85,,2017,3,,,0
1500,'5328',1958,,2020,3,,,0,164,,2023,3,,,0,85,,2022,3,,,0
1600,'5210',954,,2049,4,,,0,100,,2048,4,,,0,100,,2047,4,,,0,100,,2050,4,,,0,100,,2051,4,,,0,100,,2052,4,,,0,100,,2053,4,,,0,100,,2054,4,,,0,100,,2056,4,,,0,100,,2055,4,0,14 15,0
4000,'5323',821,,2138,9,4,,0,516,,2137,9,4,,0
4000,'5326',821,,2140,9,4,,0,516,,2139,9,4,,0
7000,'5323',600,,2153,15,,,0
7000,'5326',600,,2157,15,,,0
