100,'4833',646,,1206,33,,,0,100,,1207,33,,,0,100,,1208,26,,,0,100,,1209,33,,,0,100,,1210,33,,,0,100,,1211,33,,,0,100,,1212,33,,,0,100,,1213,33,,,0,100,,1214,33,,,0,100,,1215,33,,,0,100,,1216,33,,,0,100,,1217,33,,,0
100,'5323',646,,1219,33,,,0,100,,1220,33,,,0,100,,1221,26,,,0,100,,1222,33,,,0,100,,1223,33,,,0,100,,1224,33,,,0,100,,1225,33,,,0,100,,1226,33,,,0,100,,1227,33,,,0,100,,1228,33,,,0,100,,1229,33,,,0,100,,1230,33,,,0
100,'5325',846,,1232,26,,,0,100,,1234,33,,,0,100,,1239,33,,,0,100,,1242,33,,,0,100,,1235,33,,,0,100,,1233,33,,,0,100,,1237,33,,,0,100,,1238,33,,,0,100,,1236,33,,,0,100,,1241,33,,,0
100,'5326',646,,1243,33,,,0,100,,1244,33,,,0,100,,1245,26,,,0,100,,1246,33,,,0,100,,1247,33,,,0,100,,1248,33,,,0,100,,1249,33,,,0,100,,1250,33,,,0,100,,1251,33,,,0,100,,1252,33,,,0,100,,1253,33,,,0,100,,1254,33,,,0
100,'5328',846,,1256,26,,,0,100,,1259,33,,,0,100,,1263,33,,,0,100,,1266,33,,,0,100,,1258,33,,,0,100,,1257,33,,,0,100,,1261,33,,,0,100,,1262,33,,,0,100,,1260,33,,,0,100,,1265,33,,,0
400,'4833',710,,1566,12,,,0,100,,1571,12,,,0,100,,1573,12,,,0,100,,1574,12,,,0,100,,1575,12,,,0,100,,1576,12,,,0,100,,1577,12,,,0,100,,1578,12,,,0,100,,1572,12,,,0,100,,1569,12,,,0,100,,1570,12,,,0,100,,1568,12,0,7 6,0
400,'5323',710,,1579,12,,,0,100,,1584,12,,,0,100,,1586,12,,,0,100,,1587,12,,,0,100,,1588,12,,,0,100,,1589,12,,,0,100,,1590,12,,,0,100,,1591,12,,,0,100,,1585,12,,,0,100,,1582,12,,,0,100,,1583,12,,,0,100,,1581,12,0,7 6,0
400,'5325',810,,1595,12,,,0,100,,1598,12,,,0,100,,1592,12,,,0,100,,1593,12,,,0,100,,1596,12,,,0,100,,1597,12,,,0,100,,1594,12,,,0,100,,1599,12,,,0,100,,1600,12,,,0,100,,1601,12,,,0,100,,1602,12,0,7 6,0
400,'5326',710,,1604,12,,,0,100,,1609,12,,,0,100,,1611,12,,,0,100,,1612,12,,,0,100,,1613,12,,,0,100,,1614,12,,,0,100,,1615,12,,,0,100,,1616,12,,,0,100,,1610,12,,,0,100,,1607,12,,,0,100,,1608,12,,,0,100,,1606,12,0,7 6,0
400,'5328',810,,1620,12,,,0,100,,1623,12,,,0,100,,1617,12,,,0,100,,1618,12,,,0,100,,1621,12,,,0,100,,1622,12,,,0,100,,1619,12,,,0,100,,1624,12,,,0,100,,1625,12,,,0,100,,1626,12,,,0,100,,1627,12,0,7 6,0
1600,'5322',914,,2046,24,,,0,100,,2049,30,,,0,100,,2048,30,,,0,100,,2047,30,,,0,100,,2050,30,,,0,100,,2051,30,,,0,100,,2052,30,,,0,100,,2053,30,,,0,100,,2054,30,,,0,100,,2056,30,,,0
3000,'5323',815,,2098,18,,,0,310,,2097,18,,,0,185,,2101,18,,,0,295,,2099,18,,,0,131,,2100,18,,,0
3000,'5325',915,,2102,18,,,0,210,,2103,18,,,0,185,,2105,18,,,0,295,,2104,18,,,0,131,,2106,18,,,0
3000,'5326',815,,2108,18,,,0,310,,2107,18,,,0,185,,2111,18,,,0,295,,2109,18,,,0,131,,2110,18,,,0
3000,'5328',915,,2112,18,,,0,210,,2113,18,,,0,185,,2115,18,,,0,295,,2114,18,,,0,131,,2116,18,,,0
7000,'5323',615,,2153,37,,,0,305,,2154,20,,,0,324,,2155,20,,,0,300,,2156,20,,,0
7000,'5326',615,,2157,37,,,0,305,,2158,20,,,0,324,,2159,20,,,0,300,,2160,20,,,0
