300,'5323',805,,1459,16,0,11 12,0
300,'5325',805,,1472,10,0,11 12,0
300,'5326',805,,1483,16,0,11 12,0
400,'5323',722,,1579,30,,,0,100,,1584,30,,,0,100,,1586,30,,,0,100,,1587,30,,,0,100,,1588,30,,,0,100,,1589,30,,,0,100,,1590,30,,,0,100,,1591,30,,,0,100,,1585,30,,,0,100,,1582,30,,,0,100,,1583,30,,,0,110,,1580,15,,,0
400,'5325',822,,1595,30,,,0,100,,1598,30,,,0,100,,1592,30,,,0,100,,1593,30,,,0,100,,1596,30,,,0,100,,1597,30,,,0,100,,1594,30,,,0,100,,1599,30,,,0,100,,1600,30,,,0,100,,1601,30,,,0,110,,1603,15,,,0
400,'5326',722,,1604,30,,,0,100,,1609,30,,,0,100,,1611,30,,,0,100,,1612,30,,,0,100,,1613,30,,,0,100,,1614,30,,,0,100,,1615,30,,,0,100,,1616,30,,,0,100,,1610,30,,,0,100,,1607,30,,,0,100,,1608,30,,,0,110,,1605,15,,,0
400,'5328',822,,1620,30,,,0,100,,1623,30,,,0,100,,1617,30,,,0,100,,1618,30,,,0,100,,1621,30,,,0,100,,1622,30,,,0,100,,1619,30,,,0,100,,1624,30,,,0,100,,1625,30,,,0,100,,1626,30,,,0,110,,1628,15,,,0
1500,'5323',1856,,1996,13,0,14 15,0,164,,1998,13,0,13,0,123,,2001,13,0,13,0,85,,2003,13,0,13,0
1500,'5325',1856,,2004,13,0,13,0,164,,2006,13,0,13,0,123,,2009,13,0,13,0,85,,2010,13,0,13,0
1500,'5326',1856,,2011,13,0,14 15,0,164,,2013,13,0,13,0,123,,2016,13,0,13,0,85,,2018,13,0,13,0
1500,'5328',1856,,2019,13,0,13,0,164,,2021,13,0,13,0,123,,2024,13,0,13,0,85,,2025,13,0,13,0
1501,'5323',1931,,2030,25,0,7,0,124,,2032,25,0,7,0
1501,'5325',1931,,2035,25,0,7,0,124,,2036,25,0,7,0
1501,'5326',1931,,2038,25,0,7,0,124,,2040,25,0,7,0
1501,'5328',1931,,2043,25,0,7,0,124,,2044,25,0,7,0
