100,'4833',617,,1206,3,,,0,100,,1207,3,,,0,200,,1209,3,,,0,100,,1210,3,,,0,100,,1211,3,,,0,100,,1212,3,,,0,100,,1213,3,,,0,100,,1214,3,,,0,100,,1215,3,,,0,100,,1216,3,,,0,100,,1217,3,,,0,100,,1218,3,0,5 6,0
100,'5323',617,,1219,3,,,0,100,,1220,3,,,0,200,,1222,3,,,0,100,,1223,3,,,0,100,,1224,3,,,0,100,,1225,3,,,0,100,,1226,3,,,0,100,,1227,3,,,0,100,,1228,3,,,0,100,,1229,3,,,0,100,,1230,3,,,0,100,,1231,3,0,5 6,0
100,'5325',917,,1234,3,,,0,100,,1239,3,,,0,100,,1242,3,,,0,100,,1235,3,,,0,100,,1233,3,,,0,100,,1237,3,,,0,100,,1238,3,,,0,100,,1236,3,,,0,100,,1241,3,,,0,100,,1240,3,0,5 6,0
100,'5326',617,,1243,3,,,0,100,,1244,3,,,0,200,,1246,3,,,0,100,,1247,3,,,0,100,,1248,3,,,0,100,,1249,3,,,0,100,,1250,3,,,0,100,,1251,3,,,0,100,,1252,3,,,0,100,,1253,3,,,0,100,,1254,3,,,0,100,,1255,3,0,5 6,0
100,'5328',917,,1259,3,,,0,100,,1263,3,,,0,100,,1266,3,,,0,100,,1258,3,,,0,100,,1257,3,,,0,100,,1261,3,,,0,100,,1262,3,,,0,100,,1260,3,,,0,100,,1265,3,,,0,100,,1264,3,0,5 6,0
501,'4833',706,,1816,19,,,0,30,,1826,19,,,0,70,,1817,21,,,0,30,,1838,21,,,0,70,,1819,21,,,0,30,,1827,21,,,0,70,,1820,21,,,0,30,,1828,21,,,0,70,,1821,21,,,0,30,,1829,21,,,0,70,,1818,21,,,0,30,,1830,21,,,0,70,,1823,21,,,0,30,,1831,21,,,0,70,,1822,21,,,0,30,,1832,21,,,0,70,,1824,21,,,0,30,,1839,21,,,0,70,,1825,21,,,0,30,,1837,21,,,0,70,,1833,21,,,0,30,,1834,21,,,0,70,,1835,21,,,0,30,,1836,21,,,0
501,'5322',1236,,1840,21,,,0,100,,1841,21,,,0,100,,1842,21,,,0,100,,1843,21,,,0
501,'5323',706,,1844,19,,,0,30,,1854,19,,,0,70,,1845,21,,,0,30,,1866,21,,,0,70,,1847,21,,,0,30,,1855,21,,,0,70,,1848,21,,,0,30,,1856,21,,,0,70,,1849,21,,,0,30,,1857,21,,,0,70,,1846,21,,,0,30,,1858,21,,,0,70,,1851,21,,,0,30,,1859,21,,,0,70,,1850,21,,,0,30,,1860,21,,,0,70,,1852,21,,,0,30,,1867,21,,,0,70,,1853,21,,,0,30,,1865,21,,,0,70,,1861,21,,,0,30,,1862,21,,,0,70,,1863,21,,,0,30,,1864,21,,,0
501,'5325',906,,1873,19,,,0,30,,1884,19,,,0,70,,1875,21,,,0,30,,1885,21,,,0,70,,1876,21,,,0,30,,1881,21,,,0,70,,1872,21,,,0,30,,1882,21,,,0,70,,1877,21,,,0,30,,1883,21,,,0,70,,1868,21,,,0,30,,1886,21,,,0,70,,1869,21,,,0,30,,1887,21,,,0,70,,1870,21,,,0,30,,1878,21,,,0,70,,1871,21,,,0,30,,1879,21,,,0,70,,1874,21,,,0,30,,1880,21,,,0
501,'5326',706,,1888,19,,,0,30,,1898,19,,,0,70,,1889,21,,,0,30,,1910,21,,,0,70,,1891,21,,,0,30,,1899,21,,,0,70,,1892,21,,,0,30,,1900,21,,,0,70,,1893,21,,,0,30,,1901,21,,,0,70,,1890,21,,,0,30,,1902,21,,,0,70,,1895,21,,,0,30,,1903,21,,,0,70,,1894,21,,,0,30,,1904,21,,,0,70,,1896,21,,,0,30,,1911,21,,,0,70,,1897,21,,,0,30,,1909,21,,,0,70,,1905,21,,,0,30,,1906,21,,,0,70,,1907,21,,,0,30,,1908,21,,,0,70,,1914,21,,,0,100,,1915,21,,,0,100,,1916,21,,,0,100,,1917,21,,,0,100,,1912,21,,,0
501,'5328',906,,1923,19,,,0,30,,1934,19,,,0,70,,1925,21,,,0,30,,1935,21,,,0,70,,1926,21,,,0,30,,1931,21,,,0,70,,1922,21,,,0,30,,1932,21,,,0,70,,1927,21,,,0,30,,1933,21,,,0,70,,1918,21,,,0,30,,1936,21,,,0,70,,1919,21,,,0,30,,1937,21,,,0,70,,1920,21,,,0,30,,1928,21,,,0,70,,1921,21,,,0,30,,1929,21,,,0,70,,1924,21,,,0,30,,1930,21,,,0,70,,1940,21,,,0,100,,1941,21,,,0,100,,1942,21,,,0,100,,1943,21,,,0,100,,1939,21,,,0
