100,'5323',625,,1219,11,,,0,100,,1220,11,,,0,200,,1222,11,,,0,100,,1223,11,,,0,100,,1224,11,,,0,100,,1225,11,,,0,100,,1226,11,,,0,100,,1227,11,,,0,100,,1228,11,,,0,100,,1229,11,,,0,100,,1230,11,,,0,99,,1231,11,0,5 6,0
100,'5325',925,,1234,11,,,0,100,,1239,11,,,0,100,,1242,11,,,0,100,,1235,11,,,0,100,,1233,11,,,0,100,,1237,11,,,0,100,,1238,11,,,0,100,,1236,11,,,0,100,,1241,11,,,0,99,,1240,11,0,5 6,0
100,'5326',625,,1243,11,,,0,100,,1244,11,,,0,200,,1246,11,,,0,100,,1247,11,,,0,100,,1248,11,,,0,100,,1249,11,,,0,100,,1250,11,,,0,100,,1251,11,,,0,100,,1252,11,,,0,100,,1253,11,,,0,100,,1254,11,,,0,99,,1255,11,0,5 6,0
100,'5328',925,,1259,11,,,0,100,,1263,11,,,0,100,,1266,11,,,0,100,,1258,11,,,0,100,,1257,11,,,0,100,,1261,11,,,0,100,,1262,11,,,0,100,,1260,11,,,0,100,,1265,11,,,0,99,,1264,11,0,5 6,0
101,'5323',708,,1281,23,,,0,99,,1282,23,,,0,101,,1283,23,,,0,100,,1284,23,,,0,100,,1286,23,,,0,100,,1285,23,,,0,100,,1288,23,,,0,100,,1287,23,,,0,100,,1289,23,,,0,100,,1290,23,,,0,100,,1291,23,,,0,100,,1292,23,,,0
101,'5325',908,,1297,23,,,0,100,,1299,23,,,0,100,,1293,23,,,0,100,,1295,23,,,0,100,,1298,23,,,0,100,,1296,23,,,0,100,,1300,23,,,0,100,,1294,23,,,0,100,,1301,23,,,0,100,,1302,23,,,0
101,'5326',708,,1305,23,,,0,99,,1306,23,,,0,101,,1307,23,,,0,100,,1308,23,,,0,100,,1310,23,,,0,100,,1309,23,,,0,100,,1312,23,,,0,100,,1311,23,,,0,100,,1313,23,,,0,100,,1314,23,,,0,100,,1315,23,,,0,100,,1316,23,,,0
101,'5328',908,,1321,23,,,0,100,,1323,23,,,0,100,,1317,23,,,0,100,,1319,23,,,0,100,,1322,23,,,0,100,,1320,23,,,0,100,,1324,23,,,0,100,,1318,23,,,0,100,,1325,23,,,0,100,,1326,23,,,0
301,'5323',638,,1518,15,,,0,100,,1519,25,,,0,100,,1520,18,,,0,100,,1521,25,,,0,100,,1522,25,,,0,100,,1523,25,,,0,100,,1524,25,,,0,100,,1525,25,,,0,100,,1526,25,,,0,100,,1527,25,,,0,100,,1528,25,,,0,100,,1529,25,,,0
301,'5325',838,,1533,18,,,0,100,,1531,25,,,0,100,,1534,25,,,0,100,,1532,25,,,0,100,,1535,25,,,0,100,,1536,25,,,0,100,,1537,25,,,0,100,,1538,25,,,0,100,,1539,25,,,0,100,,1541,25,,,0
301,'5326',638,,1542,15,,,0,100,,1543,25,,,0,100,,1544,18,,,0,100,,1545,25,,,0,100,,1546,25,,,0,100,,1547,25,,,0,100,,1548,25,,,0,100,,1549,25,,,0,100,,1550,25,,,0,100,,1551,25,,,0,100,,1552,25,,,0,100,,1553,25,,,0
301,'5328',838,,1557,18,,,0,100,,1555,25,,,0,100,,1558,25,,,0,100,,1556,25,,,0,100,,1559,25,,,0,100,,1560,25,,,0,100,,1561,25,,,0,100,,1562,25,,,0,100,,1563,25,,,0,100,,1565,25,,,0
7000,'5323',551,,2153,2,,,0
7000,'5326',551,,2157,2,,,0
