100,'4833',643,,1206,27,,,0,100,,1207,27,,,0,100,,1208,20,,,0,100,,1209,27,,,0,100,,1210,27,,,0,100,,1211,27,,,0,100,,1212,27,,,0,100,,1213,27,,,0,100,,1214,27,,,0,100,,1215,27,,,0,100,,1216,27,,,0,100,,1217,27,,,0
100,'5323',643,,1219,27,,,0,100,,1220,27,,,0,100,,1221,20,,,0,100,,1222,27,,,0,100,,1223,27,,,0,100,,1224,27,,,0,100,,1225,27,,,0,100,,1226,27,,,0,100,,1227,27,,,0,100,,1228,27,,,0,100,,1229,27,,,0,100,,1230,27,,,0
100,'5325',843,,1232,20,,,0,100,,1234,27,,,0,100,,1239,27,,,0,100,,1242,27,,,0,100,,1235,27,,,0,100,,1233,27,,,0,100,,1237,27,,,0,100,,1238,27,,,0,100,,1236,27,,,0,100,,1241,27,,,0
100,'5326',643,,1243,27,,,0,100,,1244,27,,,0,100,,1245,20,,,0,100,,1246,27,,,0,100,,1247,27,,,0,100,,1248,27,,,0,100,,1249,27,,,0,100,,1250,27,,,0,100,,1251,27,,,0,100,,1252,27,,,0,100,,1253,27,,,0,100,,1254,27,,,0
100,'5328',843,,1256,20,,,0,100,,1259,27,,,0,100,,1263,27,,,0,100,,1266,27,,,0,100,,1258,27,,,0,100,,1257,27,,,0,100,,1261,27,,,0,100,,1262,27,,,0,100,,1260,27,,,0,100,,1265,27,,,0
201,'4833',703,,1384,13,,,0,100,,1385,13,,,0,100,,1386,13,,,0,100,,1387,13,,,0,100,,1388,13,,,0,100,,1389,13,,,0,100,,1390,13,,,0,100,,1391,13,,,0,100,,1392,13,,,0,100,,1393,13,,,0,100,,1394,13,,,0,100,,1395,13,0,7 6,0
201,'5323',703,,1397,13,,,0,100,,1398,13,,,0,100,,1399,13,,,0,100,,1400,13,,,0,100,,1401,13,,,0,100,,1402,13,,,0,100,,1403,13,,,0,100,,1404,13,,,0,100,,1405,13,,,0,100,,1406,13,,,0,100,,1407,13,,,0,100,,1408,13,0,7 6,0
201,'5325',803,,1410,13,,,0,100,,1411,13,,,0,100,,1412,13,,,0,100,,1413,13,,,0,100,,1414,13,,,0,100,,1415,13,,,0,100,,1416,13,,,0,100,,1417,13,,,0,100,,1418,13,,,0,100,,1419,13,,,0,100,,1420,13,,,0
201,'5326',703,,1421,13,,,0,100,,1422,13,,,0,100,,1423,13,,,0,100,,1424,13,,,0,100,,1425,13,,,0,100,,1426,13,,,0,100,,1427,13,,,0,100,,1428,13,,,0,100,,1429,13,,,0,100,,1430,13,,,0,100,,1431,13,,,0,100,,1432,13,0,7 6,0
201,'5328',803,,1434,13,,,0,100,,1435,13,,,0,100,,1437,13,,,0,100,,1436,13,,,0,100,,1438,13,,,0,100,,1439,13,,,0,100,,1440,13,,,0,100,,1441,13,,,0,100,,1442,13,,,0,100,,1443,13,,,0,100,,1444,13,,,0
1501,'4833',1940,,2026,38,0,7,0,164,,2028,38,0,7,0
1501,'5323',1940,,2030,38,0,7,0,164,,2032,38,0,7,0
1501,'5325',1940,,2035,38,0,7,0,164,,2036,38,0,7,0
1501,'5326',1940,,2038,38,0,7,0,164,,2040,38,0,7,0
1501,'5328',1940,,2043,38,0,7,0,164,,2044,38,0,7,0
1600,'5322',911,,2046,18,,,0,100,,2049,24,,,0,100,,2048,24,,,0,100,,2047,24,,,0,100,,2050,24,,,0,100,,2051,24,,,0,100,,2052,24,,,0,100,,2053,24,,,0,100,,2054,24,,,0,100,,2056,24,,,0
7000,'5323',612,,2153,31,,,0,305,,2154,14,,,0,324,,2155,14,,,0,300,,2156,14,,,0
7000,'5326',612,,2157,31,,,0,305,,2158,14,,,0,324,,2159,14,,,0,300,,2160,14,,,0
