200,'5323',647,,1340,23,,,0,100,,1341,23,,,0,100,,1342,23,,,0,100,,1343,23,,,0,100,,1344,23,,,0,100,,1345,23,,,0,100,,1346,23,,,0,100,,1347,23,,,0,100,,1348,23,,,0,100,,1349,23,,,0,100,,1350,23,,,0,100,,1351,23,,,0
200,'5325',847,,1352,23,,,0,100,,1353,23,,,0,100,,1354,23,,,0,100,,1355,23,,,0,100,,1356,23,,,0,100,,1357,23,,,0,100,,1358,23,,,0,100,,1359,23,,,0,100,,1360,23,,,0,100,,1361,23,,,0
200,'5326',647,,1362,23,,,0,100,,1363,23,,,0,100,,1364,23,,,0,100,,1365,23,,,0,100,,1366,23,,,0,100,,1367,23,,,0,100,,1368,23,,,0,100,,1369,23,,,0,100,,1370,23,,,0,100,,1371,23,,,0,100,,1372,23,,,0,100,,1373,23,,,0
200,'5328',847,,1374,23,,,0,100,,1375,23,,,0,100,,1376,23,,,0,100,,1377,23,,,0,100,,1378,23,,,0,100,,1379,23,,,0,100,,1380,23,,,0,100,,1381,23,,,0,100,,1382,23,,,0,100,,1383,23,,,0
400,'5323',718,,1579,23,,,0,100,,1584,23,,,0,100,,1586,23,,,0,100,,1587,23,,,0,100,,1588,23,,,0,100,,1589,23,,,0,100,,1590,23,,,0,100,,1591,23,,,0,100,,1585,23,,,0,100,,1582,23,,,0,100,,1583,23,,,0,110,,1580,8,,,0
400,'5325',818,,1595,23,,,0,100,,1598,23,,,0,100,,1592,23,,,0,100,,1593,23,,,0,100,,1596,23,,,0,100,,1597,23,,,0,100,,1594,23,,,0,100,,1599,23,,,0,100,,1600,23,,,0,100,,1601,23,,,0,110,,1603,8,,,0
400,'5326',718,,1604,23,,,0,100,,1609,23,,,0,100,,1611,23,,,0,100,,1612,23,,,0,100,,1613,23,,,0,100,,1614,23,,,0,100,,1615,23,,,0,100,,1616,23,,,0,100,,1610,23,,,0,100,,1607,23,,,0,100,,1608,23,,,0,110,,1605,8,,,0
400,'5328',818,,1620,23,,,0,100,,1623,23,,,0,100,,1617,23,,,0,100,,1618,23,,,0,100,,1621,23,,,0,100,,1622,23,,,0,100,,1619,23,,,0,100,,1624,23,,,0,100,,1625,23,,,0,100,,1626,23,,,0,110,,1628,8,,,0
501,'5210',1221,,1840,8,,,0,100,,1841,8,,,0,100,,1842,8,,,0,100,,1843,8,,,0
501,'5323',651,,1844,6,,,0,70,,1854,6,,,0,30,,1845,8,,,0,70,,1866,8,,,0,30,,1847,8,,,0,70,,1855,8,,,0,30,,1848,8,,,0,70,,1856,8,,,0,30,,1849,8,,,0,70,,1857,8,,,0,30,,1846,8,,,0,70,,1858,8,,,0,30,,1851,8,,,0,70,,1859,8,,,0,30,,1850,8,,,0,70,,1860,8,,,0,30,,1852,8,,,0,70,,1867,8,,,0,30,,1853,8,,,0,70,,1865,8,,,0,30,,1861,8,,,0,70,,1862,8,,,0,30,,1863,8,,,0,70,,1864,8,,,0
501,'5325',851,,1873,6,,,0,70,,1884,6,,,0,30,,1875,8,,,0,70,,1885,8,,,0,30,,1876,8,,,0,70,,1881,8,,,0,30,,1872,8,,,0,70,,1882,8,,,0,30,,1877,8,,,0,70,,1883,8,,,0,30,,1868,8,,,0,70,,1886,8,,,0,30,,1869,8,,,0,70,,1887,8,,,0,30,,1870,8,,,0,70,,1878,8,,,0,30,,1871,8,,,0,70,,1879,8,,,0,30,,1874,8,,,0,70,,1880,8,,,0
501,'5326',651,,1888,6,,,0,70,,1898,6,,,0,30,,1889,8,,,0,70,,1910,8,,,0,30,,1891,8,,,0,70,,1899,8,,,0,30,,1892,8,,,0,70,,1900,8,,,0,30,,1893,8,,,0,70,,1901,8,,,0,30,,1890,8,,,0,70,,1902,8,,,0,30,,1895,8,,,0,70,,1903,8,,,0,30,,1894,8,,,0,70,,1904,8,,,0,30,,1896,8,,,0,70,,1911,8,,,0,30,,1897,8,,,0,70,,1909,8,,,0,30,,1905,8,,,0,70,,1906,8,,,0,30,,1907,8,,,0,70,,1908,8,,,0,30,,1914,8,,,0,100,,1915,8,,,0,100,,1916,8,,,0,100,,1917,8,,,0,100,,1912,8,,,0,100,,1913,8,0,21,0
501,'5328',851,,1923,6,,,0,70,,1934,6,,,0,30,,1925,8,,,0,70,,1935,8,,,0,30,,1926,8,,,0,70,,1931,8,,,0,30,,1922,8,,,0,70,,1932,8,,,0,30,,1927,8,,,0,70,,1933,8,,,0,30,,1918,8,,,0,70,,1936,8,,,0,30,,1919,8,,,0,70,,1937,8,,,0,30,,1920,8,,,0,70,,1928,8,,,0,30,,1921,8,,,0,70,,1929,8,,,0,30,,1924,8,,,0,70,,1930,8,,,0,30,,1940,8,,,0,100,,1941,8,,,0,100,,1942,8,,,0,100,,1943,8,,,0,100,,1939,8,,,0,100,,1938,8,0,21,0
1001,'5323',750,,1960,22,,,0,165,,1961,22,,,0,123,,1964,22,,,0,311,,1962,22,,,0,402,,1963,22,,,0
1001,'5325',915,,1965,22,,,0,434,,1967,22,,,0,402,,1966,22,,,0
1001,'5326',750,,1968,22,,,0,165,,1969,22,,,0,123,,1972,22,,,0,311,,1970,22,,,0,402,,1971,22,,,0
1001,'5328',915,,1973,22,,,0,434,,1975,22,,,0,402,,1974,22,,,0
1601,'5210',932,,2057,16,,,0,100,,2059,16,,,0,100,,2058,16,,,0,100,,2060,16,,,0,100,,2062,16,,,0,100,,2061,16,,,0,100,,2064,16,,,0,100,,2063,16,,,0,100,,2066,16,,,0,100,,2065,16,,,0
