301,'5323',644,,1518,18,,,0,100,,1519,28,,,0,100,,1520,21,,,0,100,,1521,28,,,0,100,,1522,28,,,0,100,,1523,28,,,0,100,,1524,28,,,0,100,,1525,28,,,0,100,,1526,28,,,0,100,,1527,28,,,0,100,,1528,28,,,0,100,,1529,28,,,0
301,'5325',844,,1533,21,,,0,100,,1531,28,,,0,100,,1534,28,,,0,100,,1532,28,,,0,100,,1535,28,,,0,100,,1536,28,,,0,100,,1537,28,,,0,100,,1538,28,,,0,100,,1539,28,,,0,100,,1541,28,,,0
301,'5326',644,,1542,18,,,0,100,,1543,28,,,0,100,,1544,21,,,0,100,,1545,28,,,0,100,,1546,28,,,0,100,,1547,28,,,0,100,,1548,28,,,0,100,,1549,28,,,0,100,,1550,28,,,0,100,,1551,28,,,0,100,,1552,28,,,0,100,,1553,28,,,0
301,'5328',844,,1557,21,,,0,100,,1555,28,,,0,100,,1558,28,,,0,100,,1556,28,,,0,100,,1559,28,,,0,100,,1560,28,,,0,100,,1561,28,,,0,100,,1562,28,,,0,100,,1563,28,,,0,100,,1565,28,,,0
501,'5210',1232,,1840,16,,,0,100,,1841,16,,,0,100,,1842,16,,,0,100,,1843,16,,,0
501,'5323',702,,1844,14,,,0,30,,1854,14,,,0,70,,1845,16,,,0,30,,1866,16,,,0,70,,1847,16,,,0,30,,1855,16,,,0,70,,1848,16,,,0,30,,1856,16,,,0,70,,1849,16,,,0,30,,1857,16,,,0,70,,1846,16,,,0,30,,1858,16,,,0,70,,1851,16,,,0,30,,1859,16,,,0,70,,1850,16,,,0,30,,1860,16,,,0,70,,1852,16,,,0,30,,1867,16,,,0,70,,1853,16,,,0,30,,1865,16,,,0,70,,1861,16,,,0,30,,1862,16,,,0,70,,1863,16,,,0,30,,1864,16,,,0
501,'5325',902,,1873,14,,,0,30,,1884,14,,,0,70,,1875,16,,,0,30,,1885,16,,,0,70,,1876,16,,,0,30,,1881,16,,,0,70,,1872,16,,,0,30,,1882,16,,,0,70,,1877,16,,,0,30,,1883,16,,,0,70,,1868,16,,,0,30,,1886,16,,,0,70,,1869,16,,,0,30,,1887,16,,,0,70,,1870,16,,,0,30,,1878,16,,,0,70,,1871,16,,,0,30,,1879,16,,,0,70,,1874,16,,,0,30,,1880,16,,,0
501,'5326',702,,1888,14,,,0,30,,1898,14,,,0,70,,1889,16,,,0,30,,1910,16,,,0,70,,1891,16,,,0,30,,1899,16,,,0,70,,1892,16,,,0,30,,1900,16,,,0,70,,1893,16,,,0,30,,1901,16,,,0,70,,1890,16,,,0,30,,1902,16,,,0,70,,1895,16,,,0,30,,1903,16,,,0,70,,1894,16,,,0,30,,1904,16,,,0,70,,1896,16,,,0,30,,1911,16,,,0,70,,1897,16,,,0,30,,1909,16,,,0,70,,1905,16,,,0,30,,1906,16,,,0,70,,1907,16,,,0,30,,1908,16,,,0,70,,1914,16,,,0,100,,1915,16,,,0,100,,1916,16,,,0,100,,1917,16,,,0,100,,1912,16,,,0
501,'5328',902,,1923,14,,,0,30,,1934,14,,,0,70,,1925,16,,,0,30,,1935,16,,,0,70,,1926,16,,,0,30,,1931,16,,,0,70,,1922,16,,,0,30,,1932,16,,,0,70,,1927,16,,,0,30,,1933,16,,,0,70,,1918,16,,,0,30,,1936,16,,,0,70,,1919,16,,,0,30,,1937,16,,,0,70,,1920,16,,,0,30,,1928,16,,,0,70,,1921,16,,,0,30,,1929,16,,,0,70,,1924,16,,,0,30,,1930,16,,,0,70,,1940,16,,,0,100,,1941,16,,,0,100,,1942,16,,,0,100,,1943,16,,,0,100,,1939,16,,,0
1500,'5323',1906,,1997,3,0,13,0,124,,1998,29,0,13,0,123,,2001,29,0,13,0,85,,2003,29,0,13,0
1500,'5325',1906,,2004,29,0,13,0,124,,2006,29,0,13,0,123,,2009,29,0,13,0,85,,2010,29,0,13,0
1500,'5326',1906,,2012,3,0,13,0,124,,2013,29,0,13,0,123,,2016,29,0,13,0,85,,2018,29,0,13,0
1500,'5328',1906,,2019,29,0,13,0,124,,2021,29,0,13,0,123,,2024,29,0,13,0,85,,2025,29,0,13,0
1601,'5210',943,,2057,24,,,0,100,,2059,24,,,0,100,,2058,24,,,0,100,,2060,24,,,0,100,,2062,24,,,0,100,,2061,24,,,0,100,,2064,24,,,0,100,,2063,24,,,0,100,,2066,24,,,0,100,,2065,24,,,0
2001,'5323',642,,2077,3,0,16 17,0,164,,2078,3,0,16 17,0,295,,2079,3,0,8 9,0,435,,2081,3,0,8 9,0,170,,2080,3,0,8 9,0
2001,'5326',642,,2082,3,0,16 17,0,164,,2083,3,0,16 17,0,295,,2084,3,0,8 9,0,435,,2086,3,0,8 9,0,170,,2085,3,0,8 9,0
