201,'5323',727,,1397,34,,,0,100,,1398,34,,,0,100,,1399,34,,,0,100,,1400,34,,,0,100,,1401,34,,,0,100,,1402,34,,,0,100,,1403,34,,,0,100,,1404,34,,,0,100,,1405,34,,,0,100,,1406,34,,,0,100,,1407,34,,,0,100,,1409,16,,,0
201,'5325',827,,1410,34,,,0,100,,1411,34,,,0,100,,1412,34,,,0,100,,1413,34,,,0,100,,1414,34,,,0,100,,1415,34,,,0,100,,1416,34,,,0,100,,1417,34,,,0,100,,1418,34,,,0,100,,1419,34,,,0,100,,1420,34,,,0
201,'5326',727,,1421,34,,,0,100,,1422,34,,,0,100,,1423,34,,,0,100,,1424,34,,,0,100,,1425,34,,,0,100,,1426,34,,,0,100,,1427,34,,,0,100,,1428,34,,,0,100,,1429,34,,,0,100,,1430,34,,,0,100,,1431,34,,,0,100,,1433,16,,,0
201,'5328',827,,1434,34,,,0,100,,1435,34,,,0,100,,1437,34,,,0,100,,1436,34,,,0,100,,1438,34,,,0,100,,1439,34,,,0,100,,1440,34,,,0,100,,1441,34,,,0,100,,1442,34,,,0,100,,1443,34,,,0,100,,1444,34,,,0
401,'5323',655,,1648,14,,,0,100,,1649,27,,,0,100,,1650,27,,,0,100,,1651,27,,,0,100,,1652,27,,,0,100,,1653,27,,,0,100,,1654,27,,,0,100,,1646,27,,,0,100,,1647,27,,,0,100,,1645,27,,,0,100,,1644,27,,,0,100,,1643,27,,,0
401,'5325',855,,1655,27,,,0,100,,1657,27,,,0,100,,1658,27,,,0,100,,1656,27,,,0,100,,1660,27,,,0,100,,1659,27,,,0,100,,1661,27,,,0,100,,1662,27,,,0,100,,1663,27,,,0,100,,1664,27,,,0
401,'5326',655,,1672,14,,,0,100,,1673,27,,,0,100,,1674,27,,,0,100,,1675,27,,,0,100,,1676,27,,,0,100,,1677,27,,,0,100,,1678,27,,,0,100,,1670,27,,,0,100,,1671,27,,,0,100,,1669,27,,,0,100,,1668,27,,,0,100,,1667,27,,,0
401,'5328',855,,1679,27,,,0,100,,1681,27,,,0,100,,1683,27,,,0,100,,1680,27,,,0,100,,1684,27,,,0,100,,1682,27,,,0,100,,1685,27,,,0,100,,1686,27,,,0,100,,1687,27,,,0,100,,1688,27,,,0
1001,'5323',754,,1960,26,,,0,165,,1961,26,,,0,123,,1964,26,,,0,311,,1962,26,,,0,402,,1963,26,,,0
1001,'5325',919,,1965,26,,,0,434,,1967,26,,,0,402,,1966,26,,,0
1001,'5326',754,,1968,26,,,0,165,,1969,26,,,0,123,,1972,26,,,0,311,,1970,26,,,0,402,,1971,26,,,0
1001,'5328',919,,1973,26,,,0,434,,1975,26,,,0,402,,1974,26,,,0
1100,'5323',1004,,1976,16,,,0,308,,1977,16,,,0
1100,'5326',1004,,1979,16,,,0,308,,1980,16,,,0
1501,'5323',1951,,2031,16,,,0,164,,2033,16,,,0
1501,'5325',1951,,2034,16,,,0,164,,2037,16,,,0
1501,'5326',1951,,2039,16,,,0,164,,2041,16,,,0
1501,'5328',1951,,2042,16,,,0,164,,2045,16,,,0
7001,'5323',856,,2161,28,0,14 15,0,296,,2162,26,0,14 15,0,365,,2163,28,0,14 15,0,302,,2164,26,,,0
7001,'5326',856,,2165,28,0,14 15,0,296,,2166,26,0,14 15,0,365,,2167,28,0,14 15,0,302,,2168,26,,,0
