301,'4833',645,,1505,22,,,0,100,,1506,32,,,0,100,,1507,25,,,0,100,,1508,32,,,0,100,,1509,32,,,0,100,,1510,32,,,0,100,,1511,32,,,0,100,,1512,32,,,0,100,,1513,32,,,0,100,,1514,32,,,0,100,,1515,32,,,0,100,,1516,32,,,0
301,'5323',645,,1518,22,,,0,100,,1519,32,,,0,100,,1520,25,,,0,100,,1521,32,,,0,100,,1522,32,,,0,100,,1523,32,,,0,100,,1524,32,,,0,100,,1525,32,,,0,100,,1526,32,,,0,100,,1527,32,,,0,100,,1528,32,,,0,100,,1529,32,,,0
301,'5325',845,,1533,25,,,0,100,,1531,32,,,0,100,,1534,32,,,0,100,,1532,32,,,0,100,,1535,32,,,0,100,,1536,32,,,0,100,,1537,32,,,0,100,,1538,32,,,0,100,,1539,32,,,0,100,,1541,32,,,0
301,'5326',645,,1542,22,,,0,100,,1543,32,,,0,100,,1544,25,,,0,100,,1545,32,,,0,100,,1546,32,,,0,100,,1547,32,,,0,100,,1548,32,,,0,100,,1549,32,,,0,100,,1550,32,,,0,100,,1551,32,,,0,100,,1552,32,,,0,100,,1553,32,,,0
301,'5328',845,,1557,25,,,0,100,,1555,32,,,0,100,,1558,32,,,0,100,,1556,32,,,0,100,,1559,32,,,0,100,,1560,32,,,0,100,,1561,32,,,0,100,,1562,32,,,0,100,,1563,32,,,0,100,,1565,32,,,0
1501,'4833',1915,,2026,2,0,7,0,124,,2028,2,0,7,0
1501,'5323',1915,,2030,2,0,7,0,124,,2032,2,0,7,0
1501,'5325',1915,,2035,2,0,7,0,124,,2036,2,0,7,0
1501,'5326',1915,,2038,2,0,7,0,124,,2040,2,0,7,0
1501,'5328',1915,,2043,2,0,7,0,124,,2044,2,0,7,0
7001,'5323',1823,,2164,32,,,0
7001,'5326',1823,,2168,32,,,0
