200,'4332',847,,832,24,,,0,100,,833,24,,,0,100,,834,24,,,0,100,,835,24,,,0,100,,836,24,,,0,100,,837,24,,,0,100,,838,24,,,0,100,,839,24,,,0,100,,840,24,,,0,100,,841,24,,,0
200,'4480',647,,842,24,,,0,100,,843,24,,,0,100,,844,24,,,0,100,,845,24,,,0,100,,846,24,,,0,100,,847,24,,,0,100,,848,24,,,0,100,,849,24,,,0,100,,850,24,,,0,100,,851,24,,,0,100,,852,24,,,0,100,,853,24,,,0
400,'4332',818,,929,24,,,0,100,,932,24,,,0,100,,926,24,,,0,100,,927,24,,,0,100,,930,24,,,0,100,,931,24,,,0,100,,928,24,,,0,100,,933,24,,,0,100,,934,24,,,0,100,,935,24,,,0,110,,1204,9,,,0
400,'4480',718,,938,24,,,0,100,,943,24,,,0,100,,944,24,,,0,100,,945,24,,,0,100,,947,24,,,0,100,,948,24,,,0,100,,949,24,,,0,100,,950,24,,,0,100,,946,24,,,0,100,,941,24,,,0,100,,942,24,,,0,110,,939,9,,,0
500,'4480',802,,1017,17,0,11 12,0
501,'4480',1519,,1062,9,0,11 12,0
1501,'4332',1928,,1099,19,0,7,0,124,,1100,19,0,7,0
1501,'4480',1928,,1102,19,0,7,0,124,,1104,19,0,7,0
1600,'4327',903,,663,6,,,0,100,,666,12,,,0,100,,665,12,,,0,100,,664,12,,,0,100,,667,12,,,0,100,,668,12,,,0,100,,669,12,,,0,100,,670,12,,,0,100,,671,12,,,0
3001,'4332',852,,1131,17,,,0,250,,1132,15,,,0,145,,1133,15,,,0,295,,1134,17,,,0,170,,1135,15,,,0
3001,'4480',752,,1136,17,,,0,350,,1137,15,,,0,145,,1140,15,,,0,295,,1138,17,,,0,170,,1139,15,,,0
4001,'4480',952,,1143,10,,,0,604,,1144,10,,,0
7000,'4480',606,,1149,22,,,0,305,,1150,5,,,0,324,,1151,5,,,0,300,,1152,5,,,0
