101,'4833',655,,1268,8,,,0,100,,1269,8,,,0,100,,1270,8,,,0,100,,1271,8,,,0,100,,1273,8,,,0,100,,1272,8,,,0,100,,1275,8,,,0,100,,1274,8,,,0,100,,1276,8,,,0,100,,1277,8,,,0,100,,1278,8,,,0,100,,1279,8,,,0
101,'5323',655,,1281,8,,,0,100,,1282,8,,,0,100,,1283,8,,,0,100,,1284,8,,,0,100,,1286,8,,,0,100,,1285,8,,,0,100,,1288,8,,,0,100,,1287,8,,,0,100,,1289,8,,,0,100,,1290,8,,,0,100,,1291,8,,,0,100,,1292,8,,,0
101,'5325',855,,1297,8,,,0,100,,1299,8,,,0,100,,1293,8,,,0,100,,1295,8,,,0,100,,1298,8,,,0,100,,1296,8,,,0,100,,1300,8,,,0,100,,1294,8,,,0,100,,1301,8,,,0,100,,1302,8,,,0
101,'5326',655,,1305,8,,,0,100,,1306,8,,,0,100,,1307,8,,,0,100,,1308,8,,,0,100,,1310,8,,,0,100,,1309,8,,,0,100,,1312,8,,,0,100,,1311,8,,,0,100,,1313,8,,,0,100,,1314,8,,,0,100,,1315,8,,,0,100,,1316,8,,,0
101,'5328',855,,1321,8,,,0,100,,1323,8,,,0,100,,1317,8,,,0,100,,1319,8,,,0,100,,1322,8,,,0,100,,1320,8,,,0,100,,1324,8,,,0,100,,1318,8,,,0,100,,1325,8,,,0,100,,1326,8,,,0
301,'4833',725,,1506,10,,,0,100,,1507,3,,,0,100,,1508,10,,,0,100,,1509,10,,,0,100,,1510,10,,,0,100,,1511,10,,,0,100,,1512,10,,,0,100,,1513,10,,,0,100,,1514,10,,,0,100,,1515,10,,,0,100,,1516,10,,,0,99,,1517,10,4,,0
301,'5323',725,,1519,10,,,0,100,,1520,3,,,0,100,,1521,10,,,0,100,,1522,10,,,0,100,,1523,10,,,0,100,,1524,10,,,0,100,,1525,10,,,0,100,,1526,10,,,0,100,,1527,10,,,0,100,,1528,10,,,0,100,,1529,10,,,0,99,,1530,10,4,,0
301,'5325',825,,1533,3,,,0,100,,1531,10,,,0,100,,1534,10,,,0,100,,1532,10,,,0,100,,1535,10,,,0,100,,1536,10,,,0,100,,1537,10,,,0,100,,1538,10,,,0,100,,1539,10,,,0,100,,1541,10,,,0,99,,1540,10,4,,0
301,'5326',725,,1543,10,,,0,100,,1544,3,,,0,100,,1545,10,,,0,100,,1546,10,,,0,100,,1547,10,,,0,100,,1548,10,,,0,100,,1549,10,,,0,100,,1550,10,,,0,100,,1551,10,,,0,100,,1552,10,,,0,100,,1553,10,,,0,99,,1554,10,4,,0
301,'5328',825,,1557,3,,,0,100,,1555,10,,,0,100,,1558,10,,,0,100,,1556,10,,,0,100,,1559,10,,,0,100,,1560,10,,,0,100,,1561,10,,,0,100,,1562,10,,,0,100,,1563,10,,,0,100,,1565,10,,,0,99,,1564,10,4,,0
400,'4833',714,,1566,16,,,0,100,,1571,16,,,0,100,,1573,16,,,0,100,,1574,16,,,0,100,,1575,16,,,0,100,,1576,16,,,0,100,,1577,16,,,0,100,,1578,16,,,0,100,,1572,16,,,0,100,,1569,16,,,0,100,,1570,16,,,0,100,,1568,16,4,,0,10,,1567,1,,,0
400,'5323',714,,1579,16,,,0,100,,1584,16,,,0,100,,1586,16,,,0,100,,1587,16,,,0,100,,1588,16,,,0,100,,1589,16,,,0,100,,1590,16,,,0,100,,1591,16,,,0,100,,1585,16,,,0,100,,1582,16,,,0,100,,1583,16,,,0,100,,1581,16,4,,0,10,,1580,1,,,0
400,'5325',814,,1595,16,,,0,100,,1598,16,,,0,100,,1592,16,,,0,100,,1593,16,,,0,100,,1596,16,,,0,100,,1597,16,,,0,100,,1594,16,,,0,100,,1599,16,,,0,100,,1600,16,,,0,100,,1601,16,,,0,100,,1602,16,4,,0,10,,1603,1,,,0
400,'5326',714,,1604,16,,,0,100,,1609,16,,,0,100,,1611,16,,,0,100,,1612,16,,,0,100,,1613,16,,,0,100,,1614,16,,,0,100,,1615,16,,,0,100,,1616,16,,,0,100,,1610,16,,,0,100,,1607,16,,,0,100,,1608,16,,,0,100,,1606,16,4,,0,10,,1605,1,,,0
400,'5328',814,,1620,16,,,0,100,,1623,16,,,0,100,,1617,16,,,0,100,,1618,16,,,0,100,,1621,16,,,0,100,,1622,16,,,0,100,,1619,16,,,0,100,,1624,16,,,0,100,,1625,16,,,0,100,,1626,16,,,0,100,,1627,16,4,,0,10,,1628,1,,,0
1001,'5323',747,,1960,16,,,0,164,,1961,16,,,0,123,,1964,16,,,0,311,,1962,16,,,0,403,,1963,16,,,0
1001,'5325',911,,1965,16,,,0,434,,1967,16,,,0,403,,1966,16,,,0
1001,'5326',747,,1968,16,,,0,164,,1969,16,,,0,123,,1972,16,,,0,311,,1970,16,,,0,403,,1971,16,,,0
1001,'5328',911,,1973,16,,,0,434,,1975,16,,,0,403,,1974,16,,,0
1601,'5322',928,,2057,10,,,0,100,,2059,10,,,0,100,,2058,10,,,0,100,,2060,10,,,0,100,,2062,10,,,0,100,,2061,10,,,0,100,,2064,10,,,0,100,,2063,10,,,0,100,,2066,10,,,0,100,,2065,10,,,0
