101,'4833',614,,1267,2,,,0,100,,1268,25,,,0,200,,1270,25,,,0,100,,1271,25,,,0,100,,1273,25,,,0,100,,1272,25,,,0,100,,1275,25,,,0,100,,1274,25,,,0,100,,1276,25,,,0,100,,1277,25,,,0,100,,1278,25,,,0,100,,1279,25,,,0
101,'5323',614,,1280,2,,,0,100,,1281,25,,,0,200,,1283,25,,,0,100,,1284,25,,,0,100,,1286,25,,,0,100,,1285,25,,,0,100,,1288,25,,,0,100,,1287,25,,,0,100,,1289,25,,,0,100,,1290,25,,,0,100,,1291,25,,,0,100,,1292,25,,,0
101,'5325',914,,1297,25,,,0,100,,1299,25,,,0,100,,1293,25,,,0,100,,1295,25,,,0,100,,1298,25,,,0,100,,1296,25,,,0,100,,1300,25,,,0,100,,1294,25,,,0,100,,1301,25,,,0,100,,1302,25,,,0
101,'5326',614,,1304,2,,,0,100,,1305,25,,,0,200,,1307,25,,,0,100,,1308,25,,,0,100,,1310,25,,,0,100,,1309,25,,,0,100,,1312,25,,,0,100,,1311,25,,,0,100,,1313,25,,,0,100,,1314,25,,,0,100,,1315,25,,,0,100,,1316,25,,,0
101,'5328',914,,1321,25,,,0,100,,1323,25,,,0,100,,1317,25,,,0,100,,1319,25,,,0,100,,1322,25,,,0,100,,1320,25,,,0,100,,1324,25,,,0,100,,1318,25,,,0,100,,1325,25,,,0,100,,1326,25,,,0
1501,'4833',1954,,2027,19,,,0,164,,2029,19,,,0
1501,'5323',1954,,2031,19,,,0,164,,2033,19,,,0
1501,'5325',1954,,2034,19,,,0,164,,2037,19,,,0
1501,'5326',1954,,2039,19,,,0,164,,2041,19,,,0
1501,'5328',1954,,2042,19,,,0,164,,2045,19,,,0
4001,'5323',1003,,2141,17,,,0,604,,2142,17,,,0
4001,'5326',1003,,2143,17,,,0,604,,2144,17,,,0
7001,'5323',1820,,2164,28,,,0
7001,'5326',1820,,2168,28,,,0
