401,'4332',832,,951,7,,,0,100,,953,7,,,0,100,,954,7,,,0,100,,952,7,,,0,100,,956,7,,,0,100,,955,7,,,0,100,,957,7,,,0,100,,958,7,,,0,100,,959,7,,,0,100,,960,7,,,0,110,,961,7,0,7 6,0
401,'4480',732,,969,7,,,0,100,,970,7,,,0,100,,971,7,,,0,100,,972,7,,,0,100,,973,7,,,0,100,,974,7,,,0,100,,966,7,,,0,100,,967,7,,,0,100,,964,7,,,0,100,,963,7,,,0,100,,965,7,,,0,110,,962,7,0,7 6,0
500,'4480',813,,1017,32,0,11 12,0
501,'4480',1532,,1062,24,0,11 12,0
1500,'4332',1901,,1083,21,0,13,0,124,,1085,21,0,13,0,123,,1088,21,0,13,0,85,,1089,21,0,13,0
1500,'4480',1901,,1090,21,0,14 15,0,124,,1093,21,0,13,0,123,,1095,21,0,13,0,85,,1097,21,0,13,0
3000,'4332',911,,1121,11,,,0,210,,1122,11,,,0,185,,1124,11,,,0,295,,1123,11,,,0,131,,1125,11,,,0
3000,'4480',811,,1127,11,,,0,310,,1126,11,,,0,185,,1130,11,,,0,295,,1128,11,,,0,131,,1129,11,,,0
4000,'4480',830,,1142,21,4,,0,516,,1141,21,4,,0
7001,'4480',852,,1153,25,0,14 15,0,296,,1154,23,0,14 15,0,365,,1155,25,0,14 15,0,303,,1156,23,,,0
