200,'4833',644,,1328,17,,,0,100,,1329,17,,,0,100,,1330,17,,,0,100,,1331,17,,,0,100,,1332,17,,,0,100,,1333,17,,,0,100,,1334,17,,,0,100,,1335,17,,,0,100,,1336,17,,,0,100,,1337,17,,,0,100,,1338,17,,,0,100,,1339,17,,,0
200,'5323',644,,1340,17,,,0,100,,1341,17,,,0,100,,1342,17,,,0,100,,1343,17,,,0,100,,1344,17,,,0,100,,1345,17,,,0,100,,1346,17,,,0,100,,1347,17,,,0,100,,1348,17,,,0,100,,1349,17,,,0,100,,1350,17,,,0,100,,1351,17,,,0
200,'5325',844,,1352,17,,,0,100,,1353,17,,,0,100,,1354,17,,,0,100,,1355,17,,,0,100,,1356,17,,,0,100,,1357,17,,,0,100,,1358,17,,,0,100,,1359,17,,,0,100,,1360,17,,,0,100,,1361,17,,,0
200,'5326',644,,1362,17,,,0,100,,1363,17,,,0,100,,1364,17,,,0,100,,1365,17,,,0,100,,1366,17,,,0,100,,1367,17,,,0,100,,1368,17,,,0,100,,1369,17,,,0,100,,1370,17,,,0,100,,1371,17,,,0,100,,1372,17,,,0,100,,1373,17,,,0
200,'5328',844,,1374,17,,,0,100,,1375,17,,,0,100,,1376,17,,,0,100,,1377,17,,,0,100,,1378,17,,,0,100,,1379,17,,,0,100,,1380,17,,,0,100,,1381,17,,,0,100,,1382,17,,,0,100,,1383,17,,,0
1000,'5323',648,,1944,12,,,0,162,,1945,12,,,0,123,,1948,12,,,0,306,,1946,12,,,0,407,,1947,12,,,0
1000,'5325',810,,1949,12,,,0,429,,1950,12,,,0,407,,1951,12,,,0
1000,'5326',648,,1952,12,,,0,162,,1953,12,,,0,123,,1956,12,,,0,306,,1954,12,,,0,407,,1955,12,,,0
1000,'5328',810,,1957,12,,,0,429,,1958,12,,,0,407,,1959,12,,,0
1500,'4833',2014,,1991,22,,,0,124,,1992,22,,,0,85,,1994,22,,,0
1500,'5323',2014,,1999,22,,,0,124,,2000,22,,,0,85,,2002,22,,,0
1500,'5325',2014,,2005,22,,,0,124,,2008,22,,,0,85,,2007,22,,,0
1500,'5326',2014,,2014,22,,,0,124,,2015,22,,,0,85,,2017,22,,,0
1500,'5328',2014,,2020,22,,,0,124,,2023,22,,,0,85,,2022,22,,,0
4000,'5323',844,,2138,29,4,,0,556,,2137,29,4,,0
4000,'5326',844,,2140,29,4,,0,556,,2139,29,4,,0
7001,'5323',845,,2161,13,0,14 15,0,296,,2162,11,0,14 15,0,365,,2163,13,0,14 15,0,305,,2164,11,,,0
7001,'5326',845,,2165,13,0,14 15,0,296,,2166,11,0,14 15,0,365,,2167,13,0,14 15,0,305,,2168,11,,,0
