500,'5210',1242,,1714,5,,,0,100,,1715,5,,,0,100,,1716,5,,,0,100,,1717,5,,,0
500,'5323',712,,1718,5,,,0,30,,1740,5,,,0,70,,1720,5,,,0,30,,1738,5,,,0,70,,1721,5,,,0,30,,1728,5,,,0,70,,1722,5,,,0,30,,1729,5,,,0,70,,1719,5,,,0,30,,1730,5,,,0,70,,1724,5,,,0,30,,1731,5,,,0,70,,1723,5,,,0,30,,1732,5,,,0,70,,1725,5,,,0,30,,1735,5,,,0,70,,1726,5,,,0,30,,1741,5,,,0,70,,1727,5,,,0,30,,1739,5,,,0,70,,1733,5,,,0,30,,1734,5,,,0,70,,1736,5,,,0,30,,1737,5,0,13,0
500,'5325',912,,1742,5,,,0,30,,1758,5,,,0,70,,1747,5,,,0,30,,1755,5,,,0,70,,1748,5,,,0,30,,1756,5,,,0,70,,1750,5,,,0,30,,1754,5,,,0,70,,1751,5,,,0,30,,1757,5,,,0,70,,1749,5,,,0,30,,1759,5,,,0,70,,1746,5,,,0,30,,1753,5,,,0,70,,1745,5,,,0,30,,1752,5,,,0,70,,1743,5,,,0,30,,1760,5,,,0,70,,1744,5,,,0,30,,1761,5,0,13,0
500,'5326',712,,1762,5,,,0,30,,1784,5,,,0,70,,1764,5,,,0,30,,1782,5,,,0,70,,1765,5,,,0,30,,1772,5,,,0,70,,1766,5,,,0,30,,1773,5,,,0,70,,1763,5,,,0,30,,1774,5,,,0,70,,1768,5,,,0,30,,1775,5,,,0,70,,1767,5,,,0,30,,1776,5,,,0,70,,1769,5,,,0,30,,1779,5,,,0,70,,1770,5,,,0,30,,1785,5,,,0,70,,1771,5,,,0,30,,1783,5,,,0,70,,1777,5,,,0,30,,1778,5,,,0,70,,1780,5,,,0,30,,1781,5,0,13,0,70,,1786,5,,,0,100,,1787,5,,,0,100,,1788,5,,,0,100,,1789,5,,,0,100,,1790,5,,,0
500,'5328',912,,1791,5,,,0,30,,1807,5,,,0,70,,1796,5,,,0,30,,1804,5,,,0,70,,1797,5,,,0,30,,1805,5,,,0,70,,1799,5,,,0,30,,1803,5,,,0,70,,1800,5,,,0,30,,1806,5,,,0,70,,1798,5,,,0,30,,1808,5,,,0,70,,1795,5,,,0,30,,1802,5,,,0,70,,1794,5,,,0,30,,1801,5,,,0,70,,1792,5,,,0,30,,1809,5,,,0,70,,1793,5,,,0,30,,1810,5,0,13,0,70,,1811,5,,,0,100,,1812,5,,,0,100,,1813,5,,,0,100,,1814,5,,,0,100,,1815,5,,,0
1500,'5323',1911,,1997,12,0,13,0,124,,1998,38,0,13,0,123,,2001,38,0,13,0,85,,2003,38,0,13,0
1500,'5325',1911,,2004,38,0,13,0,124,,2006,38,0,13,0,123,,2009,38,0,13,0,85,,2010,38,0,13,0
1500,'5326',1911,,2012,12,0,13,0,124,,2013,38,0,13,0,123,,2016,38,0,13,0,85,,2018,38,0,13,0
1500,'5328',1911,,2019,38,0,13,0,124,,2021,38,0,13,0,123,,2024,38,0,13,0,85,,2025,38,0,13,0
7000,'5323',557,,2153,11,,,0
7000,'5326',557,,2157,11,,,0
