500,'5210',1301,,1714,14,,,0,100,,1715,14,,,0,100,,1716,14,,,0,100,,1717,14,,,0
500,'5323',731,,1718,14,,,0,70,,1740,14,,,0,30,,1720,14,,,0,70,,1738,14,,,0,30,,1721,14,,,0,70,,1728,14,,,0,30,,1722,14,,,0,70,,1729,14,,,0,30,,1719,14,,,0,70,,1730,14,,,0,30,,1724,14,,,0,70,,1731,14,,,0,30,,1723,14,,,0,70,,1732,14,,,0,30,,1725,14,,,0,70,,1735,14,,,0,30,,1726,14,,,0,70,,1741,14,,,0,30,,1727,14,,,0,70,,1739,14,,,0,30,,1733,14,,,0,70,,1734,14,,,0,30,,1736,14,,,0
500,'5325',931,,1742,14,,,0,70,,1758,14,,,0,30,,1747,14,,,0,70,,1755,14,,,0,30,,1748,14,,,0,70,,1756,14,,,0,30,,1750,14,,,0,70,,1754,14,,,0,30,,1751,14,,,0,70,,1757,14,,,0,30,,1749,14,,,0,70,,1759,14,,,0,30,,1746,14,,,0,70,,1753,14,,,0,30,,1745,14,,,0,70,,1752,14,,,0,30,,1743,14,,,0,70,,1760,14,,,0,30,,1744,14,,,0
500,'5326',731,,1762,14,,,0,70,,1784,14,,,0,30,,1764,14,,,0,70,,1782,14,,,0,30,,1765,14,,,0,70,,1772,14,,,0,30,,1766,14,,,0,70,,1773,14,,,0,30,,1763,14,,,0,70,,1774,14,,,0,30,,1768,14,,,0,70,,1775,14,,,0,30,,1767,14,,,0,70,,1776,14,,,0,30,,1769,14,,,0,70,,1779,14,,,0,30,,1770,14,,,0,70,,1785,14,,,0,30,,1771,14,,,0,70,,1783,14,,,0,30,,1777,14,,,0,70,,1778,14,,,0,30,,1780,14,,,0,100,,1786,14,,,0,100,,1787,14,,,0,100,,1788,14,,,0,100,,1789,14,,,0,100,,1790,14,,,0
500,'5328',931,,1791,14,,,0,70,,1807,14,,,0,30,,1796,14,,,0,70,,1804,14,,,0,30,,1797,14,,,0,70,,1805,14,,,0,30,,1799,14,,,0,70,,1803,14,,,0,30,,1800,14,,,0,70,,1806,14,,,0,30,,1798,14,,,0,70,,1808,14,,,0,30,,1795,14,,,0,70,,1802,14,,,0,30,,1794,14,,,0,70,,1801,14,,,0,30,,1792,14,,,0,70,,1809,14,,,0,30,,1793,14,,,0,100,,1811,14,,,0,100,,1812,14,,,0,100,,1813,14,,,0,100,,1814,14,,,0,100,,1815,14,,,0
1501,'5323',1926,,2030,16,0,7,0,124,,2032,16,0,7,0
1501,'5325',1926,,2035,16,0,7,0,124,,2036,16,0,7,0
1501,'5326',1926,,2038,16,0,7,0,124,,2040,16,0,7,0
1501,'5328',1926,,2043,16,0,7,0,124,,2044,16,0,7,0
1600,'5210',901,,2046,3,,,0,100,,2049,9,,,0,100,,2048,9,,,0,100,,2047,9,,,0,100,,2050,9,,,0,100,,2051,9,,,0,100,,2052,9,,,0,100,,2053,9,,,0,100,,2054,9,,,0,100,,2056,9,,,0
