401,'5323',649,,1648,11,,,0,100,,1649,24,,,0,100,,1650,24,,,0,100,,1651,24,,,0,100,,1652,24,,,0,100,,1653,24,,,0,100,,1654,24,,,0,100,,1646,24,,,0,100,,1647,24,,,0,100,,1645,24,,,0,100,,1644,24,,,0,100,,1643,24,,,0
401,'5325',849,,1655,24,,,0,100,,1657,24,,,0,100,,1658,24,,,0,100,,1656,24,,,0,100,,1660,24,,,0,100,,1659,24,,,0,100,,1661,24,,,0,100,,1662,24,,,0,100,,1663,24,,,0,100,,1664,24,,,0
401,'5326',649,,1672,11,,,0,100,,1673,24,,,0,100,,1674,24,,,0,100,,1675,24,,,0,100,,1676,24,,,0,100,,1677,24,,,0,100,,1678,24,,,0,100,,1670,24,,,0,100,,1671,24,,,0,100,,1669,24,,,0,100,,1668,24,,,0,100,,1667,24,,,0
401,'5328',849,,1679,24,,,0,100,,1681,24,,,0,100,,1683,24,,,0,100,,1680,24,,,0,100,,1684,24,,,0,100,,1682,24,,,0,100,,1685,24,,,0,100,,1686,24,,,0,100,,1687,24,,,0,100,,1688,24,,,0
3001,'5323',750,,2117,16,,,0,350,,2118,14,,,0,145,,2121,14,,,0,295,,2119,16,,,0,170,,2120,14,,,0
3001,'5325',850,,2122,16,,,0,250,,2123,14,,,0,145,,2124,14,,,0,295,,2125,16,,,0,170,,2126,14,,,0
3001,'5326',750,,2127,16,,,0,350,,2128,14,,,0,145,,2131,14,,,0,295,,2129,16,,,0,170,,2130,14,,,0
3001,'5328',850,,2132,16,,,0,250,,2133,14,,,0,145,,2134,14,,,0,295,,2135,16,,,0,170,,2136,14,,,0
4001,'5323',950,,2141,9,,,0,604,,2142,9,,,0
4001,'5326',950,,2143,9,,,0,604,,2144,9,,,0
