101,'5323',706,,1281,20,,,0,100,,1282,20,,,0,100,,1283,20,,,0,100,,1284,20,,,0,100,,1286,20,,,0,100,,1285,20,,,0,100,,1288,20,,,0,100,,1287,20,,,0,100,,1289,20,,,0,100,,1290,20,,,0,100,,1291,20,,,0,100,,1292,20,,,0
101,'5325',906,,1297,20,,,0,100,,1299,20,,,0,100,,1293,20,,,0,100,,1295,20,,,0,100,,1298,20,,,0,100,,1296,20,,,0,100,,1300,20,,,0,100,,1294,20,,,0,100,,1301,20,,,0,100,,1302,20,,,0
101,'5326',706,,1305,20,,,0,100,,1306,20,,,0,100,,1307,20,,,0,100,,1308,20,,,0,100,,1310,20,,,0,100,,1309,20,,,0,100,,1312,20,,,0,100,,1311,20,,,0,100,,1313,20,,,0,100,,1314,20,,,0,100,,1315,20,,,0,100,,1316,20,,,0
101,'5328',906,,1321,20,,,0,100,,1323,20,,,0,100,,1317,20,,,0,100,,1319,20,,,0,100,,1322,20,,,0,100,,1320,20,,,0,100,,1324,20,,,0,100,,1318,20,,,0,100,,1325,20,,,0,100,,1326,20,,,0
301,'5323',636,,1518,12,,,0,100,,1519,22,,,0,100,,1520,15,,,0,100,,1521,22,,,0,100,,1522,22,,,0,100,,1523,22,,,0,100,,1524,22,,,0,100,,1525,22,,,0,100,,1526,22,,,0,100,,1527,22,,,0,100,,1528,22,,,0,100,,1529,22,,,0
301,'5325',836,,1533,15,,,0,100,,1531,22,,,0,100,,1534,22,,,0,100,,1532,22,,,0,100,,1535,22,,,0,100,,1536,22,,,0,100,,1537,22,,,0,100,,1538,22,,,0,100,,1539,22,,,0,100,,1541,22,,,0
301,'5326',636,,1542,12,,,0,100,,1543,22,,,0,100,,1544,15,,,0,100,,1545,22,,,0,100,,1546,22,,,0,100,,1547,22,,,0,100,,1548,22,,,0,100,,1549,22,,,0,100,,1550,22,,,0,100,,1551,22,,,0,100,,1552,22,,,0,100,,1553,22,,,0
301,'5328',836,,1557,15,,,0,100,,1555,22,,,0,100,,1558,22,,,0,100,,1556,22,,,0,100,,1559,22,,,0,100,,1560,22,,,0,100,,1561,22,,,0,100,,1562,22,,,0,100,,1563,22,,,0,100,,1565,22,,,0
3001,'5323',756,,2117,21,,,0,350,,2118,19,,,0,145,,2121,19,,,0,295,,2119,21,,,0,170,,2120,19,,,0
3001,'5325',856,,2122,21,,,0,250,,2123,19,,,0,145,,2124,19,,,0,295,,2125,21,,,0,170,,2126,19,,,0
3001,'5326',756,,2127,21,,,0,350,,2128,19,,,0,145,,2131,19,,,0,295,,2129,21,,,0,170,,2130,19,,,0
3001,'5328',856,,2132,21,,,0,250,,2133,19,,,0,145,,2134,19,,,0,295,,2135,21,,,0,170,,2136,19,,,0
4001,'5323',956,,2141,14,,,0,644,,2142,14,,,0
4001,'5326',956,,2143,14,,,0,644,,2144,14,,,0
