101,'5323',700,,1281,10,,,0,100,,1282,10,,,0,100,,1283,10,,,0,100,,1284,10,,,0,100,,1286,10,,,0,100,,1285,10,,,0,100,,1288,10,,,0,100,,1287,10,,,0,100,,1289,10,,,0,100,,1290,10,,,0,100,,1291,10,,,0,100,,1292,10,,,0
101,'5325',900,,1297,10,,,0,100,,1299,10,,,0,100,,1293,10,,,0,100,,1295,10,,,0,100,,1298,10,,,0,100,,1296,10,,,0,100,,1300,10,,,0,100,,1294,10,,,0,100,,1301,10,,,0,100,,1302,10,,,0
101,'5326',700,,1305,10,,,0,100,,1306,10,,,0,100,,1307,10,,,0,100,,1308,10,,,0,100,,1310,10,,,0,100,,1309,10,,,0,100,,1312,10,,,0,100,,1311,10,,,0,100,,1313,10,,,0,100,,1314,10,,,0,100,,1315,10,,,0,100,,1316,10,,,0
101,'5328',900,,1321,10,,,0,100,,1323,10,,,0,100,,1317,10,,,0,100,,1319,10,,,0,100,,1322,10,,,0,100,,1320,10,,,0,100,,1324,10,,,0,100,,1318,10,,,0,100,,1325,10,,,0,100,,1326,10,,,0
301,'5323',630,,1518,2,,,0,100,,1519,12,,,0,100,,1520,5,,,0,100,,1521,12,,,0,100,,1522,12,,,0,100,,1523,12,,,0,100,,1524,12,,,0,100,,1525,12,,,0,100,,1526,12,,,0,100,,1527,12,,,0,100,,1528,12,,,0,100,,1529,12,,,0
301,'5325',830,,1533,5,,,0,100,,1531,12,,,0,100,,1534,12,,,0,100,,1532,12,,,0,100,,1535,12,,,0,100,,1536,12,,,0,100,,1537,12,,,0,100,,1538,12,,,0,100,,1539,12,,,0,100,,1541,12,,,0
301,'5326',630,,1542,2,,,0,100,,1543,12,,,0,100,,1544,5,,,0,100,,1545,12,,,0,100,,1546,12,,,0,100,,1547,12,,,0,100,,1548,12,,,0,100,,1549,12,,,0,100,,1550,12,,,0,100,,1551,12,,,0,100,,1552,12,,,0,100,,1553,12,,,0
301,'5328',830,,1557,5,,,0,100,,1555,12,,,0,100,,1558,12,,,0,100,,1556,12,,,0,100,,1559,12,,,0,100,,1560,12,,,0,100,,1561,12,,,0,100,,1562,12,,,0,100,,1563,12,,,0,100,,1565,12,,,0
1500,'5323',1850,,1996,2,0,14 15,0,164,,1998,2,0,13,0,124,,2001,2,0,13,0,85,,2003,2,0,13,0
1500,'5325',1850,,2004,2,0,13,0,164,,2006,2,0,13,0,124,,2009,2,0,13,0,85,,2010,2,0,13,0
1500,'5326',1850,,2011,2,0,14 15,0,164,,2013,2,0,13,0,124,,2016,2,0,13,0,85,,2018,2,0,13,0
1500,'5328',1850,,2019,2,0,13,0,164,,2021,2,0,13,0,124,,2024,2,0,13,0,85,,2025,2,0,13,0
7001,'5323',845,,2161,15,0,14 15,0,296,,2162,13,0,14 15,0,365,,2163,15,0,14 15,0,305,,2164,13,,,0
7001,'5326',845,,2165,15,0,14 15,0,296,,2166,13,0,14 15,0,365,,2167,15,0,14 15,0,305,,2168,13,,,0
