200,'4833',636,,1328,10,,,0,100,,1329,10,,,0,100,,1330,10,,,0,100,,1331,10,,,0,100,,1332,10,,,0,100,,1333,10,,,0,100,,1334,10,,,0,100,,1335,10,,,0,100,,1336,10,,,0,100,,1337,10,,,0,100,,1338,10,,,0,100,,1339,10,,,0
200,'5323',636,,1340,10,,,0,100,,1341,10,,,0,100,,1342,10,,,0,100,,1343,10,,,0,100,,1344,10,,,0,100,,1345,10,,,0,100,,1346,10,,,0,100,,1347,10,,,0,100,,1348,10,,,0,100,,1349,10,,,0,100,,1350,10,,,0,100,,1351,10,,,0
200,'5325',836,,1352,10,,,0,100,,1353,10,,,0,100,,1354,10,,,0,100,,1355,10,,,0,100,,1356,10,,,0,100,,1357,10,,,0,100,,1358,10,,,0,100,,1359,10,,,0,100,,1360,10,,,0,100,,1361,10,,,0
200,'5326',636,,1362,10,,,0,100,,1363,10,,,0,100,,1364,10,,,0,100,,1365,10,,,0,100,,1366,10,,,0,100,,1367,10,,,0,100,,1368,10,,,0,100,,1369,10,,,0,100,,1370,10,,,0,100,,1371,10,,,0,100,,1372,10,,,0,100,,1373,10,,,0
200,'5328',836,,1374,10,,,0,100,,1375,10,,,0,100,,1376,10,,,0,100,,1377,10,,,0,100,,1378,10,,,0,100,,1379,10,,,0,100,,1380,10,,,0,100,,1381,10,,,0,100,,1382,10,,,0,100,,1383,10,,,0
1500,'4833',2007,,1991,15,,,0,124,,1992,15,,,0,85,,1994,15,,,0
1500,'5323',2007,,1999,15,,,0,124,,2000,15,,,0,85,,2002,15,,,0
1500,'5325',2007,,2005,15,,,0,124,,2008,15,,,0,85,,2007,15,,,0
1500,'5326',2007,,2014,15,,,0,124,,2015,15,,,0,85,,2017,15,,,0
1500,'5328',2007,,2020,15,,,0,124,,2023,15,,,0,85,,2022,15,,,0
