300,'4833',821,,1446,40,4,,0
300,'5323',821,,1459,40,4,,0
300,'5325',821,,1472,34,4,,0
300,'5326',821,,1483,40,4,,0
301,'4833',721,,1506,8,,,0,100,,1507,1,,,0,100,,1508,8,,,0,100,,1509,8,,,0,100,,1510,8,,,0,100,,1511,8,,,0,100,,1512,8,,,0,100,,1513,8,,,0,100,,1514,8,,,0,100,,1515,8,,,0,100,,1516,8,,,0,99,,1517,8,0,7 6,0
301,'5323',721,,1519,8,,,0,100,,1520,1,,,0,100,,1521,8,,,0,100,,1522,8,,,0,100,,1523,8,,,0,100,,1524,8,,,0,100,,1525,8,,,0,100,,1526,8,,,0,100,,1527,8,,,0,100,,1528,8,,,0,100,,1529,8,,,0,99,,1530,8,0,7 6,0
301,'5325',821,,1533,1,,,0,100,,1531,8,,,0,100,,1534,8,,,0,100,,1532,8,,,0,100,,1535,8,,,0,100,,1536,8,,,0,100,,1537,8,,,0,100,,1538,8,,,0,100,,1539,8,,,0,100,,1541,8,,,0,99,,1540,8,0,7 6,0
301,'5326',721,,1543,8,,,0,100,,1544,1,,,0,100,,1545,8,,,0,100,,1546,8,,,0,100,,1547,8,,,0,100,,1548,8,,,0,100,,1549,8,,,0,100,,1550,8,,,0,100,,1551,8,,,0,100,,1552,8,,,0,100,,1553,8,,,0,99,,1554,8,0,7 6,0
301,'5328',821,,1557,1,,,0,100,,1555,8,,,0,100,,1558,8,,,0,100,,1556,8,,,0,100,,1559,8,,,0,100,,1560,8,,,0,100,,1561,8,,,0,100,,1562,8,,,0,100,,1563,8,,,0,100,,1565,8,,,0,99,,1564,8,0,7 6,0
1601,'5322',925,,2057,8,,,0,100,,2059,8,,,0,100,,2058,8,,,0,100,,2060,8,,,0,100,,2062,8,,,0,100,,2061,8,,,0,100,,2064,8,,,0,100,,2063,8,,,0,100,,2066,8,,,0,100,,2065,8,,,0
