501,'5210',1238,,1840,23,,,0,100,,1841,23,,,0,100,,1842,23,,,0,100,,1843,23,,,0
501,'5323',708,,1844,21,,,0,30,,1854,21,,,0,70,,1845,23,,,0,30,,1866,23,,,0,70,,1847,23,,,0,30,,1855,23,,,0,70,,1848,23,,,0,30,,1856,23,,,0,70,,1849,23,,,0,30,,1857,23,,,0,70,,1846,23,,,0,30,,1858,23,,,0,70,,1851,23,,,0,30,,1859,23,,,0,70,,1850,23,,,0,30,,1860,23,,,0,70,,1852,23,,,0,30,,1867,23,,,0,70,,1853,23,,,0,30,,1865,23,,,0,70,,1861,23,,,0,30,,1862,23,,,0,70,,1863,23,,,0,30,,1864,23,,,0
501,'5325',908,,1873,21,,,0,30,,1884,21,,,0,70,,1875,23,,,0,30,,1885,23,,,0,70,,1876,23,,,0,30,,1881,23,,,0,70,,1872,23,,,0,30,,1882,23,,,0,70,,1877,23,,,0,30,,1883,23,,,0,70,,1868,23,,,0,30,,1886,23,,,0,70,,1869,23,,,0,30,,1887,23,,,0,70,,1870,23,,,0,30,,1878,23,,,0,70,,1871,23,,,0,30,,1879,23,,,0,70,,1874,23,,,0,30,,1880,23,,,0
501,'5326',708,,1888,21,,,0,30,,1898,21,,,0,70,,1889,23,,,0,30,,1910,23,,,0,70,,1891,23,,,0,30,,1899,23,,,0,70,,1892,23,,,0,30,,1900,23,,,0,70,,1893,23,,,0,30,,1901,23,,,0,70,,1890,23,,,0,30,,1902,23,,,0,70,,1895,23,,,0,30,,1903,23,,,0,70,,1894,23,,,0,30,,1904,23,,,0,70,,1896,23,,,0,30,,1911,23,,,0,70,,1897,23,,,0,30,,1909,23,,,0,70,,1905,23,,,0,30,,1906,23,,,0,70,,1907,23,,,0,30,,1908,23,,,0,70,,1914,23,,,0,100,,1915,23,,,0,100,,1916,23,,,0,100,,1917,23,,,0,100,,1912,23,,,0
501,'5328',908,,1923,21,,,0,30,,1934,21,,,0,70,,1925,23,,,0,30,,1935,23,,,0,70,,1926,23,,,0,30,,1931,23,,,0,70,,1922,23,,,0,30,,1932,23,,,0,70,,1927,23,,,0,30,,1933,23,,,0,70,,1918,23,,,0,30,,1936,23,,,0,70,,1919,23,,,0,30,,1937,23,,,0,70,,1920,23,,,0,30,,1928,23,,,0,70,,1921,23,,,0,30,,1929,23,,,0,70,,1924,23,,,0,30,,1930,23,,,0,70,,1940,23,,,0,100,,1941,23,,,0,100,,1942,23,,,0,100,,1943,23,,,0,100,,1939,23,,,0
1500,'5323',1908,,1997,6,0,13,0,124,,1998,32,0,13,0,123,,2001,32,0,13,0,85,,2003,32,0,13,0
1500,'5325',1908,,2004,32,0,13,0,124,,2006,32,0,13,0,123,,2009,32,0,13,0,85,,2010,32,0,13,0
1500,'5326',1908,,2012,6,0,13,0,124,,2013,32,0,13,0,123,,2016,32,0,13,0,85,,2018,32,0,13,0
1500,'5328',1908,,2019,32,0,13,0,124,,2021,32,0,13,0,123,,2024,32,0,13,0,85,,2025,32,0,13,0
1601,'5210',945,,2057,27,,,0,100,,2059,27,,,0,100,,2058,27,,,0,100,,2060,27,,,0,100,,2062,27,,,0,100,,2061,27,,,0,100,,2064,27,,,0,100,,2063,27,,,0,100,,2066,27,,,0,100,,2065,27,,,0
2001,'5323',644,,2077,6,0,16 17,0,164,,2078,6,0,16 17,0,295,,2079,6,0,8 9,0,435,,2081,6,0,8 9,0,170,,2080,6,0,8 9,0
2001,'5326',644,,2082,6,0,16 17,0,164,,2083,6,0,16 17,0,295,,2084,6,0,8 9,0,435,,2086,6,0,8 9,0,170,,2085,6,0,8 9,0
7000,'5323',554,,2153,5,,,0
7000,'5326',554,,2157,5,,,0
