101,'5323',701,,1281,12,,,0,100,,1282,12,,,0,100,,1283,12,,,0,100,,1284,12,,,0,100,,1286,12,,,0,100,,1285,12,,,0,100,,1288,12,,,0,100,,1287,12,,,0,100,,1289,12,,,0,100,,1290,12,,,0,100,,1291,12,,,0,100,,1292,12,,,0
101,'5325',901,,1297,12,,,0,100,,1299,12,,,0,100,,1293,12,,,0,100,,1295,12,,,0,100,,1298,12,,,0,100,,1296,12,,,0,100,,1300,12,,,0,100,,1294,12,,,0,100,,1301,12,,,0,100,,1302,12,,,0
101,'5326',701,,1305,12,,,0,100,,1306,12,,,0,100,,1307,12,,,0,100,,1308,12,,,0,100,,1310,12,,,0,100,,1309,12,,,0,100,,1312,12,,,0,100,,1311,12,,,0,100,,1313,12,,,0,100,,1314,12,,,0,100,,1315,12,,,0,100,,1316,12,,,0
101,'5328',901,,1321,12,,,0,100,,1323,12,,,0,100,,1317,12,,,0,100,,1319,12,,,0,100,,1322,12,,,0,100,,1320,12,,,0,100,,1324,12,,,0,100,,1318,12,,,0,100,,1325,12,,,0,100,,1326,12,,,0
301,'5323',631,,1518,4,,,0,100,,1519,14,,,0,100,,1520,7,,,0,100,,1521,14,,,0,100,,1522,14,,,0,100,,1523,14,,,0,100,,1524,14,,,0,100,,1525,14,,,0,100,,1526,14,,,0,100,,1527,14,,,0,100,,1528,14,,,0,100,,1529,14,,,0
301,'5325',831,,1533,7,,,0,100,,1531,14,,,0,100,,1534,14,,,0,100,,1532,14,,,0,100,,1535,14,,,0,100,,1536,14,,,0,100,,1537,14,,,0,100,,1538,14,,,0,100,,1539,14,,,0,100,,1541,14,,,0
301,'5326',631,,1542,4,,,0,100,,1543,14,,,0,100,,1544,7,,,0,100,,1545,14,,,0,100,,1546,14,,,0,100,,1547,14,,,0,100,,1548,14,,,0,100,,1549,14,,,0,100,,1550,14,,,0,100,,1551,14,,,0,100,,1552,14,,,0,100,,1553,14,,,0
301,'5328',831,,1557,7,,,0,100,,1555,14,,,0,100,,1558,14,,,0,100,,1556,14,,,0,100,,1559,14,,,0,100,,1560,14,,,0,100,,1561,14,,,0,100,,1562,14,,,0,100,,1563,14,,,0,100,,1565,14,,,0
1500,'5323',1851,,1996,4,0,14 15,0,164,,1998,4,0,13,0,124,,2001,4,0,13,0,85,,2003,4,0,13,0
1500,'5325',1851,,2004,4,0,13,0,164,,2006,4,0,13,0,124,,2009,4,0,13,0,85,,2010,4,0,13,0
1500,'5326',1851,,2011,4,0,14 15,0,164,,2013,4,0,13,0,124,,2016,4,0,13,0,85,,2018,4,0,13,0
1500,'5328',1851,,2019,4,0,13,0,164,,2021,4,0,13,0,124,,2024,4,0,13,0,85,,2025,4,0,13,0
7001,'5323',846,,2161,17,0,14 15,0,296,,2162,15,0,14 15,0,365,,2163,17,0,14 15,0,305,,2164,15,,,0
7001,'5326',846,,2165,17,0,14 15,0,296,,2166,15,0,14 15,0,365,,2167,17,0,14 15,0,305,,2168,15,,,0
