401,'4833',645,,1635,6,,,0,100,,1636,19,,,0,100,,1637,19,,,0,100,,1638,19,,,0,100,,1639,19,,,0,100,,1640,19,,,0,100,,1641,19,,,0,100,,1633,19,,,0,100,,1634,19,,,0,100,,1632,19,,,0,100,,1631,19,,,0,100,,1630,19,,,0
401,'5323',645,,1648,6,,,0,100,,1649,19,,,0,100,,1650,19,,,0,100,,1651,19,,,0,100,,1652,19,,,0,100,,1653,19,,,0,100,,1654,19,,,0,100,,1646,19,,,0,100,,1647,19,,,0,100,,1645,19,,,0,100,,1644,19,,,0,100,,1643,19,,,0
401,'5325',845,,1655,19,,,0,100,,1657,19,,,0,100,,1658,19,,,0,100,,1656,19,,,0,100,,1660,19,,,0,100,,1659,19,,,0,100,,1661,19,,,0,100,,1662,19,,,0,100,,1663,19,,,0,100,,1664,19,,,0
401,'5326',645,,1672,6,,,0,100,,1673,19,,,0,100,,1674,19,,,0,100,,1675,19,,,0,100,,1676,19,,,0,100,,1677,19,,,0,100,,1678,19,,,0,100,,1670,19,,,0,100,,1671,19,,,0,100,,1669,19,,,0,100,,1668,19,,,0,100,,1667,19,,,0
401,'5328',845,,1679,19,,,0,100,,1681,19,,,0,100,,1683,19,,,0,100,,1680,19,,,0,100,,1684,19,,,0,100,,1682,19,,,0,100,,1685,19,,,0,100,,1686,19,,,0,100,,1687,19,,,0,100,,1688,19,,,0
1100,'5323',1836,,1978,9,,,0
1100,'5326',1836,,1981,9,,,0
3001,'5323',746,,2117,11,,,0,311,,2118,9,,,0,185,,2121,9,,,0,294,,2119,11,,,0,171,,2120,9,,,0
3001,'5325',846,,2122,11,,,0,211,,2123,9,,,0,185,,2124,9,,,0,294,,2125,11,,,0,171,,2126,9,,,0
3001,'5326',746,,2127,11,,,0,311,,2128,9,,,0,185,,2131,9,,,0,294,,2129,11,,,0,171,,2130,9,,,0
3001,'5328',846,,2132,11,,,0,211,,2133,9,,,0,185,,2134,9,,,0,294,,2135,11,,,0,171,,2136,9,,,0
7001,'5323',841,,2161,10,0,14 15,0,296,,2162,8,0,14 15,0,365,,2163,10,0,14 15,0,305,,2164,8,,,0
7001,'5326',841,,2165,10,0,14 15,0,296,,2166,8,0,14 15,0,365,,2167,10,0,14 15,0,305,,2168,8,,,0
