101,'5323',701,,1281,11,,,0,100,,1282,11,,,0,100,,1283,11,,,0,100,,1284,11,,,0,100,,1286,11,,,0,100,,1285,11,,,0,100,,1288,11,,,0,100,,1287,11,,,0,100,,1289,11,,,0,100,,1290,11,,,0,100,,1291,11,,,0,100,,1292,11,,,0
101,'5325',901,,1297,11,,,0,100,,1299,11,,,0,100,,1293,11,,,0,100,,1295,11,,,0,100,,1298,11,,,0,100,,1296,11,,,0,100,,1300,11,,,0,100,,1294,11,,,0,100,,1301,11,,,0,100,,1302,11,,,0
101,'5326',701,,1305,11,,,0,100,,1306,11,,,0,100,,1307,11,,,0,100,,1308,11,,,0,100,,1310,11,,,0,100,,1309,11,,,0,100,,1312,11,,,0,100,,1311,11,,,0,100,,1313,11,,,0,100,,1314,11,,,0,100,,1315,11,,,0,100,,1316,11,,,0
101,'5328',901,,1321,11,,,0,100,,1323,11,,,0,100,,1317,11,,,0,100,,1319,11,,,0,100,,1322,11,,,0,100,,1320,11,,,0,100,,1324,11,,,0,100,,1318,11,,,0,100,,1325,11,,,0,100,,1326,11,,,0
301,'5323',631,,1518,3,,,0,100,,1519,13,,,0,100,,1520,6,,,0,100,,1521,13,,,0,100,,1522,13,,,0,100,,1523,13,,,0,100,,1524,13,,,0,100,,1525,13,,,0,100,,1526,13,,,0,100,,1527,13,,,0,100,,1528,13,,,0,100,,1529,13,,,0
301,'5325',831,,1533,6,,,0,100,,1531,13,,,0,100,,1534,13,,,0,100,,1532,13,,,0,100,,1535,13,,,0,100,,1536,13,,,0,100,,1537,13,,,0,100,,1538,13,,,0,100,,1539,13,,,0,100,,1541,13,,,0
301,'5326',631,,1542,3,,,0,100,,1543,13,,,0,100,,1544,6,,,0,100,,1545,13,,,0,100,,1546,13,,,0,100,,1547,13,,,0,100,,1548,13,,,0,100,,1549,13,,,0,100,,1550,13,,,0,100,,1551,13,,,0,100,,1552,13,,,0,100,,1553,13,,,0
301,'5328',831,,1557,6,,,0,100,,1555,13,,,0,100,,1558,13,,,0,100,,1556,13,,,0,100,,1559,13,,,0,100,,1560,13,,,0,100,,1561,13,,,0,100,,1562,13,,,0,100,,1563,13,,,0,100,,1565,13,,,0
1500,'5323',1850,,1996,3,0,14 15,0,164,,1998,3,0,13,0,124,,2001,3,0,13,0,85,,2003,3,0,13,0
1500,'5325',1850,,2004,3,0,13,0,164,,2006,3,0,13,0,124,,2009,3,0,13,0,85,,2010,3,0,13,0
1500,'5326',1850,,2011,3,0,14 15,0,164,,2013,3,0,13,0,124,,2016,3,0,13,0,85,,2018,3,0,13,0
1500,'5328',1850,,2019,3,0,13,0,164,,2021,3,0,13,0,124,,2024,3,0,13,0,85,,2025,3,0,13,0
7001,'5323',846,,2161,16,0,14 15,0,296,,2162,14,0,14 15,0,365,,2163,16,0,14 15,0,305,,2164,14,,,0
7001,'5326',846,,2165,16,0,14 15,0,296,,2166,14,0,14 15,0,365,,2167,16,0,14 15,0,305,,2168,14,,,0
