100,146233,1,0
100,146163,2,0
100,146177,3,0
100,146065,4,0
100,146234,5,0
100,146061,6,0
100,146058,7,0
100,149013,8,0
100,146268,9,0
100,146001,10,0
100,146002,11,0
100,146003,12,0
100,146004,13,0
100,146008,14,0
100,146156,15,0
100,146229,16,0
100,146161,17,0
100,146244,18,0
100,146105,19,0
100,146106,20,0
100,146009,21,0
100,146010,22,0
100,146147,23,0
100,146145,24,0
100,146144,25,0
100,146142,26,0
100,146141,27,0
100,146139,28,0
100,146137,29,0
100,146135,30,0
100,146367,31,0
100,146201,32,0
100,146047,33,0
100,146034,34,0
100,146035,35,0
100,146216,36,0
100,146266,37,0
100,146172,38,0
100,146221,39,0
100,146267,40,0
100,146220,41,0
100,146245,42,0
100,146246,43,0
100,146247,44,1
101,146247,1,0
101,146248,2,0
101,146170,3,0
101,146168,4,0
101,146169,5,0
101,146020,6,0
101,146021,7,0
101,146042,8,0
101,146045,9,0
101,146130,10,0
101,146132,11,0
101,146133,12,0
101,146134,13,0
101,146136,14,0
101,146138,15,0
101,146140,16,0
101,146143,17,0
101,146146,18,0
101,146148,19,0
101,146000,20,0
101,146153,21,0
101,146156,22,0
101,146229,23,0
101,146157,24,0
101,146161,25,0
101,146244,26,0
101,146105,27,0
101,146106,28,0
101,146017,29,0
101,146005,30,0
101,146006,31,0
101,146007,32,0
101,146018,33,0
101,146111,34,0
101,146375,35,0
101,146059,36,0
101,146060,37,0
101,146233,38,1
101,146199,39,0
101,146178,40,0
101,146179,41,0
101,146234,42,1
200,146157,1,0
200,146151,2,0
200,146187,3,0
200,146186,4,0
200,146160,5,0
200,146318,6,0
200,146175,7,0
200,146173,8,0
200,146019,9,0
200,146038,10,0
200,146037,11,0
200,146212,12,0
200,146030,13,0
200,146281,14,0
200,146217,15,0
200,146036,16,0
200,146048,17,0
200,146046,18,0
200,146052,19,0
200,146076,20,0
200,146077,21,0
200,146079,22,0
200,146219,23,0
200,146190,24,0
200,146211,25,0
200,146109,26,0
200,146107,27,0
200,146114,28,0
200,146113,29,0
200,146196,30,0
200,146275,31,0
200,146276,32,0
200,146279,33,0
200,146280,34,1
201,146280,1,0
201,146278,2,0
201,146277,3,0
201,146200,4,0
201,146197,5,0
201,146112,6,0
201,146128,7,0
201,146104,8,0
201,146137,9,0
201,146135,10,0
201,146379,11,0
201,146380,12,0
201,146201,13,0
201,146025,14,0
201,146167,15,0
201,146166,16,0
201,146049,17,0
201,146050,18,0
201,146047,19,0
201,146034,20,0
201,146035,21,0
201,146216,22,0
201,146265,23,0
201,146029,24,0
201,146218,25,0
201,146039,26,0
201,146252,27,0
201,146012,28,0
201,146174,29,0
201,146176,30,0
201,146189,31,0
201,146159,32,0
201,146188,33,0
201,146150,34,0
201,146152,35,0
201,146157,36,1
300,146215,1,0
300,146232,2,0
300,146233,3,0
300,146163,4,0
300,146177,5,0
300,146065,6,0
300,146161,7,0
300,146244,8,0
300,146105,9,0
300,146106,10,0
300,146009,11,0
300,146010,12,0
300,146147,13,0
300,146204,14,0
300,146028,15,0
300,146155,16,0
300,146206,17,0
300,146210,18,0
300,146207,19,0
300,146251,20,0
300,146126,21,0
300,146125,22,0
300,146124,23,0
300,146209,24,0
300,146117,25,0
300,146198,26,0
300,146269,27,0
300,146108,28,0
300,146145,29,0
300,146144,30,0
300,146142,31,0
300,146141,32,0
300,146139,33,0
300,146137,34,0
300,146370,35,0
300,146074,36,0
300,146154,37,0
300,146025,38,0
300,146167,39,0
300,146228,40,1
300,146135,41,0
300,146367,42,0
300,146129,43,0
300,146023,44,0
300,146013,45,0
300,146253,46,0
300,146096,47,0
300,146095,48,0
300,146324,49,0
300,146194,50,0
300,146195,51,0
300,146239,52,1
301,146239,1,0
301,146101,2,0
301,146014,3,0
301,146165,4,0
301,146164,5,0
301,146227,6,0
301,146015,7,0
301,146228,8,0
301,146373,9,0
301,146042,10,0
301,146045,11,0
301,146130,12,0
301,146132,13,0
301,146133,14,0
301,146134,15,0
301,146136,16,0
301,146138,17,0
301,146140,18,0
301,146143,19,0
301,146146,20,0
301,146148,21,0
301,146000,22,0
301,146153,23,0
301,146156,24,0
301,146229,25,0
301,146157,26,0
301,146238,27,0
301,146237,28,0
301,146361,29,0
301,146236,30,0
301,146325,31,0
301,146231,32,0
301,146068,33,0
301,146071,34,0
301,146182,35,0
301,146040,36,0
301,146215,37,1
400,146157,1,0
400,146151,2,0
400,146187,3,0
400,146186,4,0
400,146160,5,0
400,146259,6,0
400,146261,7,0
400,146264,8,0
400,146030,9,0
400,146281,10,0
400,146266,11,0
400,146172,12,0
400,146222,13,0
400,146225,14,0
400,146021,15,0
400,146042,16,0
400,146053,17,0
400,146062,18,0
400,146063,19,0
400,146057,20,0
400,146174,21,0
400,146176,22,0
400,146219,23,0
400,146190,24,0
400,146100,25,0
400,146102,26,0
400,146103,27,0
400,146204,28,0
400,146028,29,0
400,146155,30,0
400,146206,31,0
400,146210,32,0
400,146207,33,0
400,146251,34,0
400,146126,35,0
400,146125,36,0
400,146124,37,0
400,146209,38,0
400,146117,39,1
401,146117,1,0
401,146198,2,0
401,146269,3,0
401,146108,4,0
401,146110,5,0
401,146191,6,0
401,146192,7,0
401,146318,8,0
401,146175,9,0
401,146173,10,0
401,146064,11,0
401,146055,12,0
401,149016,13,0
401,146043,14,0
401,146044,15,0
401,146226,16,0
401,146224,17,0
401,146223,18,0
401,146171,19,0
401,146265,20,0
401,146029,21,0
401,146262,22,0
401,146263,23,0
401,146260,24,0
401,146159,25,0
401,146188,26,0
401,146150,27,0
401,146152,28,0
401,146157,29,1
500,146089,1,0
500,146184,2,0
500,146185,3,0
500,146069,4,0
500,146070,5,0
500,146067,6,0
500,146230,7,0
500,146233,8,0
500,146363,9,0
500,146360,10,0
500,146362,11,0
500,146161,12,0
500,146257,13,0
500,146086,14,0
500,146084,15,0
500,146083,16,0
500,146318,17,0
500,146080,18,0
500,146078,19,0
500,146075,20,0
500,146074,21,0
500,146154,22,0
500,146025,23,0
500,146167,24,0
500,146166,25,0
500,146364,26,0
500,146049,27,1
501,146049,1,0
501,146050,2,0
501,146051,3,0
501,146052,4,0
501,146076,5,0
501,146077,6,0
501,146079,7,0
501,146219,8,0
501,146081,9,0
501,146082,10,0
501,146085,11,0
501,146087,12,0
501,146258,13,0
501,146161,14,0
501,146238,15,0
501,146237,16,0
501,146361,17,0
501,146236,18,0
501,146234,19,0
501,146061,20,0
501,146058,21,0
501,146376,22,0
501,146255,23,0
501,146377,24,0
501,146270,25,0
501,146089,26,1
1000,146161,1,0
1000,146151,2,0
1000,146187,3,0
1000,146186,4,0
1000,146160,5,0
1000,146318,6,0
1000,146175,7,0
1000,146173,8,0
1000,146064,9,0
1000,146055,10,0
1000,149016,11,0
1000,146048,12,0
1000,146045,13,0
1000,146013,14,0
1000,146253,15,0
1000,146365,16,0
1000,146096,17,0
1000,146095,18,0
1000,146194,19,0
1000,146195,20,0
1000,146239,21,0
1000,146101,22,0
1000,146256,23,0
1000,146283,24,0
1000,146122,25,0
1000,146119,26,0
1000,146121,27,0
1000,146213,28,0
1000,146041,29,0
1000,146091,30,0
1000,146149,31,1
1001,146149,1,0
1001,146072,2,0
1001,146202,3,0
1001,146203,4,0
1001,146214,5,0
1001,146282,6,0
1001,146240,7,0
1001,146241,8,0
1001,146120,9,0
1001,146118,10,0
1001,146123,11,0
1001,146162,12,0
1001,146015,13,0
1001,146021,14,0
1001,146042,15,0
1001,146046,16,0
1001,146052,17,0
1001,146076,18,0
1001,146077,19,0
1001,146079,20,0
1001,146219,21,0
1001,146081,22,0
1001,146082,23,0
1001,146188,24,0
1001,146150,25,0
1001,146161,26,1
1100,146336,1,0
1100,146337,2,0
1100,146338,3,0
1100,146339,4,0
1100,146340,5,0
1100,146341,6,0
1100,146368,7,0
1100,146369,8,0
1100,146171,9,0
1100,146265,10,0
1100,146217,11,0
1100,146036,12,0
1100,146333,13,0
1100,146053,14,0
1100,146062,15,0
1100,146063,16,0
1100,146057,17,0
1100,146159,18,0
1100,146188,19,0
1100,146150,20,0
1100,146157,21,1
1101,146157,1,0
1101,146151,2,0
1101,146187,3,0
1101,146186,4,0
1101,146160,5,0
1101,146055,6,0
1101,149016,7,0
1101,146034,8,0
1101,146035,9,0
1101,146216,10,0
1101,146265,11,0
1101,146334,12,0
1101,146335,13,0
1101,146336,14,1
1500,146045,1,0
1500,146130,2,0
1500,146132,3,0
1500,146133,4,0
1500,146134,5,0
1500,146136,6,0
1500,146138,7,0
1500,146140,8,0
1500,146143,9,0
1500,146146,10,0
1500,146204,11,0
1500,146028,12,0
1500,146155,13,0
1500,146206,14,0
1500,146117,15,0
1500,146198,16,0
1500,146269,17,0
1500,146108,18,0
1500,146110,19,0
1500,146191,20,0
1500,146192,21,0
1500,146081,22,0
1500,146082,23,0
1500,146085,24,0
1500,146087,25,0
1500,146258,26,0
1500,146157,27,0
1500,146238,28,0
1500,146237,29,0
1500,146375,30,0
1500,146376,31,0
1500,146255,32,0
1500,146377,33,0
1500,146270,34,0
1500,146089,35,0
1500,146184,36,0
1500,146185,37,0
1500,146069,38,0
1500,146070,39,0
1500,146067,40,0
1500,146230,41,0
1500,146066,42,0
1500,146234,43,0
1500,146163,45,0
1500,146177,46,0
1500,146065,47,0
1500,146161,48,0
1500,146151,49,0
1500,146187,50,0
1500,146186,51,0
1500,146160,52,0
1500,146318,53,0
1500,146175,54,0
1500,146173,55,0
1500,146019,56,0
1500,146038,57,0
1500,146037,58,0
1500,146212,59,0
1500,146030,60,0
1500,146281,61,0
1500,146217,62,0
1500,146036,63,0
1500,146048,64,0
1501,146047,1,0
1501,146034,2,0
1501,146035,3,0
1501,146216,4,0
1501,146265,5,0
1501,146029,6,0
1501,146218,7,0
1501,146039,8,0
1501,146252,9,0
1501,146012,10,0
1501,146174,11,0
1501,146176,12,0
1501,146189,13,0
1501,146159,14,0
1501,146188,15,0
1501,146150,16,0
1501,146152,17,0
1501,146157,18,0
1501,146199,19,0
1501,146178,20,0
1501,146179,21,0
1501,146234,22,0
1501,146231,23,0
1501,146068,24,0
1501,146071,25,0
1501,146183,26,0
1501,146090,27,0
1501,146088,28,0
1501,146378,29,0
1501,146254,30,0
1501,146274,31,0
1501,149013,32,0
1501,146268,33,0
1501,146360,34,0
1501,146362,35,0
1501,146161,36,0
1501,146257,37,0
1501,146086,38,0
1501,146084,39,0
1501,146083,40,0
1501,146190,41,0
1501,146100,42,0
1501,146102,43,0
1501,146103,44,0
1501,146204,45,0
1501,146028,46,0
1501,146155,47,0
1501,146206,48,0
1501,146117,49,0
1501,146198,50,0
1501,146269,51,0
1501,146108,52,0
1501,146144,53,0
1501,146142,54,0
1501,146141,55,0
1501,146139,56,0
1501,146137,57,0
1501,146135,58,0
1501,146367,59,0
1501,146201,60,0
1600,146215,1,0
1600,146232,2,0
1600,146233,3,0
1600,146163,4,0
1600,146177,5,0
1600,146065,6,0
1600,146161,7,0
1600,146257,8,0
1600,146086,9,0
1600,146084,10,0
1600,146083,11,0
1600,146190,12,0
1600,146100,13,0
1600,146102,14,0
1600,146103,15,0
1600,146145,16,0
1600,146144,17,0
1600,146142,18,0
1600,146141,19,0
1600,146139,20,0
1600,146137,21,0
1600,146135,22,0
1600,146367,23,0
1600,146201,24,0
1600,146047,25,0
1600,146034,26,0
1600,146035,27,0
1600,146216,28,0
1600,146266,29,0
1600,146172,30,0
1600,146221,31,0
1600,146267,32,0
1600,146220,33,0
1600,146245,34,0
1600,146246,35,0
1600,146247,36,0
1600,146250,37,1
1601,146250,1,0
1601,146031,2,0
1601,146032,3,0
1601,146033,4,0
1601,146022,5,0
1601,146016,6,0
1601,146253,7,0
1601,146228,8,0
1601,146373,9,0
1601,146042,10,0
1601,146051,11,0
1601,146052,12,0
1601,146076,13,0
1601,146077,14,0
1601,146079,15,0
1601,146219,16,0
1601,146081,17,0
1601,146082,18,0
1601,146085,19,0
1601,146087,20,0
1601,146258,21,0
1601,146157,22,0
1601,146238,23,0
1601,146237,24,0
1601,146375,25,0
1601,146376,26,0
1601,146255,27,0
1601,146377,28,0
1601,146270,29,0
1601,146089,30,0
1601,146184,31,0
1601,146185,32,0
1601,146182,33,0
1601,146040,34,0
1601,146215,35,1
2000,146292,1,0
2000,146297,2,0
2000,146299,3,0
2000,146302,4,0
2000,146304,5,0
2000,146306,6,0
2000,146307,7,0
2000,146311,8,0
2000,146312,9,0
2000,146313,10,0
2000,146315,11,0
2000,146314,12,0
2000,146356,13,0
2000,146357,14,0
2000,146309,15,0
2000,146378,16,0
2000,146254,17,0
2000,146274,18,0
2000,149013,19,0
2000,146268,20,0
2000,146360,21,0
2000,146362,22,0
2000,146157,23,1
2001,146157,1,0
2001,146238,2,0
2001,146237,3,0
2001,146375,4,0
2001,146376,5,0
2001,146255,6,0
2001,146377,7,0
2001,146270,8,0
2001,146311,9,0
2001,146312,10,0
2001,146313,11,0
2001,146315,12,0
2001,146314,13,0
2001,146356,14,0
2001,146357,15,0
2001,146310,16,0
2001,146308,17,0
2001,146305,18,0
2001,146303,19,0
2001,146301,20,0
2001,146300,21,0
2001,146298,22,0
2001,146293,23,1
2100,146293,1,0
2100,146354,2,0
2100,146296,3,0
2100,146295,4,0
2100,146344,5,0
2100,146345,6,0
2100,146294,7,0
2100,146343,8,0
2100,146291,9,0
2100,146353,10,0
2100,146352,11,0
2100,146351,12,0
2100,146350,13,0
2100,146349,14,0
2100,146348,15,0
2100,146347,16,0
2100,146346,17,0
2100,146292,18,1
3000,146161,1,0
3000,146244,2,0
3000,146105,3,0
3000,146106,4,0
3000,146009,5,0
3000,146010,6,0
3000,146147,7,0
3000,146145,8,0
3000,146110,9,0
3000,146191,10,0
3000,146192,11,0
3000,146259,12,0
3000,146261,13,0
3000,146264,14,0
3000,146030,15,0
3000,146281,16,0
3000,146266,17,0
3000,146172,18,0
3000,146221,19,0
3000,146267,20,0
3000,146220,21,0
3000,146287,22,0
3000,146288,23,0
3000,146289,24,0
3000,146285,25,0
3000,146290,26,0
3000,146242,27,0
3000,146243,28,0
3001,146290,1,0
3001,146242,2,0
3001,146243,3,0
3001,146284,4,0
3001,146285,5,0
3001,146286,6,0
3001,146287,7,0
3001,146288,8,0
3001,146368,9,0
3001,146369,10,0
3001,146171,11,0
3001,146265,12,0
3001,146029,13,0
3001,146262,14,0
3001,146263,15,0
3001,146260,16,0
3001,146190,17,0
3001,146211,18,0
3001,146146,19,0
3001,146148,20,0
3001,146000,21,0
3001,146153,22,0
3001,146161,23,1
4000,146316,1,0
4000,149010,2,0
4000,149015,3,0
4000,149002,4,0
4000,146343,5,0
4000,146322,6,0
4000,146233,7,0
4000,146161,8,0
4000,146147,9,0
4000,146030,10,0
4000,146048,11,0
4000,146045,12,1
4001,146047,1,0
4001,146034,2,0
4001,146029,3,0
4001,146148,4,0
4001,146157,5,0
4001,146234,6,0
4001,146322,7,0
4001,146343,8,0
4001,149002,9,0
4001,149014,10,0
4001,149010,11,0
4001,146316,12,1
4100,146328,1,0
4100,146327,2,0
4100,146332,3,0
4100,146331,4,0
4100,146330,5,0
4100,146329,6,0
4100,146326,7,0
4100,146316,8,1
5000,150000,1,0
5000,149003,2,0
5000,149005,3,0
5000,149006,4,0
5000,149004,5,0
5000,149012,6,0
5000,149007,7,0
5000,149008,8,0
5000,146233,9,0
5000,146161,10,0
5000,146047,11,0
5000,146374,12,1
5001,146374,1,0
5001,146047,2,0
5001,146157,3,0
5001,146234,4,0
5001,149009,5,0
5001,149007,6,0
5001,149012,7,0
5001,149004,8,0
5001,149005,9,0
5001,149003,10,0
5001,150000,11,1
7000,146156,1,0
7000,146229,2,0
7000,146375,3,0
7000,146376,4,0
7000,146255,5,0
7000,146377,6,0
7000,146270,7,0
7000,146089,8,0
7000,146184,9,0
7000,146185,10,0
7000,146069,11,0
7000,146070,12,0
7000,146067,13,0
7000,146230,14,0
7000,146233,15,0
7000,146163,16,0
7000,146177,17,0
7000,146065,18,0
7000,146151,19,0
7000,146187,20,0
7000,146186,21,0
7000,146160,22,0
7000,146190,23,0
7000,146211,24,0
7000,146144,25,0
7000,146142,26,0
7000,146141,27,0
7000,146139,28,0
7000,146137,29,0
7000,146135,30,0
7000,146367,31,0
7000,146201,32,0
7000,146047,33,0
7000,146034,34,0
7000,146035,35,0
7000,146216,36,0
7000,146266,37,0
7000,146172,38,0
7000,146221,39,0
7000,146267,40,0
7000,146220,41,0
7000,146289,42,0
7000,148000,43,0
7000,140222,44,0
7000,103690,45,0
7000,140213,46,0
7000,103745,47,0
7000,140215,48,1
7001,140215,1,0
7001,103744,2,0
7001,140214,3,0
7001,103689,4,0
7001,140221,5,0
7001,146243,6,0
7001,146286,7,0
7001,146368,8,0
7001,146369,9,0
7001,146171,10,0
7001,146217,11,0
7001,146036,12,0
7001,146048,13,0
7001,146045,14,0
7001,146130,15,0
7001,146132,16,0
7001,146133,17,0
7001,146134,18,0
7001,146136,19,0
7001,146138,20,0
7001,146140,21,0
7001,146143,22,0
7001,146110,23,0
7001,146191,24,0
7001,146192,25,0
7001,146159,26,0
7001,146188,27,0
7001,146150,28,0
7001,146152,29,0
7001,146199,30,0
7001,146178,31,0
7001,146179,32,0
7001,146234,33,0
7001,146231,34,0
7001,146068,35,0
7001,146071,36,0
7001,146183,37,0
7001,146090,38,0
7001,146088,39,0
7001,146378,40,0
7001,146254,41,0
7001,146274,42,0
7001,149013,43,0
7001,146268,44,1
7001,146161,45,1
