101,'4833',702,,1268,13,,,0,100,,1269,13,,,0,100,,1270,13,,,0,100,,1271,13,,,0,100,,1273,13,,,0,100,,1272,13,,,0,100,,1275,13,,,0,100,,1274,13,,,0,100,,1276,13,,,0,100,,1277,13,,,0,100,,1278,13,,,0,100,,1279,13,,,0
101,'5323',702,,1281,13,,,0,100,,1282,13,,,0,100,,1283,13,,,0,100,,1284,13,,,0,100,,1286,13,,,0,100,,1285,13,,,0,100,,1288,13,,,0,100,,1287,13,,,0,100,,1289,13,,,0,100,,1290,13,,,0,100,,1291,13,,,0,100,,1292,13,,,0
101,'5325',902,,1297,13,,,0,100,,1299,13,,,0,100,,1293,13,,,0,100,,1295,13,,,0,100,,1298,13,,,0,100,,1296,13,,,0,100,,1300,13,,,0,100,,1294,13,,,0,100,,1301,13,,,0,100,,1302,13,,,0
101,'5326',702,,1305,13,,,0,100,,1306,13,,,0,100,,1307,13,,,0,100,,1308,13,,,0,100,,1310,13,,,0,100,,1309,13,,,0,100,,1312,13,,,0,100,,1311,13,,,0,100,,1313,13,,,0,100,,1314,13,,,0,100,,1315,13,,,0,100,,1316,13,,,0
101,'5328',902,,1321,13,,,0,100,,1323,13,,,0,100,,1317,13,,,0,100,,1319,13,,,0,100,,1322,13,,,0,100,,1320,13,,,0,100,,1324,13,,,0,100,,1318,13,,,0,100,,1325,13,,,0,100,,1326,13,,,0
301,'4833',632,,1505,5,,,0,100,,1506,15,,,0,100,,1507,8,,,0,100,,1508,15,,,0,100,,1509,15,,,0,100,,1510,15,,,0,100,,1511,15,,,0,100,,1512,15,,,0,100,,1513,15,,,0,100,,1514,15,,,0,100,,1515,15,,,0,100,,1516,15,,,0
301,'5323',632,,1518,5,,,0,100,,1519,15,,,0,100,,1520,8,,,0,100,,1521,15,,,0,100,,1522,15,,,0,100,,1523,15,,,0,100,,1524,15,,,0,100,,1525,15,,,0,100,,1526,15,,,0,100,,1527,15,,,0,100,,1528,15,,,0,100,,1529,15,,,0
301,'5325',832,,1533,8,,,0,100,,1531,15,,,0,100,,1534,15,,,0,100,,1532,15,,,0,100,,1535,15,,,0,100,,1536,15,,,0,100,,1537,15,,,0,100,,1538,15,,,0,100,,1539,15,,,0,100,,1541,15,,,0
301,'5326',632,,1542,5,,,0,100,,1543,15,,,0,100,,1544,8,,,0,100,,1545,15,,,0,100,,1546,15,,,0,100,,1547,15,,,0,100,,1548,15,,,0,100,,1549,15,,,0,100,,1550,15,,,0,100,,1551,15,,,0,100,,1552,15,,,0,100,,1553,15,,,0
301,'5328',832,,1557,8,,,0,100,,1555,15,,,0,100,,1558,15,,,0,100,,1556,15,,,0,100,,1559,15,,,0,100,,1560,15,,,0,100,,1561,15,,,0,100,,1562,15,,,0,100,,1563,15,,,0,100,,1565,15,,,0
1500,'4833',1851,,1988,5,0,14 15,0,164,,1990,5,0,13,0,124,,1993,5,0,13,0,85,,1995,5,0,13,0
1500,'5323',1851,,1996,5,0,14 15,0,164,,1998,5,0,13,0,124,,2001,5,0,13,0,85,,2003,5,0,13,0
1500,'5325',1851,,2004,5,0,13,0,164,,2006,5,0,13,0,124,,2009,5,0,13,0,85,,2010,5,0,13,0
1500,'5326',1851,,2011,5,0,14 15,0,164,,2013,5,0,13,0,124,,2016,5,0,13,0,85,,2018,5,0,13,0
1500,'5328',1851,,2019,5,0,13,0,164,,2021,5,0,13,0,124,,2024,5,0,13,0,85,,2025,5,0,13,0
7001,'5323',846,,2161,18,0,14 15,0,296,,2162,16,0,14 15,0,365,,2163,18,0,14 15,0,305,,2164,16,,,0
7001,'5326',846,,2165,18,0,14 15,0,296,,2166,16,0,14 15,0,365,,2167,18,0,14 15,0,305,,2168,16,,,0
