200,'5323',638,,1340,13,,,0,100,,1341,13,,,0,100,,1342,13,,,0,100,,1343,13,,,0,100,,1344,13,,,0,100,,1345,13,,,0,100,,1346,13,,,0,100,,1347,13,,,0,100,,1348,13,,,0,100,,1349,13,,,0,100,,1350,13,,,0,100,,1351,13,,,0
200,'5325',838,,1352,13,,,0,100,,1353,13,,,0,100,,1354,13,,,0,100,,1355,13,,,0,100,,1356,13,,,0,100,,1357,13,,,0,100,,1358,13,,,0,100,,1359,13,,,0,100,,1360,13,,,0,100,,1361,13,,,0
200,'5326',638,,1362,13,,,0,100,,1363,13,,,0,100,,1364,13,,,0,100,,1365,13,,,0,100,,1366,13,,,0,100,,1367,13,,,0,100,,1368,13,,,0,100,,1369,13,,,0,100,,1370,13,,,0,100,,1371,13,,,0,100,,1372,13,,,0,100,,1373,13,,,0
200,'5328',838,,1374,13,,,0,100,,1375,13,,,0,100,,1376,13,,,0,100,,1377,13,,,0,100,,1378,13,,,0,100,,1379,13,,,0,100,,1380,13,,,0,100,,1381,13,,,0,100,,1382,13,,,0,100,,1383,13,,,0
400,'5323',705,,1579,9,,,0,100,,1584,9,,,0,100,,1586,9,,,0,100,,1587,9,,,0,100,,1588,9,,,0,100,,1589,9,,,0,100,,1590,9,,,0,100,,1591,9,,,0,100,,1585,9,,,0,100,,1582,9,,,0,100,,1583,9,,,0,100,,1581,9,0,7 6,0
400,'5325',805,,1595,9,,,0,100,,1598,9,,,0,100,,1592,9,,,0,100,,1593,9,,,0,100,,1596,9,,,0,100,,1597,9,,,0,100,,1594,9,,,0,100,,1599,9,,,0,100,,1600,9,,,0,100,,1601,9,,,0,100,,1602,9,0,7 6,0
400,'5326',705,,1604,9,,,0,100,,1609,9,,,0,100,,1611,9,,,0,100,,1612,9,,,0,100,,1613,9,,,0,100,,1614,9,,,0,100,,1615,9,,,0,100,,1616,9,,,0,100,,1610,9,,,0,100,,1607,9,,,0,100,,1608,9,,,0,100,,1606,9,0,7 6,0
400,'5328',805,,1620,9,,,0,100,,1623,9,,,0,100,,1617,9,,,0,100,,1618,9,,,0,100,,1621,9,,,0,100,,1622,9,,,0,100,,1619,9,,,0,100,,1624,9,,,0,100,,1625,9,,,0,100,,1626,9,,,0,100,,1627,9,0,7 6,0
1500,'5323',2009,,1999,18,,,0,124,,2000,18,,,0,85,,2002,18,,,0
1500,'5325',2009,,2005,18,,,0,124,,2008,18,,,0,85,,2007,18,,,0
1500,'5326',2009,,2014,18,,,0,124,,2015,18,,,0,85,,2017,18,,,0
1500,'5328',2009,,2020,18,,,0,124,,2023,18,,,0,85,,2022,18,,,0
3000,'5323',814,,2098,15,,,0,310,,2097,15,,,0,185,,2101,15,,,0,295,,2099,15,,,0,131,,2100,15,,,0
3000,'5325',914,,2102,15,,,0,210,,2103,15,,,0,185,,2105,15,,,0,295,,2104,15,,,0,131,,2106,15,,,0
3000,'5326',814,,2108,15,,,0,310,,2107,15,,,0,185,,2111,15,,,0,295,,2109,15,,,0,131,,2110,15,,,0
3000,'5328',914,,2112,15,,,0,210,,2113,15,,,0,185,,2115,15,,,0,295,,2114,15,,,0,131,,2116,15,,,0
4000,'5323',834,,2138,25,4,,0,516,,2137,25,4,,0
4000,'5326',834,,2140,25,4,,0,516,,2139,25,4,,0
