401,'5323',740,,1649,12,,,0,100,,1650,12,,,0,100,,1651,12,,,0,100,,1652,12,,,0,100,,1653,12,,,0,100,,1654,12,,,0,100,,1646,12,,,0,100,,1647,12,,,0,100,,1645,12,,,0,100,,1644,12,,,0,100,,1643,12,,,0,107,,1642,12,0,7 6,0
401,'5325',840,,1655,12,,,0,100,,1657,12,,,0,100,,1658,12,,,0,100,,1656,12,,,0,100,,1660,12,,,0,100,,1659,12,,,0,100,,1661,12,,,0,100,,1662,12,,,0,100,,1663,12,,,0,100,,1664,12,,,0,107,,1665,12,0,7 6,0
401,'5326',740,,1673,12,,,0,100,,1674,12,,,0,100,,1675,12,,,0,100,,1676,12,,,0,100,,1677,12,,,0,100,,1678,12,,,0,100,,1670,12,,,0,100,,1671,12,,,0,100,,1669,12,,,0,100,,1668,12,,,0,100,,1667,12,,,0,107,,1666,12,0,7 6,0
401,'5328',840,,1679,12,,,0,100,,1681,12,,,0,100,,1683,12,,,0,100,,1680,12,,,0,100,,1684,12,,,0,100,,1682,12,,,0,100,,1685,12,,,0,100,,1686,12,,,0,100,,1687,12,,,0,100,,1688,12,,,0,107,,1689,12,0,7 6,0
1000,'5323',647,,1944,10,,,0,162,,1945,10,,,0,123,,1948,10,,,0,305,,1946,10,,,0,407,,1947,10,,,0
1000,'5325',809,,1949,10,,,0,428,,1950,10,,,0,407,,1951,10,,,0
1000,'5326',647,,1952,10,,,0,162,,1953,10,,,0,123,,1956,10,,,0,305,,1954,10,,,0,407,,1955,10,,,0
1000,'5328',809,,1957,10,,,0,428,,1958,10,,,0,407,,1959,10,,,0
1101,'5323',1239,,1984,6,,,0,572,,1982,6,,,0
1101,'5326',1239,,1987,6,,,0,572,,1985,6,,,0
