100,'4833',637,,1206,23,,,0,100,,1207,23,,,0,100,,1208,16,,,0,100,,1209,23,,,0,100,,1210,23,,,0,100,,1211,23,,,0,100,,1212,23,,,0,100,,1213,23,,,0,100,,1214,23,,,0,100,,1215,23,,,0,100,,1216,23,,,0,100,,1217,23,,,0
100,'5323',637,,1219,23,,,0,100,,1220,23,,,0,100,,1221,16,,,0,100,,1222,23,,,0,100,,1223,23,,,0,100,,1224,23,,,0,100,,1225,23,,,0,100,,1226,23,,,0,100,,1227,23,,,0,100,,1228,23,,,0,100,,1229,23,,,0,100,,1230,23,,,0
100,'5325',837,,1232,16,,,0,100,,1234,23,,,0,100,,1239,23,,,0,100,,1242,23,,,0,100,,1235,23,,,0,100,,1233,23,,,0,100,,1237,23,,,0,100,,1238,23,,,0,100,,1236,23,,,0,100,,1241,23,,,0
100,'5326',637,,1243,23,,,0,100,,1244,23,,,0,100,,1245,16,,,0,100,,1246,23,,,0,100,,1247,23,,,0,100,,1248,23,,,0,100,,1249,23,,,0,100,,1250,23,,,0,100,,1251,23,,,0,100,,1252,23,,,0,100,,1253,23,,,0,100,,1254,23,,,0
100,'5328',837,,1256,16,,,0,100,,1259,23,,,0,100,,1263,23,,,0,100,,1266,23,,,0,100,,1258,23,,,0,100,,1257,23,,,0,100,,1261,23,,,0,100,,1262,23,,,0,100,,1260,23,,,0,100,,1265,23,,,0
300,'4833',706,,1445,18,,,0,109,,1446,32,0,11 12,0,91,,1447,18,,,0,100,,1448,18,,,0,100,,1450,18,,,0,100,,1449,18,,,0,100,,1451,18,,,0,100,,1452,18,,,0,100,,1453,18,,,0,100,,1454,18,,,0,100,,1455,18,,,0,100,,1456,18,,,0
300,'5323',706,,1458,18,,,0,109,,1459,32,0,11 12,0,91,,1460,18,,,0,100,,1461,18,,,0,100,,1463,18,,,0,100,,1462,18,,,0,100,,1464,18,,,0,100,,1465,18,,,0,100,,1466,18,,,0,100,,1467,18,,,0,100,,1468,18,,,0,100,,1469,18,,,0
300,'5325',815,,1472,26,0,11 12,0,91,,1473,18,,,0,100,,1474,18,,,0,100,,1471,18,,,0,100,,1475,18,,,0,100,,1476,18,,,0,100,,1477,18,,,0,100,,1478,18,,,0,100,,1479,18,,,0,100,,1480,18,,,0,100,,1481,18,,,0
300,'5326',706,,1482,18,,,0,109,,1483,32,0,11 12,0,91,,1484,18,,,0,100,,1485,18,,,0,100,,1487,18,,,0,100,,1486,18,,,0,100,,1488,18,,,0,100,,1489,18,,,0,100,,1490,18,,,0,100,,1491,18,,,0,100,,1492,18,,,0,100,,1493,18,,,0
300,'5328',906,,1496,18,,,0,100,,1497,18,,,0,100,,1495,18,,,0,100,,1498,18,,,0,100,,1499,18,,,0,100,,1500,18,,,0,100,,1501,18,,,0,100,,1502,18,,,0,100,,1503,18,,,0,100,,1504,18,,,0
1501,'4833',1936,,2026,34,0,7,0,164,,2028,34,0,7,0
1501,'5323',1936,,2030,34,0,7,0,164,,2032,34,0,7,0
1501,'5325',1936,,2035,34,0,7,0,164,,2036,34,0,7,0
1501,'5326',1936,,2038,34,0,7,0,164,,2040,34,0,7,0
1501,'5328',1936,,2043,34,0,7,0,164,,2044,34,0,7,0
1600,'5322',908,,2046,14,,,0,100,,2049,20,,,0,100,,2048,20,,,0,100,,2047,20,,,0,100,,2050,20,,,0,100,,2051,20,,,0,100,,2052,20,,,0,100,,2053,20,,,0,100,,2054,20,,,0,100,,2056,20,,,0
7000,'5323',609,,2153,27,,,0,305,,2154,10,,,0,324,,2155,10,,,0,300,,2156,10,,,0
7000,'5326',609,,2157,27,,,0,305,,2158,10,,,0,324,,2159,10,,,0,300,,2160,10,,,0
