200,'5323',645,,1340,19,,,0,100,,1341,19,,,0,100,,1342,19,,,0,100,,1343,19,,,0,100,,1344,19,,,0,100,,1345,19,,,0,100,,1346,19,,,0,100,,1347,19,,,0,100,,1348,19,,,0,100,,1349,19,,,0,100,,1350,19,,,0,100,,1351,19,,,0
200,'5325',845,,1352,19,,,0,100,,1353,19,,,0,100,,1354,19,,,0,100,,1355,19,,,0,100,,1356,19,,,0,100,,1357,19,,,0,100,,1358,19,,,0,100,,1359,19,,,0,100,,1360,19,,,0,100,,1361,19,,,0
200,'5326',645,,1362,19,,,0,100,,1363,19,,,0,100,,1364,19,,,0,100,,1365,19,,,0,100,,1366,19,,,0,100,,1367,19,,,0,100,,1368,19,,,0,100,,1369,19,,,0,100,,1370,19,,,0,100,,1371,19,,,0,100,,1372,19,,,0,100,,1373,19,,,0
200,'5328',845,,1374,19,,,0,100,,1375,19,,,0,100,,1376,19,,,0,100,,1377,19,,,0,100,,1378,19,,,0,100,,1379,19,,,0,100,,1380,19,,,0,100,,1381,19,,,0,100,,1382,19,,,0,100,,1383,19,,,0
501,'5210',1218,,1840,4,,,0,100,,1841,4,,,0,100,,1842,4,,,0,100,,1843,4,,,0
501,'5323',648,,1844,2,,,0,70,,1854,2,,,0,30,,1845,4,,,0,70,,1866,4,,,0,30,,1847,4,,,0,70,,1855,4,,,0,30,,1848,4,,,0,70,,1856,4,,,0,30,,1849,4,,,0,70,,1857,4,,,0,30,,1846,4,,,0,70,,1858,4,,,0,30,,1851,4,,,0,70,,1859,4,,,0,30,,1850,4,,,0,70,,1860,4,,,0,30,,1852,4,,,0,70,,1867,4,,,0,30,,1853,4,,,0,70,,1865,4,,,0,30,,1861,4,,,0,70,,1862,4,,,0,30,,1863,4,,,0,70,,1864,4,,,0
501,'5325',848,,1873,2,,,0,70,,1884,2,,,0,30,,1875,4,,,0,70,,1885,4,,,0,30,,1876,4,,,0,70,,1881,4,,,0,30,,1872,4,,,0,70,,1882,4,,,0,30,,1877,4,,,0,70,,1883,4,,,0,30,,1868,4,,,0,70,,1886,4,,,0,30,,1869,4,,,0,70,,1887,4,,,0,30,,1870,4,,,0,70,,1878,4,,,0,30,,1871,4,,,0,70,,1879,4,,,0,30,,1874,4,,,0,70,,1880,4,,,0
501,'5326',648,,1888,2,,,0,70,,1898,2,,,0,30,,1889,4,,,0,70,,1910,4,,,0,30,,1891,4,,,0,70,,1899,4,,,0,30,,1892,4,,,0,70,,1900,4,,,0,30,,1893,4,,,0,70,,1901,4,,,0,30,,1890,4,,,0,70,,1902,4,,,0,30,,1895,4,,,0,70,,1903,4,,,0,30,,1894,4,,,0,70,,1904,4,,,0,30,,1896,4,,,0,70,,1911,4,,,0,30,,1897,4,,,0,70,,1909,4,,,0,30,,1905,4,,,0,70,,1906,4,,,0,30,,1907,4,,,0,70,,1908,4,,,0,30,,1914,4,,,0,100,,1915,4,,,0,100,,1916,4,,,0,100,,1917,4,,,0,100,,1912,4,,,0,100,,1913,4,0,21,0
501,'5328',848,,1923,2,,,0,70,,1934,2,,,0,30,,1925,4,,,0,70,,1935,4,,,0,30,,1926,4,,,0,70,,1931,4,,,0,30,,1922,4,,,0,70,,1932,4,,,0,30,,1927,4,,,0,70,,1933,4,,,0,30,,1918,4,,,0,70,,1936,4,,,0,30,,1919,4,,,0,70,,1937,4,,,0,30,,1920,4,,,0,70,,1928,4,,,0,30,,1921,4,,,0,70,,1929,4,,,0,30,,1924,4,,,0,70,,1930,4,,,0,30,,1940,4,,,0,100,,1941,4,,,0,100,,1942,4,,,0,100,,1943,4,,,0,100,,1939,4,,,0,100,,1938,4,0,21,0
1001,'5323',748,,1960,18,,,0,164,,1961,18,,,0,123,,1964,18,,,0,311,,1962,18,,,0,403,,1963,18,,,0
1001,'5325',912,,1965,18,,,0,434,,1967,18,,,0,403,,1966,18,,,0
1001,'5326',748,,1968,18,,,0,164,,1969,18,,,0,123,,1972,18,,,0,311,,1970,18,,,0,403,,1971,18,,,0
1001,'5328',912,,1973,18,,,0,434,,1975,18,,,0,403,,1974,18,,,0
1601,'5210',929,,2057,12,,,0,100,,2059,12,,,0,100,,2058,12,,,0,100,,2060,12,,,0,100,,2062,12,,,0,100,,2061,12,,,0,100,,2064,12,,,0,100,,2063,12,,,0,100,,2066,12,,,0,100,,2065,12,,,0
