100,'5323',638,,1219,24,,,0,100,,1220,24,,,0,100,,1221,17,,,0,100,,1222,24,,,0,100,,1223,24,,,0,100,,1224,24,,,0,100,,1225,24,,,0,100,,1226,24,,,0,100,,1227,24,,,0,100,,1228,24,,,0,100,,1229,24,,,0,100,,1230,24,,,0
100,'5325',838,,1232,17,,,0,100,,1234,24,,,0,100,,1239,24,,,0,100,,1242,24,,,0,100,,1235,24,,,0,100,,1233,24,,,0,100,,1237,24,,,0,100,,1238,24,,,0,100,,1236,24,,,0,100,,1241,24,,,0
100,'5326',638,,1243,24,,,0,100,,1244,24,,,0,100,,1245,17,,,0,100,,1246,24,,,0,100,,1247,24,,,0,100,,1248,24,,,0,100,,1249,24,,,0,100,,1250,24,,,0,100,,1251,24,,,0,100,,1252,24,,,0,100,,1253,24,,,0,100,,1254,24,,,0
100,'5328',838,,1256,17,,,0,100,,1259,24,,,0,100,,1263,24,,,0,100,,1266,24,,,0,100,,1258,24,,,0,100,,1257,24,,,0,100,,1261,24,,,0,100,,1262,24,,,0,100,,1260,24,,,0,100,,1265,24,,,0
201,'5323',659,,1397,9,,,0,100,,1398,9,,,0,100,,1399,9,,,0,100,,1400,9,,,0,100,,1401,9,,,0,100,,1402,9,,,0,100,,1403,9,,,0,100,,1404,9,,,0,100,,1405,9,,,0,100,,1406,9,,,0,100,,1407,9,,,0,100,,1408,9,0,7 6,0
201,'5325',759,,1410,9,,,0,100,,1411,9,,,0,100,,1412,9,,,0,100,,1413,9,,,0,100,,1414,9,,,0,100,,1415,9,,,0,100,,1416,9,,,0,100,,1417,9,,,0,100,,1418,9,,,0,100,,1419,9,,,0,100,,1420,9,,,0
201,'5326',659,,1421,9,,,0,100,,1422,9,,,0,100,,1423,9,,,0,100,,1424,9,,,0,100,,1425,9,,,0,100,,1426,9,,,0,100,,1427,9,,,0,100,,1428,9,,,0,100,,1429,9,,,0,100,,1430,9,,,0,100,,1431,9,,,0,100,,1432,9,0,7 6,0
201,'5328',759,,1434,9,,,0,100,,1435,9,,,0,100,,1437,9,,,0,100,,1436,9,,,0,100,,1438,9,,,0,100,,1439,9,,,0,100,,1440,9,,,0,100,,1441,9,,,0,100,,1442,9,,,0,100,,1443,9,,,0,100,,1444,9,,,0
300,'5323',707,,1458,19,,,0,109,,1459,33,0,11 12,0,91,,1460,19,,,0,100,,1461,19,,,0,100,,1463,19,,,0,100,,1462,19,,,0,100,,1464,19,,,0,100,,1465,19,,,0,100,,1466,19,,,0,100,,1467,19,,,0,100,,1468,19,,,0,100,,1469,19,,,0
300,'5325',816,,1472,27,0,11 12,0,91,,1473,19,,,0,100,,1474,19,,,0,100,,1471,19,,,0,100,,1475,19,,,0,100,,1476,19,,,0,100,,1477,19,,,0,100,,1478,19,,,0,100,,1479,19,,,0,100,,1480,19,,,0,100,,1481,19,,,0
300,'5326',707,,1482,19,,,0,109,,1483,33,0,11 12,0,91,,1484,19,,,0,100,,1485,19,,,0,100,,1487,19,,,0,100,,1486,19,,,0,100,,1488,19,,,0,100,,1489,19,,,0,100,,1490,19,,,0,100,,1491,19,,,0,100,,1492,19,,,0,100,,1493,19,,,0
300,'5328',907,,1496,19,,,0,100,,1497,19,,,0,100,,1495,19,,,0,100,,1498,19,,,0,100,,1499,19,,,0,100,,1500,19,,,0,100,,1501,19,,,0,100,,1502,19,,,0,100,,1503,19,,,0,100,,1504,19,,,0
1501,'5323',1936,,2030,35,0,7,0,164,,2032,35,0,7,0
1501,'5325',1936,,2035,35,0,7,0,164,,2036,35,0,7,0
1501,'5326',1936,,2038,35,0,7,0,164,,2040,35,0,7,0
1501,'5328',1936,,2043,35,0,7,0,164,,2044,35,0,7,0
1600,'5210',908,,2046,15,,,0,100,,2049,21,,,0,100,,2048,21,,,0,100,,2047,21,,,0,100,,2050,21,,,0,100,,2051,21,,,0,100,,2052,21,,,0,100,,2053,21,,,0,100,,2054,21,,,0,100,,2056,21,,,0
7000,'5323',609,,2153,28,,,0,305,,2154,11,,,0,324,,2155,11,,,0,300,,2156,11,,,0
7000,'5326',609,,2157,28,,,0,305,,2158,11,,,0,324,,2159,11,,,0,300,,2160,11,,,0
