301,'5323',646,,1518,24,,,0,100,,1519,34,,,0,100,,1520,27,,,0,100,,1521,34,,,0,100,,1522,34,,,0,100,,1523,34,,,0,100,,1524,34,,,0,100,,1525,34,,,0,100,,1526,34,,,0,100,,1527,34,,,0,100,,1528,34,,,0,100,,1529,34,,,0
301,'5325',846,,1533,27,,,0,100,,1531,34,,,0,100,,1534,34,,,0,100,,1532,34,,,0,100,,1535,34,,,0,100,,1536,34,,,0,100,,1537,34,,,0,100,,1538,34,,,0,100,,1539,34,,,0,100,,1541,34,,,0
301,'5326',646,,1542,24,,,0,100,,1543,34,,,0,100,,1544,27,,,0,100,,1545,34,,,0,100,,1546,34,,,0,100,,1547,34,,,0,100,,1548,34,,,0,100,,1549,34,,,0,100,,1550,34,,,0,100,,1551,34,,,0,100,,1552,34,,,0,100,,1553,34,,,0
301,'5328',846,,1557,27,,,0,100,,1555,34,,,0,100,,1558,34,,,0,100,,1556,34,,,0,100,,1559,34,,,0,100,,1560,34,,,0,100,,1561,34,,,0,100,,1562,34,,,0,100,,1563,34,,,0,100,,1565,34,,,0
1501,'5323',1916,,2030,4,0,7,0,124,,2032,4,0,7,0
1501,'5325',1916,,2035,4,0,7,0,124,,2036,4,0,7,0
1501,'5326',1916,,2038,4,0,7,0,124,,2040,4,0,7,0
1501,'5328',1916,,2043,4,0,7,0,124,,2044,4,0,7,0
7001,'5323',1824,,2164,34,,,0
7001,'5326',1824,,2168,34,,,0
