500,'5210',1243,,1714,6,,,0,100,,1715,6,,,0,100,,1716,6,,,0,100,,1717,6,,,0
500,'5323',713,,1718,6,,,0,30,,1740,6,,,0,70,,1720,6,,,0,30,,1738,6,,,0,70,,1721,6,,,0,30,,1728,6,,,0,70,,1722,6,,,0,30,,1729,6,,,0,70,,1719,6,,,0,30,,1730,6,,,0,70,,1724,6,,,0,30,,1731,6,,,0,70,,1723,6,,,0,30,,1732,6,,,0,70,,1725,6,,,0,30,,1735,6,,,0,70,,1726,6,,,0,30,,1741,6,,,0,70,,1727,6,,,0,30,,1739,6,,,0,70,,1733,6,,,0,30,,1734,6,,,0,70,,1736,6,,,0,30,,1737,6,0,13,0
500,'5325',913,,1742,6,,,0,30,,1758,6,,,0,70,,1747,6,,,0,30,,1755,6,,,0,70,,1748,6,,,0,30,,1756,6,,,0,70,,1750,6,,,0,30,,1754,6,,,0,70,,1751,6,,,0,30,,1757,6,,,0,70,,1749,6,,,0,30,,1759,6,,,0,70,,1746,6,,,0,30,,1753,6,,,0,70,,1745,6,,,0,30,,1752,6,,,0,70,,1743,6,,,0,30,,1760,6,,,0,70,,1744,6,,,0,30,,1761,6,0,13,0
500,'5326',713,,1762,6,,,0,30,,1784,6,,,0,70,,1764,6,,,0,30,,1782,6,,,0,70,,1765,6,,,0,30,,1772,6,,,0,70,,1766,6,,,0,30,,1773,6,,,0,70,,1763,6,,,0,30,,1774,6,,,0,70,,1768,6,,,0,30,,1775,6,,,0,70,,1767,6,,,0,30,,1776,6,,,0,70,,1769,6,,,0,30,,1779,6,,,0,70,,1770,6,,,0,30,,1785,6,,,0,70,,1771,6,,,0,30,,1783,6,,,0,70,,1777,6,,,0,30,,1778,6,,,0,70,,1780,6,,,0,30,,1781,6,0,13,0,70,,1786,6,,,0,100,,1787,6,,,0,100,,1788,6,,,0,100,,1789,6,,,0,100,,1790,6,,,0
500,'5328',913,,1791,6,,,0,30,,1807,6,,,0,70,,1796,6,,,0,30,,1804,6,,,0,70,,1797,6,,,0,30,,1805,6,,,0,70,,1799,6,,,0,30,,1803,6,,,0,70,,1800,6,,,0,30,,1806,6,,,0,70,,1798,6,,,0,30,,1808,6,,,0,70,,1795,6,,,0,30,,1802,6,,,0,70,,1794,6,,,0,30,,1801,6,,,0,70,,1792,6,,,0,30,,1809,6,,,0,70,,1793,6,,,0,30,,1810,6,0,13,0,70,,1811,6,,,0,100,,1812,6,,,0,100,,1813,6,,,0,100,,1814,6,,,0,100,,1815,6,,,0
1500,'5323',1911,,1997,13,0,13,0,124,,1998,39,0,13,0,123,,2001,39,0,13,0,85,,2003,39,0,13,0
1500,'5325',1911,,2004,39,0,13,0,124,,2006,39,0,13,0,123,,2009,39,0,13,0,85,,2010,39,0,13,0
1500,'5326',1911,,2012,13,0,13,0,124,,2013,39,0,13,0,123,,2016,39,0,13,0,85,,2018,39,0,13,0
1500,'5328',1911,,2019,39,0,13,0,124,,2021,39,0,13,0,123,,2024,39,0,13,0,85,,2025,39,0,13,0
7000,'5323',557,,2153,12,,,0
7000,'5326',557,,2157,12,,,0
