200,'4833',648,,1328,25,,,0,100,,1329,25,,,0,100,,1330,25,,,0,100,,1331,25,,,0,100,,1332,25,,,0,100,,1333,25,,,0,100,,1334,25,,,0,100,,1335,25,,,0,100,,1336,25,,,0,100,,1337,25,,,0,100,,1338,25,,,0,100,,1339,25,,,0
200,'5323',648,,1340,25,,,0,100,,1341,25,,,0,100,,1342,25,,,0,100,,1343,25,,,0,100,,1344,25,,,0,100,,1345,25,,,0,100,,1346,25,,,0,100,,1347,25,,,0,100,,1348,25,,,0,100,,1349,25,,,0,100,,1350,25,,,0,100,,1351,25,,,0
200,'5325',848,,1352,25,,,0,100,,1353,25,,,0,100,,1354,25,,,0,100,,1355,25,,,0,100,,1356,25,,,0,100,,1357,25,,,0,100,,1358,25,,,0,100,,1359,25,,,0,100,,1360,25,,,0,100,,1361,25,,,0
200,'5326',648,,1362,25,,,0,100,,1363,25,,,0,100,,1364,25,,,0,100,,1365,25,,,0,100,,1366,25,,,0,100,,1367,25,,,0,100,,1368,25,,,0,100,,1369,25,,,0,100,,1370,25,,,0,100,,1371,25,,,0,100,,1372,25,,,0,100,,1373,25,,,0
200,'5328',848,,1374,25,,,0,100,,1375,25,,,0,100,,1376,25,,,0,100,,1377,25,,,0,100,,1378,25,,,0,100,,1379,25,,,0,100,,1380,25,,,0,100,,1381,25,,,0,100,,1382,25,,,0,100,,1383,25,,,0
3001,'5323',753,,2117,18,,,0,350,,2118,16,,,0,145,,2121,16,,,0,295,,2119,18,,,0,170,,2120,16,,,0
3001,'5325',853,,2122,18,,,0,250,,2123,16,,,0,145,,2124,16,,,0,295,,2125,18,,,0,170,,2126,16,,,0
3001,'5326',753,,2127,18,,,0,350,,2128,16,,,0,145,,2131,16,,,0,295,,2129,18,,,0,170,,2130,16,,,0
3001,'5328',853,,2132,18,,,0,250,,2133,16,,,0,145,,2134,16,,,0,295,,2135,18,,,0,170,,2136,16,,,0
4001,'5323',953,,2141,11,,,0,604,,2142,11,,,0
4001,'5326',953,,2143,11,,,0,604,,2144,11,,,0
7000,'5323',606,,2153,23,,,0,305,,2154,6,,,0,324,,2155,6,,,0,300,,2156,6,,,0
7000,'5326',606,,2157,23,,,0,305,,2158,6,,,0,324,,2159,6,,,0,300,,2160,6,,,0
