100,'5323',827,,1221,3,,,0
100,'5325',827,,1232,3,,,0
100,'5326',827,,1245,3,,,0
100,'5328',827,,1256,3,,,0
300,'5323',655,,1458,5,,,0,100,,1459,5,0,11 12,0,100,,1460,5,,,0,100,,1461,5,,,0,100,,1463,5,,,0,100,,1462,5,,,0,100,,1464,5,,,0,100,,1465,5,,,0,100,,1466,5,,,0,100,,1467,5,,,0,100,,1468,5,,,0,100,,1469,5,,,0
300,'5325',855,,1473,5,,,0,100,,1474,5,,,0,100,,1471,5,,,0,100,,1475,5,,,0,100,,1476,5,,,0,100,,1477,5,,,0,100,,1478,5,,,0,100,,1479,5,,,0,100,,1480,5,,,0,100,,1481,5,,,0
300,'5326',655,,1482,5,,,0,100,,1483,5,0,11 12,0,100,,1484,5,,,0,100,,1485,5,,,0,100,,1487,5,,,0,100,,1486,5,,,0,100,,1488,5,,,0,100,,1489,5,,,0,100,,1490,5,,,0,100,,1491,5,,,0,100,,1492,5,,,0,100,,1493,5,,,0
300,'5328',855,,1496,5,,,0,100,,1497,5,,,0,100,,1495,5,,,0,100,,1498,5,,,0,100,,1499,5,,,0,100,,1500,5,,,0,100,,1501,5,,,0,100,,1502,5,,,0,100,,1503,5,,,0,100,,1504,5,,,0
1500,'5323',1958,,1999,4,,,0,164,,2000,4,,,0,85,,2002,4,,,0
1500,'5325',1958,,2005,4,,,0,164,,2008,4,,,0,85,,2007,4,,,0
1500,'5326',1958,,2014,4,,,0,164,,2015,4,,,0,85,,2017,4,,,0
1500,'5328',1958,,2020,4,,,0,164,,2023,4,,,0,85,,2022,4,,,0
1600,'5210',955,,2049,5,,,0,100,,2048,5,,,0,100,,2047,5,,,0,100,,2050,5,,,0,100,,2051,5,,,0,100,,2052,5,,,0,100,,2053,5,,,0,100,,2054,5,,,0,100,,2056,5,,,0,100,,2055,5,0,14 15,0
4000,'5323',822,,2138,10,4,,0,516,,2137,10,4,,0
4000,'5326',822,,2140,10,4,,0,516,,2139,10,4,,0
7000,'5323',601,,2153,16,,,0
7000,'5326',601,,2157,16,,,0
