300,'4833',812,,1446,26,0,11 12,0
300,'5323',812,,1459,26,0,11 12,0
300,'5325',812,,1472,20,0,11 12,0
300,'5326',812,,1483,26,0,11 12,0
401,'4833',729,,1636,2,,,0,100,,1637,2,,,0,100,,1638,2,,,0,100,,1639,2,,,0,100,,1640,2,,,0,100,,1641,2,,,0,100,,1633,2,,,0,100,,1634,2,,,0,100,,1632,2,,,0,100,,1631,2,,,0,100,,1630,2,,,0,110,,1629,2,0,7 6,0
401,'5323',729,,1649,2,,,0,100,,1650,2,,,0,100,,1651,2,,,0,100,,1652,2,,,0,100,,1653,2,,,0,100,,1654,2,,,0,100,,1646,2,,,0,100,,1647,2,,,0,100,,1645,2,,,0,100,,1644,2,,,0,100,,1643,2,,,0,110,,1642,2,0,7 6,0
401,'5325',829,,1655,2,,,0,100,,1657,2,,,0,100,,1658,2,,,0,100,,1656,2,,,0,100,,1660,2,,,0,100,,1659,2,,,0,100,,1661,2,,,0,100,,1662,2,,,0,100,,1663,2,,,0,100,,1664,2,,,0,110,,1665,2,0,7 6,0
401,'5326',729,,1673,2,,,0,100,,1674,2,,,0,100,,1675,2,,,0,100,,1676,2,,,0,100,,1677,2,,,0,100,,1678,2,,,0,100,,1670,2,,,0,100,,1671,2,,,0,100,,1669,2,,,0,100,,1668,2,,,0,100,,1667,2,,,0,110,,1666,2,0,7 6,0
401,'5328',829,,1679,2,,,0,100,,1681,2,,,0,100,,1683,2,,,0,100,,1680,2,,,0,100,,1684,2,,,0,100,,1682,2,,,0,100,,1685,2,,,0,100,,1686,2,,,0,100,,1687,2,,,0,100,,1688,2,,,0,110,,1689,2,0,7 6,0
1500,'4833',1859,,1988,16,0,14 15,0,164,,1990,16,0,13,0,123,,1993,16,0,13,0,85,,1995,16,0,13,0
1500,'5323',1859,,1996,16,0,14 15,0,164,,1998,16,0,13,0,123,,2001,16,0,13,0,85,,2003,16,0,13,0
1500,'5325',1859,,2004,16,0,13,0,164,,2006,16,0,13,0,123,,2009,16,0,13,0,85,,2010,16,0,13,0
1500,'5326',1859,,2011,16,0,14 15,0,164,,2013,16,0,13,0,123,,2016,16,0,13,0,85,,2018,16,0,13,0
1500,'5328',1859,,2019,16,0,13,0,164,,2021,16,0,13,0,123,,2024,16,0,13,0,85,,2025,16,0,13,0
1501,'4833',1933,,2026,28,0,7,0,124,,2028,28,0,7,0
1501,'5323',1933,,2030,28,0,7,0,124,,2032,28,0,7,0
1501,'5325',1933,,2035,28,0,7,0,124,,2036,28,0,7,0
1501,'5326',1933,,2038,28,0,7,0,124,,2040,28,0,7,0
1501,'5328',1933,,2043,28,0,7,0,124,,2044,28,0,7,0
