200,'4332',831,,832,3,,,0,100,,833,3,,,0,100,,834,3,,,0,100,,835,3,,,0,100,,836,3,,,0,100,,837,3,,,0,100,,838,3,,,0,100,,839,3,,,0,100,,840,3,,,0,100,,841,3,,,0
200,'4480',631,,842,3,,,0,100,,843,3,,,0,100,,844,3,,,0,100,,845,3,,,0,100,,846,3,,,0,100,,847,3,,,0,100,,848,3,,,0,100,,849,3,,,0,100,,850,3,,,0,100,,851,3,,,0,100,,852,3,,,0,100,,853,3,,,0
400,'4332',801,,929,3,,,0,100,,932,3,,,0,100,,926,3,,,0,100,,927,3,,,0,100,,930,3,,,0,100,,931,3,,,0,100,,928,3,,,0,100,,933,3,,,0,100,,934,3,,,0,100,,935,3,,,0,100,,936,3,0,7 6,0
400,'4480',701,,938,3,,,0,100,,943,3,,,0,100,,944,3,,,0,100,,945,3,,,0,100,,947,3,,,0,100,,948,3,,,0,100,,949,3,,,0,100,,950,3,,,0,100,,946,3,,,0,100,,941,3,,,0,100,,942,3,,,0,100,,940,3,0,7 6,0
1000,'4332',804,,1063,3,,,0,428,,1064,3,,,0,407,,1065,3,,,0
1000,'4480',642,,1066,3,,,0,162,,1067,3,,,0,428,,1068,3,,,0,407,,1069,3,,,0
1101,'4480',1233,,1082,3,,,0,573,,1080,3,,,0
1500,'4332',2002,,1084,8,,,0,124,,1087,8,,,0,85,,1086,8,,,0
1500,'4480',2002,,1092,8,,,0,124,,1094,8,,,0,85,,1096,8,,,0
7000,'4480',604,,1149,19,,,0,305,,1150,2,,,0,324,,1151,2,,,0,300,,1152,2,,,0
