400,'4833',720,,1566,26,,,0,100,,1571,26,,,0,100,,1573,26,,,0,100,,1574,26,,,0,100,,1575,26,,,0,100,,1576,26,,,0,100,,1577,26,,,0,100,,1578,26,,,0,100,,1572,26,,,0,100,,1569,26,,,0,100,,1570,26,,,0,110,,1567,11,,,0
400,'5323',720,,1579,26,,,0,100,,1584,26,,,0,100,,1586,26,,,0,100,,1587,26,,,0,100,,1588,26,,,0,100,,1589,26,,,0,100,,1590,26,,,0,100,,1591,26,,,0,100,,1585,26,,,0,100,,1582,26,,,0,100,,1583,26,,,0,110,,1580,11,,,0
400,'5325',820,,1595,26,,,0,100,,1598,26,,,0,100,,1592,26,,,0,100,,1593,26,,,0,100,,1596,26,,,0,100,,1597,26,,,0,100,,1594,26,,,0,100,,1599,26,,,0,100,,1600,26,,,0,100,,1601,26,,,0,110,,1603,11,,,0
400,'5326',720,,1604,26,,,0,100,,1609,26,,,0,100,,1611,26,,,0,100,,1612,26,,,0,100,,1613,26,,,0,100,,1614,26,,,0,100,,1615,26,,,0,100,,1616,26,,,0,100,,1610,26,,,0,100,,1607,26,,,0,100,,1608,26,,,0,110,,1605,11,,,0
400,'5328',820,,1620,26,,,0,100,,1623,26,,,0,100,,1617,26,,,0,100,,1618,26,,,0,100,,1621,26,,,0,100,,1622,26,,,0,100,,1619,26,,,0,100,,1624,26,,,0,100,,1625,26,,,0,100,,1626,26,,,0,110,,1628,11,,,0
1501,'4833',1929,,2026,21,0,7,0,124,,2028,21,0,7,0
1501,'5323',1929,,2030,21,0,7,0,124,,2032,21,0,7,0
1501,'5325',1929,,2035,21,0,7,0,124,,2036,21,0,7,0
1501,'5326',1929,,2038,21,0,7,0,124,,2040,21,0,7,0
1501,'5328',1929,,2043,21,0,7,0,124,,2044,21,0,7,0
1600,'5322',905,,2046,8,,,0,100,,2049,14,,,0,100,,2048,14,,,0,100,,2047,14,,,0,100,,2050,14,,,0,100,,2051,14,,,0,100,,2052,14,,,0,100,,2053,14,,,0,100,,2054,14,,,0,100,,2056,14,,,0
