100,'4332',840,,784,18,,,0,100,,786,25,,,0,100,,790,25,,,0,100,,794,25,,,0,100,,787,25,,,0,100,,785,25,,,0,100,,791,25,,,0,100,,789,25,,,0,100,,788,25,,,0,100,,793,25,,,0
100,'4480',640,,795,25,,,0,100,,796,25,,,0,100,,797,18,,,0,100,,798,25,,,0,100,,799,25,,,0,100,,800,25,,,0,100,,801,25,,,0,100,,802,25,,,0,100,,803,25,,,0,100,,804,25,,,0,100,,805,25,,,0,100,,806,25,,,0
201,'4332',800,,854,10,,,0,100,,855,10,,,0,100,,856,10,,,0,100,,857,10,,,0,100,,858,10,,,0,100,,859,10,,,0,100,,860,10,,,0,100,,861,10,,,0,100,,862,10,,,0,100,,863,10,,,0,100,,864,10,,,0
201,'4480',700,,865,10,,,0,100,,866,10,,,0,100,,867,10,,,0,100,,868,10,,,0,100,,869,10,,,0,100,,870,10,,,0,100,,871,10,,,0,100,,872,10,,,0,100,,873,10,,,0,100,,874,10,,,0,100,,875,10,,,0,100,,876,10,0,7 6,0
300,'4332',908,,880,20,,,0,100,,881,20,,,0,100,,878,20,,,0,100,,882,20,,,0,100,,883,20,,,0,100,,884,20,,,0,100,,885,20,,,0,100,,886,20,,,0,100,,887,20,,,0,100,,888,20,,,0
300,'4480',708,,889,20,,,0,200,,891,20,,,0,100,,892,20,,,0,100,,894,20,,,0,100,,893,20,,,0,100,,895,20,,,0,100,,896,20,,,0,100,,897,20,,,0,100,,898,20,,,0,100,,899,20,,,0,100,,900,20,,,0
1501,'4332',1937,,1099,36,0,7,0,164,,1100,36,0,7,0
1501,'4480',1937,,1102,36,0,7,0,164,,1104,36,0,7,0
1600,'4327',909,,663,16,,,0,100,,666,22,,,0,100,,665,22,,,0,100,,664,22,,,0,100,,667,22,,,0,100,,668,22,,,0,100,,669,22,,,0,100,,670,22,,,0,100,,671,22,,,0
7000,'4480',610,,1149,29,,,0,305,,1150,12,,,0,324,,1151,12,,,0,300,,1152,12,,,0
