100,'4332',824,,784,1,,,0
100,'4480',824,,797,1,,,0
101,'4332',824,,818,15,4,,0
101,'4480',824,,821,38,4,,0
300,'4332',852,,880,3,,,0,100,,881,3,,,0,100,,878,3,,,0,100,,882,3,,,0,100,,883,3,,,0,100,,884,3,,,0,100,,885,3,,,0,100,,886,3,,,0,100,,887,3,,,0,100,,888,3,,,0
300,'4480',652,,889,3,,,0,100,,890,3,0,11 12,0,100,,891,3,,,0,100,,892,3,,,0,100,,894,3,,,0,100,,893,3,,,0,100,,895,3,,,0,100,,896,3,,,0,100,,897,3,,,0,100,,898,3,,,0,100,,899,3,,,0,100,,900,3,,,0
500,'4327',1252,7,490,8,,,0,100,7,491,8,,,0,100,7,492,8,,,0,100,7,493,8,,,0
500,'4332',922,7,975,8,,,0,30,7,991,8,,,0,70,7,980,8,,,0,30,7,988,8,,,0,70,7,981,8,,,0,30,7,989,8,,,0,70,7,983,8,,,0,30,7,987,8,,,0,70,7,984,8,,,0,30,7,990,8,,,0,70,7,982,8,,,0,30,7,992,8,,,0,70,7,979,8,,,0,30,7,986,8,,,0,70,7,978,8,,,0,30,7,985,8,,,0,70,7,976,8,,,0,30,7,993,8,,,0,70,7,977,8,,,0,23,,994,8,4,,0
500,'4480',722,7,995,8,,,0,30,7,1017,8,0,11 12,0,70,7,997,8,,,0,30,3,1015,8,,,0,70,7,998,8,,,0,30,7,1005,8,,,0,70,7,999,8,,,0,30,7,1006,8,,,0,70,7,996,8,,,0,30,7,1007,8,,,0,70,7,1001,8,,,0,30,7,1008,8,,,0,70,7,1000,8,,,0,30,7,1009,8,,,0,70,7,1002,8,,,0,30,7,1011,8,,,0,70,7,1003,8,,,0,33,,1018,8,,,0,67,7,1004,8,,,0,30,4,1016,8,,,0,70,7,1010,8,,,0,30,7,1012,8,,,0,70,7,1013,8,,,0,23,,1014,8,4,,0
1600,'4327',952,,666,3,,,0,100,,665,3,,,0,100,,664,3,,,0,100,,667,3,,,0,100,,668,3,,,0,100,,669,3,,,0,100,,670,3,,,0,100,,671,3,,,0,100,,672,3,0,14 15,0
4000,'4480',820,,1142,8,4,,0,516,,1141,8,4,,0
5000,'5006',855,,1147,8,,,0
7000,'4480',559,,1149,14,,,0
