200,'4833',635,,1328,9,,,0,100,,1329,9,,,0,100,,1330,9,,,0,100,,1331,9,,,0,100,,1332,9,,,0,100,,1333,9,,,0,100,,1334,9,,,0,100,,1335,9,,,0,100,,1336,9,,,0,100,,1337,9,,,0,100,,1338,9,,,0,100,,1339,9,,,0
200,'5323',635,,1340,9,,,0,100,,1341,9,,,0,100,,1342,9,,,0,100,,1343,9,,,0,100,,1344,9,,,0,100,,1345,9,,,0,100,,1346,9,,,0,100,,1347,9,,,0,100,,1348,9,,,0,100,,1349,9,,,0,100,,1350,9,,,0,100,,1351,9,,,0
200,'5325',835,,1352,9,,,0,100,,1353,9,,,0,100,,1354,9,,,0,100,,1355,9,,,0,100,,1356,9,,,0,100,,1357,9,,,0,100,,1358,9,,,0,100,,1359,9,,,0,100,,1360,9,,,0,100,,1361,9,,,0
200,'5326',635,,1362,9,,,0,100,,1363,9,,,0,100,,1364,9,,,0,100,,1365,9,,,0,100,,1366,9,,,0,100,,1367,9,,,0,100,,1368,9,,,0,100,,1369,9,,,0,100,,1370,9,,,0,100,,1371,9,,,0,100,,1372,9,,,0,100,,1373,9,,,0
200,'5328',835,,1374,9,,,0,100,,1375,9,,,0,100,,1376,9,,,0,100,,1377,9,,,0,100,,1378,9,,,0,100,,1379,9,,,0,100,,1380,9,,,0,100,,1381,9,,,0,100,,1382,9,,,0,100,,1383,9,,,0
1500,'4833',2007,,1991,14,,,0,124,,1992,14,,,0,85,,1994,14,,,0
1500,'5323',2007,,1999,14,,,0,124,,2000,14,,,0,85,,2002,14,,,0
1500,'5325',2007,,2005,14,,,0,124,,2008,14,,,0,85,,2007,14,,,0
1500,'5326',2007,,2014,14,,,0,124,,2015,14,,,0,85,,2017,14,,,0
1500,'5328',2007,,2020,14,,,0,124,,2023,14,,,0,85,,2022,14,,,0
