100,'5323',646,,1219,34,,,0,100,,1220,34,,,0,100,,1221,27,,,0,100,,1222,34,,,0,100,,1223,34,,,0,100,,1224,34,,,0,100,,1225,34,,,0,100,,1226,34,,,0,100,,1227,34,,,0,100,,1228,34,,,0,100,,1229,34,,,0,100,,1230,34,,,0
100,'5325',846,,1232,27,,,0,100,,1234,34,,,0,100,,1239,34,,,0,100,,1242,34,,,0,100,,1235,34,,,0,100,,1233,34,,,0,100,,1237,34,,,0,100,,1238,34,,,0,100,,1236,34,,,0,100,,1241,34,,,0
100,'5326',646,,1243,34,,,0,100,,1244,34,,,0,100,,1245,27,,,0,100,,1246,34,,,0,100,,1247,34,,,0,100,,1248,34,,,0,100,,1249,34,,,0,100,,1250,34,,,0,100,,1251,34,,,0,100,,1252,34,,,0,100,,1253,34,,,0,100,,1254,34,,,0
100,'5328',846,,1256,27,,,0,100,,1259,34,,,0,100,,1263,34,,,0,100,,1266,34,,,0,100,,1258,34,,,0,100,,1257,34,,,0,100,,1261,34,,,0,100,,1262,34,,,0,100,,1260,34,,,0,100,,1265,34,,,0
1600,'5210',914,,2046,25,,,0,100,,2049,31,,,0,100,,2048,31,,,0,100,,2047,31,,,0,100,,2050,31,,,0,100,,2051,31,,,0,100,,2052,31,,,0,100,,2053,31,,,0,100,,2054,31,,,0,100,,2056,31,,,0
3000,'5323',815,,2098,19,,,0,311,,2097,19,,,0,184,,2101,19,,,0,295,,2099,19,,,0,132,,2100,19,,,0
3000,'5325',915,,2102,19,,,0,211,,2103,19,,,0,184,,2105,19,,,0,295,,2104,19,,,0,132,,2106,19,,,0
3000,'5326',815,,2108,19,,,0,311,,2107,19,,,0,184,,2111,19,,,0,295,,2109,19,,,0,132,,2110,19,,,0
3000,'5328',915,,2112,19,,,0,211,,2113,19,,,0,184,,2115,19,,,0,295,,2114,19,,,0,132,,2116,19,,,0
7000,'5323',615,,2153,38,,,0,305,,2154,21,,,0,324,,2155,21,,,0,300,,2156,21,,,0
7000,'5326',615,,2157,38,,,0,305,,2158,21,,,0,324,,2159,21,,,0,300,,2160,21,,,0
