400,'4833',720,,1566,27,,,0,100,,1571,27,,,0,100,,1573,27,,,0,100,,1574,27,,,0,100,,1575,27,,,0,100,,1576,27,,,0,100,,1577,27,,,0,100,,1578,27,,,0,100,,1572,27,,,0,100,,1569,27,,,0,100,,1570,27,,,0,110,,1567,12,,,0
400,'5323',720,,1579,27,,,0,100,,1584,27,,,0,100,,1586,27,,,0,100,,1587,27,,,0,100,,1588,27,,,0,100,,1589,27,,,0,100,,1590,27,,,0,100,,1591,27,,,0,100,,1585,27,,,0,100,,1582,27,,,0,100,,1583,27,,,0,110,,1580,12,,,0
400,'5325',820,,1595,27,,,0,100,,1598,27,,,0,100,,1592,27,,,0,100,,1593,27,,,0,100,,1596,27,,,0,100,,1597,27,,,0,100,,1594,27,,,0,100,,1599,27,,,0,100,,1600,27,,,0,100,,1601,27,,,0,110,,1603,12,,,0
400,'5326',720,,1604,27,,,0,100,,1609,27,,,0,100,,1611,27,,,0,100,,1612,27,,,0,100,,1613,27,,,0,100,,1614,27,,,0,100,,1615,27,,,0,100,,1616,27,,,0,100,,1610,27,,,0,100,,1607,27,,,0,100,,1608,27,,,0,110,,1605,12,,,0
400,'5328',820,,1620,27,,,0,100,,1623,27,,,0,100,,1617,27,,,0,100,,1618,27,,,0,100,,1621,27,,,0,100,,1622,27,,,0,100,,1619,27,,,0,100,,1624,27,,,0,100,,1625,27,,,0,100,,1626,27,,,0,110,,1628,12,,,0
1501,'4833',1929,,2026,22,0,7,0,124,,2028,22,0,7,0
1501,'5323',1929,,2030,22,0,7,0,124,,2032,22,0,7,0
1501,'5325',1929,,2035,22,0,7,0,124,,2036,22,0,7,0
1501,'5326',1929,,2038,22,0,7,0,124,,2040,22,0,7,0
1501,'5328',1929,,2043,22,0,7,0,124,,2044,22,0,7,0
1600,'5322',905,,2046,9,,,0,100,,2049,15,,,0,100,,2048,15,,,0,100,,2047,15,,,0,100,,2050,15,,,0,100,,2051,15,,,0,100,,2052,15,,,0,100,,2053,15,,,0,100,,2054,15,,,0,100,,2056,15,,,0
