101,'4833',615,,1267,4,,,0,100,,1268,27,,,0,200,,1270,27,,,0,100,,1271,27,,,0,100,,1273,27,,,0,100,,1272,27,,,0,100,,1275,27,,,0,100,,1274,27,,,0,100,,1276,27,,,0,100,,1277,27,,,0,100,,1278,27,,,0,100,,1279,27,,,0
101,'5323',615,,1280,4,,,0,100,,1281,27,,,0,200,,1283,27,,,0,100,,1284,27,,,0,100,,1286,27,,,0,100,,1285,27,,,0,100,,1288,27,,,0,100,,1287,27,,,0,100,,1289,27,,,0,100,,1290,27,,,0,100,,1291,27,,,0,100,,1292,27,,,0
101,'5325',915,,1297,27,,,0,100,,1299,27,,,0,100,,1293,27,,,0,100,,1295,27,,,0,100,,1298,27,,,0,100,,1296,27,,,0,100,,1300,27,,,0,100,,1294,27,,,0,100,,1301,27,,,0,100,,1302,27,,,0
101,'5326',615,,1304,4,,,0,100,,1305,27,,,0,200,,1307,27,,,0,100,,1308,27,,,0,100,,1310,27,,,0,100,,1309,27,,,0,100,,1312,27,,,0,100,,1311,27,,,0,100,,1313,27,,,0,100,,1314,27,,,0,100,,1315,27,,,0,100,,1316,27,,,0
101,'5328',915,,1321,27,,,0,100,,1323,27,,,0,100,,1317,27,,,0,100,,1319,27,,,0,100,,1322,27,,,0,100,,1320,27,,,0,100,,1324,27,,,0,100,,1318,27,,,0,100,,1325,27,,,0,100,,1326,27,,,0
1501,'4833',1955,,2027,21,,,0,164,,2029,21,,,0
1501,'5323',1955,,2031,21,,,0,164,,2033,21,,,0
1501,'5325',1955,,2034,21,,,0,164,,2037,21,,,0
1501,'5326',1955,,2039,21,,,0,164,,2041,21,,,0
1501,'5328',1955,,2042,21,,,0,164,,2045,21,,,0
4001,'5323',1005,,2141,19,,,0,604,,2142,19,,,0
4001,'5326',1005,,2143,19,,,0,604,,2144,19,,,0
7001,'5323',1821,,2164,30,,,0
7001,'5326',1821,,2168,30,,,0
