500,'5210',1257,,1714,11,,,0,100,,1715,11,,,0,100,,1716,11,,,0,100,,1717,11,,,0
500,'5323',727,,1718,11,,,0,30,,1740,11,,,0,70,,1720,11,,,0,30,,1738,11,,,0,70,,1721,11,,,0,30,,1728,11,,,0,70,,1722,11,,,0,30,,1729,11,,,0,70,,1719,11,,,0,30,,1730,11,,,0,70,,1724,11,,,0,30,,1731,11,,,0,70,,1723,11,,,0,30,,1732,11,,,0,70,,1725,11,,,0,30,,1735,11,,,0,70,,1726,11,,,0,30,,1741,11,,,0,70,,1727,11,,,0,30,,1739,11,,,0,70,,1733,11,,,0,30,,1734,11,,,0,70,,1736,11,,,0
500,'5325',927,,1742,11,,,0,30,,1758,11,,,0,70,,1747,11,,,0,30,,1755,11,,,0,70,,1748,11,,,0,30,,1756,11,,,0,70,,1750,11,,,0,30,,1754,11,,,0,70,,1751,11,,,0,30,,1757,11,,,0,70,,1749,11,,,0,30,,1759,11,,,0,70,,1746,11,,,0,30,,1753,11,,,0,70,,1745,11,,,0,30,,1752,11,,,0,70,,1743,11,,,0,30,,1760,11,,,0,70,,1744,11,,,0
500,'5326',727,,1762,11,,,0,30,,1784,11,,,0,70,,1764,11,,,0,30,,1782,11,,,0,70,,1765,11,,,0,30,,1772,11,,,0,70,,1766,11,,,0,30,,1773,11,,,0,70,,1763,11,,,0,30,,1774,11,,,0,70,,1768,11,,,0,30,,1775,11,,,0,70,,1767,11,,,0,30,,1776,11,,,0,70,,1769,11,,,0,30,,1779,11,,,0,70,,1770,11,,,0,30,,1785,11,,,0,70,,1771,11,,,0,30,,1783,11,,,0,70,,1777,11,,,0,30,,1778,11,,,0,70,,1780,11,,,0,100,,1786,11,,,0,100,,1787,11,,,0,100,,1788,11,,,0,100,,1789,11,,,0,100,,1790,11,,,0
500,'5328',927,,1791,11,,,0,30,,1807,11,,,0,70,,1796,11,,,0,30,,1804,11,,,0,70,,1797,11,,,0,30,,1805,11,,,0,70,,1799,11,,,0,30,,1803,11,,,0,70,,1800,11,,,0,30,,1806,11,,,0,70,,1798,11,,,0,30,,1808,11,,,0,70,,1795,11,,,0,30,,1802,11,,,0,70,,1794,11,,,0,30,,1801,11,,,0,70,,1792,11,,,0,30,,1809,11,,,0,70,,1793,11,,,0,100,,1811,11,,,0,100,,1812,11,,,0,100,,1813,11,,,0,100,,1814,11,,,0,100,,1815,11,,,0
1501,'5323',1923,,2030,13,0,7,0,124,,2032,13,0,7,0
1501,'5325',1923,,2035,13,0,7,0,124,,2036,13,0,7,0
1501,'5326',1923,,2038,13,0,7,0,124,,2040,13,0,7,0
1501,'5328',1923,,2043,13,0,7,0,124,,2044,13,0,7,0
2000,'5323',753,,2067,22,0,8 9,0,170,,2068,22,0,8 9,0,300,,2069,22,0,8 9,0,428,,2071,14,0,10,0,170,,2070,14,0,10,0
2000,'5326',753,,2072,22,0,8 9,0,170,,2073,22,0,8 9,0,300,,2074,22,0,8 9,0,428,,2076,14,0,10,0,170,,2075,14,0,10,0
