200,'4833',636,,1328,11,,,0,100,,1329,11,,,0,100,,1330,11,,,0,100,,1331,11,,,0,100,,1332,11,,,0,100,,1333,11,,,0,100,,1334,11,,,0,100,,1335,11,,,0,100,,1336,11,,,0,100,,1337,11,,,0,100,,1338,11,,,0,100,,1339,11,,,0
200,'5323',636,,1340,11,,,0,100,,1341,11,,,0,100,,1342,11,,,0,100,,1343,11,,,0,100,,1344,11,,,0,100,,1345,11,,,0,100,,1346,11,,,0,100,,1347,11,,,0,100,,1348,11,,,0,100,,1349,11,,,0,100,,1350,11,,,0,100,,1351,11,,,0
200,'5325',836,,1352,11,,,0,100,,1353,11,,,0,100,,1354,11,,,0,100,,1355,11,,,0,100,,1356,11,,,0,100,,1357,11,,,0,100,,1358,11,,,0,100,,1359,11,,,0,100,,1360,11,,,0,100,,1361,11,,,0
200,'5326',636,,1362,11,,,0,100,,1363,11,,,0,100,,1364,11,,,0,100,,1365,11,,,0,100,,1366,11,,,0,100,,1367,11,,,0,100,,1368,11,,,0,100,,1369,11,,,0,100,,1370,11,,,0,100,,1371,11,,,0,100,,1372,11,,,0,100,,1373,11,,,0
200,'5328',836,,1374,11,,,0,100,,1375,11,,,0,100,,1376,11,,,0,100,,1377,11,,,0,100,,1378,11,,,0,100,,1379,11,,,0,100,,1380,11,,,0,100,,1381,11,,,0,100,,1382,11,,,0,100,,1383,11,,,0
1500,'4833',2008,,1991,16,,,0,124,,1992,16,,,0,85,,1994,16,,,0
1500,'5323',2008,,1999,16,,,0,124,,2000,16,,,0,85,,2002,16,,,0
1500,'5325',2008,,2005,16,,,0,124,,2008,16,,,0,85,,2007,16,,,0
1500,'5326',2008,,2014,16,,,0,124,,2015,16,,,0,85,,2017,16,,,0
1500,'5328',2008,,2020,16,,,0,124,,2023,16,,,0,85,,2022,16,,,0
