401,'5323',741,,1649,13,,,0,100,,1650,13,,,0,100,,1651,13,,,0,100,,1652,13,,,0,100,,1653,13,,,0,100,,1654,13,,,0,100,,1646,13,,,0,100,,1647,13,,,0,100,,1645,13,,,0,100,,1644,13,,,0,100,,1643,13,,,0,106,,1642,13,0,7 6,0
401,'5325',841,,1655,13,,,0,100,,1657,13,,,0,100,,1658,13,,,0,100,,1656,13,,,0,100,,1660,13,,,0,100,,1659,13,,,0,100,,1661,13,,,0,100,,1662,13,,,0,100,,1663,13,,,0,100,,1664,13,,,0,106,,1665,13,0,7 6,0
401,'5326',741,,1673,13,,,0,100,,1674,13,,,0,100,,1675,13,,,0,100,,1676,13,,,0,100,,1677,13,,,0,100,,1678,13,,,0,100,,1670,13,,,0,100,,1671,13,,,0,100,,1669,13,,,0,100,,1668,13,,,0,100,,1667,13,,,0,106,,1666,13,0,7 6,0
401,'5328',841,,1679,13,,,0,100,,1681,13,,,0,100,,1683,13,,,0,100,,1680,13,,,0,100,,1684,13,,,0,100,,1682,13,,,0,100,,1685,13,,,0,100,,1686,13,,,0,100,,1687,13,,,0,100,,1688,13,,,0,106,,1689,13,0,7 6,0
1000,'5323',647,,1944,11,,,0,162,,1945,11,,,0,123,,1948,11,,,0,306,,1946,11,,,0,407,,1947,11,,,0
1000,'5325',809,,1949,11,,,0,429,,1950,11,,,0,407,,1951,11,,,0
1000,'5326',647,,1952,11,,,0,162,,1953,11,,,0,123,,1956,11,,,0,306,,1954,11,,,0,407,,1955,11,,,0
1000,'5328',809,,1957,11,,,0,429,,1958,11,,,0,407,,1959,11,,,0
1101,'5323',1239,,1984,7,,,0,572,,1982,7,,,0
1101,'5326',1239,,1987,7,,,0,572,,1985,7,,,0
