100,'4833',633,,1206,18,,,0,100,,1207,18,,,0,100,,1208,11,,,0,100,,1209,18,,,0,100,,1210,18,,,0,100,,1211,18,,,0,100,,1212,18,,,0,100,,1213,18,,,0,100,,1214,18,,,0,100,,1215,18,,,0,100,,1216,18,,,0,100,,1217,18,,,0,97,,1218,18,4,,0
100,'5323',633,,1219,18,,,0,100,,1220,18,,,0,100,,1221,11,,,0,100,,1222,18,,,0,100,,1223,18,,,0,100,,1224,18,,,0,100,,1225,18,,,0,100,,1226,18,,,0,100,,1227,18,,,0,100,,1228,18,,,0,100,,1229,18,,,0,100,,1230,18,,,0,97,,1231,18,4,,0
100,'5325',833,,1232,11,,,0,100,,1234,18,,,0,100,,1239,18,,,0,100,,1242,18,,,0,100,,1235,18,,,0,100,,1233,18,,,0,100,,1237,18,,,0,100,,1238,18,,,0,100,,1236,18,,,0,100,,1241,18,,,0,97,,1240,18,4,,0
100,'5326',633,,1243,18,,,0,100,,1244,18,,,0,100,,1245,11,,,0,100,,1246,18,,,0,100,,1247,18,,,0,100,,1248,18,,,0,100,,1249,18,,,0,100,,1250,18,,,0,100,,1251,18,,,0,100,,1252,18,,,0,100,,1253,18,,,0,100,,1254,18,,,0,97,,1255,18,4,,0
100,'5328',833,,1256,11,,,0,100,,1259,18,,,0,100,,1263,18,,,0,100,,1266,18,,,0,100,,1258,18,,,0,100,,1257,18,,,0,100,,1261,18,,,0,100,,1262,18,,,0,100,,1260,18,,,0,100,,1265,18,,,0,97,,1264,18,4,,0
300,'4833',703,,1445,13,,,0,100,,1446,13,0,11 12,0,100,,1447,13,,,0,100,,1448,13,,,0,100,,1450,13,,,0,100,,1449,13,,,0,100,,1451,13,,,0,100,,1452,13,,,0,100,,1453,13,,,0,100,,1454,13,,,0,100,,1455,13,,,0,100,,1456,13,,,0
300,'5323',703,,1458,13,,,0,100,,1459,13,0,11 12,0,100,,1460,13,,,0,100,,1461,13,,,0,100,,1463,13,,,0,100,,1462,13,,,0,100,,1464,13,,,0,100,,1465,13,,,0,100,,1466,13,,,0,100,,1467,13,,,0,100,,1468,13,,,0,100,,1469,13,,,0
300,'5325',803,,1472,7,0,11 12,0,100,,1473,13,,,0,100,,1474,13,,,0,100,,1471,13,,,0,100,,1475,13,,,0,100,,1476,13,,,0,100,,1477,13,,,0,100,,1478,13,,,0,100,,1479,13,,,0,100,,1480,13,,,0,100,,1481,13,,,0
300,'5326',703,,1482,13,,,0,100,,1483,13,0,11 12,0,100,,1484,13,,,0,100,,1485,13,,,0,100,,1487,13,,,0,100,,1486,13,,,0,100,,1488,13,,,0,100,,1489,13,,,0,100,,1490,13,,,0,100,,1491,13,,,0,100,,1492,13,,,0,100,,1493,13,,,0
300,'5328',903,,1496,13,,,0,100,,1497,13,,,0,100,,1495,13,,,0,100,,1498,13,,,0,100,,1499,13,,,0,100,,1500,13,,,0,100,,1501,13,,,0,100,,1502,13,,,0,100,,1503,13,,,0,100,,1504,13,,,0
3000,'5323',809,,2098,7,,,0,310,,2097,7,,,0,185,,2101,7,,,0,255,,2099,7,,,0,171,,2100,7,,,0
3000,'5325',909,,2102,7,,,0,210,,2103,7,,,0,185,,2105,7,,,0,255,,2104,7,,,0,171,,2106,7,,,0
3000,'5326',809,,2108,7,,,0,310,,2107,7,,,0,185,,2111,7,,,0,255,,2109,7,,,0,171,,2110,7,,,0
3000,'5328',909,,2112,7,,,0,210,,2113,7,,,0,185,,2115,7,,,0,255,,2114,7,,,0,171,,2116,7,,,0
4000,'5323',828,,2138,17,4,,0,516,,2137,17,4,,0
4000,'5326',828,,2140,17,4,,0,516,,2139,17,4,,0
