500,'5210',1241,,1714,3,,,0,100,,1715,3,,,0,100,,1716,3,,,0,100,,1717,3,,,0
500,'5323',711,,1718,3,,,0,30,,1740,3,,,0,70,,1720,3,,,0,30,,1738,3,,,0,70,,1721,3,,,0,30,,1728,3,,,0,70,,1722,3,,,0,30,,1729,3,,,0,70,,1719,3,,,0,30,,1730,3,,,0,70,,1724,3,,,0,30,,1731,3,,,0,70,,1723,3,,,0,30,,1732,3,,,0,70,,1725,3,,,0,30,,1735,3,,,0,70,,1726,3,,,0,30,,1741,3,,,0,70,,1727,3,,,0,30,,1739,3,,,0,70,,1733,3,,,0,30,,1734,3,,,0,70,,1736,3,,,0,30,,1737,3,0,13,0
500,'5325',911,,1742,3,,,0,30,,1758,3,,,0,70,,1747,3,,,0,30,,1755,3,,,0,70,,1748,3,,,0,30,,1756,3,,,0,70,,1750,3,,,0,30,,1754,3,,,0,70,,1751,3,,,0,30,,1757,3,,,0,70,,1749,3,,,0,30,,1759,3,,,0,70,,1746,3,,,0,30,,1753,3,,,0,70,,1745,3,,,0,30,,1752,3,,,0,70,,1743,3,,,0,30,,1760,3,,,0,70,,1744,3,,,0,30,,1761,3,0,13,0
500,'5326',711,,1762,3,,,0,30,,1784,3,,,0,70,,1764,3,,,0,30,,1782,3,,,0,70,,1765,3,,,0,30,,1772,3,,,0,70,,1766,3,,,0,30,,1773,3,,,0,70,,1763,3,,,0,30,,1774,3,,,0,70,,1768,3,,,0,30,,1775,3,,,0,70,,1767,3,,,0,30,,1776,3,,,0,70,,1769,3,,,0,30,,1779,3,,,0,70,,1770,3,,,0,30,,1785,3,,,0,70,,1771,3,,,0,30,,1783,3,,,0,70,,1777,3,,,0,30,,1778,3,,,0,70,,1780,3,,,0,30,,1781,3,0,13,0,70,,1786,3,,,0,100,,1787,3,,,0,100,,1788,3,,,0,100,,1789,3,,,0,100,,1790,3,,,0
500,'5328',911,,1791,3,,,0,30,,1807,3,,,0,70,,1796,3,,,0,30,,1804,3,,,0,70,,1797,3,,,0,30,,1805,3,,,0,70,,1799,3,,,0,30,,1803,3,,,0,70,,1800,3,,,0,30,,1806,3,,,0,70,,1798,3,,,0,30,,1808,3,,,0,70,,1795,3,,,0,30,,1802,3,,,0,70,,1794,3,,,0,30,,1801,3,,,0,70,,1792,3,,,0,30,,1809,3,,,0,70,,1793,3,,,0,30,,1810,3,0,13,0,70,,1811,3,,,0,100,,1812,3,,,0,100,,1813,3,,,0,100,,1814,3,,,0,100,,1815,3,,,0
1500,'5323',1910,,1997,10,0,13,0,124,,1998,36,0,13,0,123,,2001,36,0,13,0,85,,2003,36,0,13,0
1500,'5325',1910,,2004,36,0,13,0,124,,2006,36,0,13,0,123,,2009,36,0,13,0,85,,2010,36,0,13,0
1500,'5326',1910,,2012,10,0,13,0,124,,2013,36,0,13,0,123,,2016,36,0,13,0,85,,2018,36,0,13,0
1500,'5328',1910,,2019,36,0,13,0,124,,2021,36,0,13,0,123,,2024,36,0,13,0,85,,2025,36,0,13,0
1601,'5210',947,,2057,31,,,0,100,,2059,31,,,0,100,,2058,31,,,0,100,,2060,31,,,0,100,,2062,31,,,0,100,,2061,31,,,0,100,,2064,31,,,0,100,,2063,31,,,0,100,,2066,31,,,0,100,,2065,31,,,0
7000,'5323',556,,2153,9,,,0
7000,'5326',556,,2157,9,,,0
