200,'4833',634,,1328,7,,,0,100,,1329,7,,,0,100,,1330,7,,,0,100,,1331,7,,,0,100,,1332,7,,,0,100,,1333,7,,,0,100,,1334,7,,,0,100,,1335,7,,,0,100,,1336,7,,,0,100,,1337,7,,,0,100,,1338,7,,,0,100,,1339,7,,,0
200,'5323',634,,1340,7,,,0,100,,1341,7,,,0,100,,1342,7,,,0,100,,1343,7,,,0,100,,1344,7,,,0,100,,1345,7,,,0,100,,1346,7,,,0,100,,1347,7,,,0,100,,1348,7,,,0,100,,1349,7,,,0,100,,1350,7,,,0,100,,1351,7,,,0
200,'5325',834,,1352,7,,,0,100,,1353,7,,,0,100,,1354,7,,,0,100,,1355,7,,,0,100,,1356,7,,,0,100,,1357,7,,,0,100,,1358,7,,,0,100,,1359,7,,,0,100,,1360,7,,,0,100,,1361,7,,,0
200,'5326',634,,1362,7,,,0,100,,1363,7,,,0,100,,1364,7,,,0,100,,1365,7,,,0,100,,1366,7,,,0,100,,1367,7,,,0,100,,1368,7,,,0,100,,1369,7,,,0,100,,1370,7,,,0,100,,1371,7,,,0,100,,1372,7,,,0,100,,1373,7,,,0
200,'5328',834,,1374,7,,,0,100,,1375,7,,,0,100,,1376,7,,,0,100,,1377,7,,,0,100,,1378,7,,,0,100,,1379,7,,,0,100,,1380,7,,,0,100,,1381,7,,,0,100,,1382,7,,,0,100,,1383,7,,,0
401,'4833',734,,1636,9,,,0,100,,1637,9,,,0,100,,1638,9,,,0,100,,1639,9,,,0,100,,1640,9,,,0,100,,1641,9,,,0,100,,1633,9,,,0,100,,1634,9,,,0,100,,1632,9,,,0,100,,1631,9,,,0,100,,1630,9,,,0,110,,1629,9,0,7 6,0
401,'5323',734,,1649,9,,,0,100,,1650,9,,,0,100,,1651,9,,,0,100,,1652,9,,,0,100,,1653,9,,,0,100,,1654,9,,,0,100,,1646,9,,,0,100,,1647,9,,,0,100,,1645,9,,,0,100,,1644,9,,,0,100,,1643,9,,,0,110,,1642,9,0,7 6,0
401,'5325',834,,1655,9,,,0,100,,1657,9,,,0,100,,1658,9,,,0,100,,1656,9,,,0,100,,1660,9,,,0,100,,1659,9,,,0,100,,1661,9,,,0,100,,1662,9,,,0,100,,1663,9,,,0,100,,1664,9,,,0,110,,1665,9,0,7 6,0
401,'5326',734,,1673,9,,,0,100,,1674,9,,,0,100,,1675,9,,,0,100,,1676,9,,,0,100,,1677,9,,,0,100,,1678,9,,,0,100,,1670,9,,,0,100,,1671,9,,,0,100,,1669,9,,,0,100,,1668,9,,,0,100,,1667,9,,,0,110,,1666,9,0,7 6,0
401,'5328',834,,1679,9,,,0,100,,1681,9,,,0,100,,1683,9,,,0,100,,1680,9,,,0,100,,1684,9,,,0,100,,1682,9,,,0,100,,1685,9,,,0,100,,1686,9,,,0,100,,1687,9,,,0,100,,1688,9,,,0,110,,1689,9,0,7 6,0
1000,'5323',645,,1944,7,,,0,162,,1945,7,,,0,123,,1948,7,,,0,305,,1946,7,,,0,407,,1947,7,,,0
1000,'5325',807,,1949,7,,,0,428,,1950,7,,,0,407,,1951,7,,,0
1000,'5326',645,,1952,7,,,0,162,,1953,7,,,0,123,,1956,7,,,0,305,,1954,7,,,0,407,,1955,7,,,0
1000,'5328',807,,1957,7,,,0,428,,1958,7,,,0,407,,1959,7,,,0
1500,'4833',2006,,1991,12,,,0,124,,1992,12,,,0,85,,1994,12,,,0
1500,'5323',2006,,1999,12,,,0,124,,2000,12,,,0,85,,2002,12,,,0
1500,'5325',2006,,2005,12,,,0,124,,2008,12,,,0,85,,2007,12,,,0
1500,'5326',2006,,2014,12,,,0,124,,2015,12,,,0,85,,2017,12,,,0
1500,'5328',2006,,2020,12,,,0,124,,2023,12,,,0,85,,2022,12,,,0
