100,'4833',624,,1206,10,,,0,100,,1207,10,,,0,200,,1209,10,,,0,100,,1210,10,,,0,100,,1211,10,,,0,100,,1212,10,,,0,100,,1213,10,,,0,100,,1214,10,,,0,100,,1215,10,,,0,100,,1216,10,,,0,100,,1217,10,,,0,100,,1218,10,0,5 6,0
100,'5323',624,,1219,10,,,0,100,,1220,10,,,0,200,,1222,10,,,0,100,,1223,10,,,0,100,,1224,10,,,0,100,,1225,10,,,0,100,,1226,10,,,0,100,,1227,10,,,0,100,,1228,10,,,0,100,,1229,10,,,0,100,,1230,10,,,0,100,,1231,10,0,5 6,0
100,'5325',924,,1234,10,,,0,100,,1239,10,,,0,100,,1242,10,,,0,100,,1235,10,,,0,100,,1233,10,,,0,100,,1237,10,,,0,100,,1238,10,,,0,100,,1236,10,,,0,100,,1241,10,,,0,100,,1240,10,0,5 6,0
100,'5326',624,,1243,10,,,0,100,,1244,10,,,0,200,,1246,10,,,0,100,,1247,10,,,0,100,,1248,10,,,0,100,,1249,10,,,0,100,,1250,10,,,0,100,,1251,10,,,0,100,,1252,10,,,0,100,,1253,10,,,0,100,,1254,10,,,0,100,,1255,10,0,5 6,0
100,'5328',924,,1259,10,,,0,100,,1263,10,,,0,100,,1266,10,,,0,100,,1258,10,,,0,100,,1257,10,,,0,100,,1261,10,,,0,100,,1262,10,,,0,100,,1260,10,,,0,100,,1265,10,,,0,100,,1264,10,0,5 6,0
101,'4833',707,,1268,22,,,0,100,,1269,22,,,0,100,,1270,22,,,0,100,,1271,22,,,0,100,,1273,22,,,0,100,,1272,22,,,0,100,,1275,22,,,0,100,,1274,22,,,0,100,,1276,22,,,0,100,,1277,22,,,0,100,,1278,22,,,0,100,,1279,22,,,0
101,'5323',707,,1281,22,,,0,100,,1282,22,,,0,100,,1283,22,,,0,100,,1284,22,,,0,100,,1286,22,,,0,100,,1285,22,,,0,100,,1288,22,,,0,100,,1287,22,,,0,100,,1289,22,,,0,100,,1290,22,,,0,100,,1291,22,,,0,100,,1292,22,,,0
101,'5325',907,,1297,22,,,0,100,,1299,22,,,0,100,,1293,22,,,0,100,,1295,22,,,0,100,,1298,22,,,0,100,,1296,22,,,0,100,,1300,22,,,0,100,,1294,22,,,0,100,,1301,22,,,0,100,,1302,22,,,0
101,'5326',707,,1305,22,,,0,100,,1306,22,,,0,100,,1307,22,,,0,100,,1308,22,,,0,100,,1310,22,,,0,100,,1309,22,,,0,100,,1312,22,,,0,100,,1311,22,,,0,100,,1313,22,,,0,100,,1314,22,,,0,100,,1315,22,,,0,100,,1316,22,,,0
101,'5328',907,,1321,22,,,0,100,,1323,22,,,0,100,,1317,22,,,0,100,,1319,22,,,0,100,,1322,22,,,0,100,,1320,22,,,0,100,,1324,22,,,0,100,,1318,22,,,0,100,,1325,22,,,0,100,,1326,22,,,0
301,'4833',637,,1505,14,,,0,100,,1506,24,,,0,100,,1507,17,,,0,100,,1508,24,,,0,100,,1509,24,,,0,100,,1510,24,,,0,100,,1511,24,,,0,100,,1512,24,,,0,100,,1513,24,,,0,100,,1514,24,,,0,100,,1515,24,,,0,100,,1516,24,,,0
301,'5323',637,,1518,14,,,0,100,,1519,24,,,0,100,,1520,17,,,0,100,,1521,24,,,0,100,,1522,24,,,0,100,,1523,24,,,0,100,,1524,24,,,0,100,,1525,24,,,0,100,,1526,24,,,0,100,,1527,24,,,0,100,,1528,24,,,0,100,,1529,24,,,0
301,'5325',837,,1533,17,,,0,100,,1531,24,,,0,100,,1534,24,,,0,100,,1532,24,,,0,100,,1535,24,,,0,100,,1536,24,,,0,100,,1537,24,,,0,100,,1538,24,,,0,100,,1539,24,,,0,100,,1541,24,,,0
301,'5326',637,,1542,14,,,0,100,,1543,24,,,0,100,,1544,17,,,0,100,,1545,24,,,0,100,,1546,24,,,0,100,,1547,24,,,0,100,,1548,24,,,0,100,,1549,24,,,0,100,,1550,24,,,0,100,,1551,24,,,0,100,,1552,24,,,0,100,,1553,24,,,0
301,'5328',837,,1557,17,,,0,100,,1555,24,,,0,100,,1558,24,,,0,100,,1556,24,,,0,100,,1559,24,,,0,100,,1560,24,,,0,100,,1561,24,,,0,100,,1562,24,,,0,100,,1563,24,,,0,100,,1565,24,,,0
7000,'5323',551,,2153,1,,,0
7000,'5326',551,,2157,1,,,0
