300,'5323',648,,1458,1,,,0,100,,1459,1,0,11 12,0,100,,1460,1,,,0,100,,1461,1,,,0,100,,1463,1,,,0,100,,1462,1,,,0,100,,1464,1,,,0,100,,1465,1,,,0,100,,1466,1,,,0,100,,1467,1,,,0,100,,1468,1,,,0,100,,1469,1,,,0
300,'5325',848,,1473,1,,,0,100,,1474,1,,,0,100,,1471,1,,,0,100,,1475,1,,,0,100,,1476,1,,,0,100,,1477,1,,,0,100,,1478,1,,,0,100,,1479,1,,,0,100,,1480,1,,,0,100,,1481,1,,,0
300,'5326',648,,1482,1,,,0,100,,1483,1,0,11 12,0,100,,1484,1,,,0,100,,1485,1,,,0,100,,1487,1,,,0,100,,1486,1,,,0,100,,1488,1,,,0,100,,1489,1,,,0,100,,1490,1,,,0,100,,1491,1,,,0,100,,1492,1,,,0,100,,1493,1,,,0
300,'5328',848,,1496,1,,,0,100,,1497,1,,,0,100,,1495,1,,,0,100,,1498,1,,,0,100,,1499,1,,,0,100,,1500,1,,,0,100,,1501,1,,,0,100,,1502,1,,,0,100,,1503,1,,,0,100,,1504,1,,,0
301,'5323',648,,1518,27,4,,0,100,,1519,37,4,,0,100,,1520,30,4,,0,100,,1521,37,4,,0,100,,1522,37,4,,0,100,,1523,37,4,,0,100,,1524,37,4,,0,100,,1525,37,4,,0,100,,1526,37,4,,0,100,,1527,37,4,,0,100,,1528,37,4,,0,100,,1529,37,4,,0
301,'5325',848,,1533,30,4,,0,100,,1531,37,4,,0,100,,1534,37,4,,0,100,,1532,37,4,,0,100,,1535,37,4,,0,100,,1536,37,4,,0,100,,1537,37,4,,0,100,,1538,37,4,,0,100,,1539,37,4,,0,100,,1541,37,4,,0
301,'5326',648,,1542,27,4,,0,100,,1543,37,4,,0,100,,1544,30,4,,0,100,,1545,37,4,,0,100,,1546,37,4,,0,100,,1547,37,4,,0,100,,1548,37,4,,0,100,,1549,37,4,,0,100,,1550,37,4,,0,100,,1551,37,4,,0,100,,1552,37,4,,0,100,,1553,37,4,,0
301,'5328',848,,1557,30,4,,0,100,,1555,37,4,,0,100,,1558,37,4,,0,100,,1556,37,4,,0,100,,1559,37,4,,0,100,,1560,37,4,,0,100,,1561,37,4,,0,100,,1562,37,4,,0,100,,1563,37,4,,0,100,,1565,37,4,,0
1600,'5210',949,,2049,1,,,0,100,,2048,1,,,0,100,,2047,1,,,0,100,,2050,1,,,0,100,,2051,1,,,0,100,,2052,1,,,0,100,,2053,1,,,0,100,,2054,1,,,0,100,,2056,1,,,0,100,,2055,1,0,14 15,0
1601,'5210',949,,2057,34,4,,0,100,,2059,34,4,,0,100,,2058,34,4,,0,100,,2060,34,4,,0,100,,2062,34,4,,0,100,,2061,34,4,,0,100,,2064,34,4,,0,100,,2063,34,4,,0,100,,2066,34,4,,0,100,,2065,34,4,,0
