100,'4833',635,,1206,20,,,0,100,,1207,20,,,0,100,,1208,13,,,0,100,,1209,20,,,0,100,,1210,20,,,0,100,,1211,20,,,0,100,,1212,20,,,0,100,,1213,20,,,0,100,,1214,20,,,0,100,,1215,20,,,0,100,,1216,20,,,0,100,,1217,20,,,0
100,'5323',635,,1219,20,,,0,100,,1220,20,,,0,100,,1221,13,,,0,100,,1222,20,,,0,100,,1223,20,,,0,100,,1224,20,,,0,100,,1225,20,,,0,100,,1226,20,,,0,100,,1227,20,,,0,100,,1228,20,,,0,100,,1229,20,,,0,100,,1230,20,,,0
100,'5325',835,,1232,13,,,0,100,,1234,20,,,0,100,,1239,20,,,0,100,,1242,20,,,0,100,,1235,20,,,0,100,,1233,20,,,0,100,,1237,20,,,0,100,,1238,20,,,0,100,,1236,20,,,0,100,,1241,20,,,0
100,'5326',635,,1243,20,,,0,100,,1244,20,,,0,100,,1245,13,,,0,100,,1246,20,,,0,100,,1247,20,,,0,100,,1248,20,,,0,100,,1249,20,,,0,100,,1250,20,,,0,100,,1251,20,,,0,100,,1252,20,,,0,100,,1253,20,,,0,100,,1254,20,,,0
100,'5328',835,,1256,13,,,0,100,,1259,20,,,0,100,,1263,20,,,0,100,,1266,20,,,0,100,,1258,20,,,0,100,,1257,20,,,0,100,,1261,20,,,0,100,,1262,20,,,0,100,,1260,20,,,0,100,,1265,20,,,0
300,'4833',704,,1445,15,,,0,110,,1446,29,0,11 12,0,90,,1447,15,,,0,100,,1448,15,,,0,100,,1450,15,,,0,100,,1449,15,,,0,100,,1451,15,,,0,100,,1452,15,,,0,100,,1453,15,,,0,100,,1454,15,,,0,100,,1455,15,,,0,100,,1456,15,,,0
300,'5323',704,,1458,15,,,0,110,,1459,29,0,11 12,0,90,,1460,15,,,0,100,,1461,15,,,0,100,,1463,15,,,0,100,,1462,15,,,0,100,,1464,15,,,0,100,,1465,15,,,0,100,,1466,15,,,0,100,,1467,15,,,0,100,,1468,15,,,0,100,,1469,15,,,0
300,'5325',814,,1472,23,0,11 12,0,90,,1473,15,,,0,100,,1474,15,,,0,100,,1471,15,,,0,100,,1475,15,,,0,100,,1476,15,,,0,100,,1477,15,,,0,100,,1478,15,,,0,100,,1479,15,,,0,100,,1480,15,,,0,100,,1481,15,,,0
300,'5326',704,,1482,15,,,0,110,,1483,29,0,11 12,0,90,,1484,15,,,0,100,,1485,15,,,0,100,,1487,15,,,0,100,,1486,15,,,0,100,,1488,15,,,0,100,,1489,15,,,0,100,,1490,15,,,0,100,,1491,15,,,0,100,,1492,15,,,0,100,,1493,15,,,0
300,'5328',904,,1496,15,,,0,100,,1497,15,,,0,100,,1495,15,,,0,100,,1498,15,,,0,100,,1499,15,,,0,100,,1500,15,,,0,100,,1501,15,,,0,100,,1502,15,,,0,100,,1503,15,,,0,100,,1504,15,,,0
1501,'4833',1935,,2026,31,0,7,0,124,,2028,31,0,7,0
1501,'5323',1935,,2030,31,0,7,0,124,,2032,31,0,7,0
1501,'5325',1935,,2035,31,0,7,0,124,,2036,31,0,7,0
1501,'5326',1935,,2038,31,0,7,0,124,,2040,31,0,7,0
1501,'5328',1935,,2043,31,0,7,0,124,,2044,31,0,7,0
1600,'5322',906,,2046,11,,,0,100,,2049,17,,,0,100,,2048,17,,,0,100,,2047,17,,,0,100,,2050,17,,,0,100,,2051,17,,,0,100,,2052,17,,,0,100,,2053,17,,,0,100,,2054,17,,,0,100,,2056,17,,,0
7000,'5323',607,,2153,24,,,0,305,,2154,7,,,0,324,,2155,7,,,0,300,,2156,7,,,0
7000,'5326',607,,2157,24,,,0,305,,2158,7,,,0,324,,2159,7,,,0,300,,2160,7,,,0
