300,'4833',814,,1446,28,0,11 12,0
300,'5323',814,,1459,28,0,11 12,0
300,'5325',814,,1472,22,0,11 12,0
300,'5326',814,,1483,28,0,11 12,0
401,'4833',731,,1636,4,,,0,100,,1637,4,,,0,100,,1638,4,,,0,100,,1639,4,,,0,100,,1640,4,,,0,100,,1641,4,,,0,100,,1633,4,,,0,100,,1634,4,,,0,100,,1632,4,,,0,100,,1631,4,,,0,100,,1630,4,,,0,110,,1629,4,0,7 6,0
401,'5323',731,,1649,4,,,0,100,,1650,4,,,0,100,,1651,4,,,0,100,,1652,4,,,0,100,,1653,4,,,0,100,,1654,4,,,0,100,,1646,4,,,0,100,,1647,4,,,0,100,,1645,4,,,0,100,,1644,4,,,0,100,,1643,4,,,0,110,,1642,4,0,7 6,0
401,'5325',831,,1655,4,,,0,100,,1657,4,,,0,100,,1658,4,,,0,100,,1656,4,,,0,100,,1660,4,,,0,100,,1659,4,,,0,100,,1661,4,,,0,100,,1662,4,,,0,100,,1663,4,,,0,100,,1664,4,,,0,110,,1665,4,0,7 6,0
401,'5326',731,,1673,4,,,0,100,,1674,4,,,0,100,,1675,4,,,0,100,,1676,4,,,0,100,,1677,4,,,0,100,,1678,4,,,0,100,,1670,4,,,0,100,,1671,4,,,0,100,,1669,4,,,0,100,,1668,4,,,0,100,,1667,4,,,0,110,,1666,4,0,7 6,0
401,'5328',831,,1679,4,,,0,100,,1681,4,,,0,100,,1683,4,,,0,100,,1680,4,,,0,100,,1684,4,,,0,100,,1682,4,,,0,100,,1685,4,,,0,100,,1686,4,,,0,100,,1687,4,,,0,100,,1688,4,,,0,110,,1689,4,0,7 6,0
1500,'4833',1900,,1988,18,0,14 15,0,124,,1990,18,0,13,0,123,,1993,18,0,13,0,85,,1995,18,0,13,0
1500,'5323',1900,,1996,18,0,14 15,0,124,,1998,18,0,13,0,123,,2001,18,0,13,0,85,,2003,18,0,13,0
1500,'5325',1900,,2004,18,0,13,0,124,,2006,18,0,13,0,123,,2009,18,0,13,0,85,,2010,18,0,13,0
1500,'5326',1900,,2011,18,0,14 15,0,124,,2013,18,0,13,0,123,,2016,18,0,13,0,85,,2018,18,0,13,0
1500,'5328',1900,,2019,18,0,13,0,124,,2021,18,0,13,0,123,,2024,18,0,13,0,85,,2025,18,0,13,0
1501,'4833',1934,,2026,30,0,7,0,124,,2028,30,0,7,0
1501,'5323',1934,,2030,30,0,7,0,124,,2032,30,0,7,0
1501,'5325',1934,,2035,30,0,7,0,124,,2036,30,0,7,0
1501,'5326',1934,,2038,30,0,7,0,124,,2040,30,0,7,0
1501,'5328',1934,,2043,30,0,7,0,124,,2044,30,0,7,0
