201,'4833',719,,1384,27,,,0,100,,1385,27,,,0,100,,1386,27,,,0,100,,1387,27,,,0,100,,1388,27,,,0,100,,1389,27,,,0,100,,1390,27,,,0,100,,1391,27,,,0,100,,1392,27,,,0,100,,1393,27,,,0,100,,1394,27,,,0,100,,1396,9,,,0
201,'5323',719,,1397,27,,,0,100,,1398,27,,,0,100,,1399,27,,,0,100,,1400,27,,,0,100,,1401,27,,,0,100,,1402,27,,,0,100,,1403,27,,,0,100,,1404,27,,,0,100,,1405,27,,,0,100,,1406,27,,,0,100,,1407,27,,,0,100,,1409,9,,,0
201,'5325',819,,1410,27,,,0,100,,1411,27,,,0,100,,1412,27,,,0,100,,1413,27,,,0,100,,1414,27,,,0,100,,1415,27,,,0,100,,1416,27,,,0,100,,1417,27,,,0,100,,1418,27,,,0,100,,1419,27,,,0,100,,1420,27,,,0
201,'5326',719,,1421,27,,,0,100,,1422,27,,,0,100,,1423,27,,,0,100,,1424,27,,,0,100,,1425,27,,,0,100,,1426,27,,,0,100,,1427,27,,,0,100,,1428,27,,,0,100,,1429,27,,,0,100,,1430,27,,,0,100,,1431,27,,,0,100,,1433,9,,,0
201,'5328',819,,1434,27,,,0,100,,1435,27,,,0,100,,1437,27,,,0,100,,1436,27,,,0,100,,1438,27,,,0,100,,1439,27,,,0,100,,1440,27,,,0,100,,1441,27,,,0,100,,1442,27,,,0,100,,1443,27,,,0,100,,1444,27,,,0
1501,'4833',1946,,2027,9,,,0,164,,2029,9,,,0
1501,'5323',1946,,2031,9,,,0,164,,2033,9,,,0
1501,'5325',1946,,2034,9,,,0,164,,2037,9,,,0
1501,'5326',1946,,2039,9,,,0,164,,2041,9,,,0
1501,'5328',1946,,2042,9,,,0,164,,2045,9,,,0
