400,'4833',704,,1566,7,,,0,100,,1571,7,,,0,100,,1573,7,,,0,100,,1574,7,,,0,100,,1575,7,,,0,100,,1576,7,,,0,100,,1577,7,,,0,100,,1578,7,,,0,100,,1572,7,,,0,100,,1569,7,,,0,100,,1570,7,,,0,100,,1568,7,0,7 6,0
400,'5323',704,,1579,7,,,0,100,,1584,7,,,0,100,,1586,7,,,0,100,,1587,7,,,0,100,,1588,7,,,0,100,,1589,7,,,0,100,,1590,7,,,0,100,,1591,7,,,0,100,,1585,7,,,0,100,,1582,7,,,0,100,,1583,7,,,0,100,,1581,7,0,7 6,0
400,'5325',804,,1595,7,,,0,100,,1598,7,,,0,100,,1592,7,,,0,100,,1593,7,,,0,100,,1596,7,,,0,100,,1597,7,,,0,100,,1594,7,,,0,100,,1599,7,,,0,100,,1600,7,,,0,100,,1601,7,,,0,100,,1602,7,0,7 6,0
400,'5326',704,,1604,7,,,0,100,,1609,7,,,0,100,,1611,7,,,0,100,,1612,7,,,0,100,,1613,7,,,0,100,,1614,7,,,0,100,,1615,7,,,0,100,,1616,7,,,0,100,,1610,7,,,0,100,,1607,7,,,0,100,,1608,7,,,0,100,,1606,7,0,7 6,0
400,'5328',804,,1620,7,,,0,100,,1623,7,,,0,100,,1617,7,,,0,100,,1618,7,,,0,100,,1621,7,,,0,100,,1622,7,,,0,100,,1619,7,,,0,100,,1624,7,,,0,100,,1625,7,,,0,100,,1626,7,,,0,100,,1627,7,0,7 6,0
3000,'5323',813,,2098,13,,,0,310,,2097,13,,,0,185,,2101,13,,,0,295,,2099,13,,,0,131,,2100,13,,,0
3000,'5325',913,,2102,13,,,0,210,,2103,13,,,0,185,,2105,13,,,0,295,,2104,13,,,0,131,,2106,13,,,0
3000,'5326',813,,2108,13,,,0,310,,2107,13,,,0,185,,2111,13,,,0,295,,2109,13,,,0,131,,2110,13,,,0
3000,'5328',913,,2112,13,,,0,210,,2113,13,,,0,185,,2115,13,,,0,295,,2114,13,,,0,131,,2116,13,,,0
4000,'5323',832,,2138,23,4,,0,516,,2137,23,4,,0
4000,'5326',832,,2140,23,4,,0,516,,2139,23,4,,0
