501,'4833',652,,1816,7,,,0,70,,1826,7,,,0,30,,1817,9,,,0,70,,1838,9,,,0,30,,1819,9,,,0,70,,1827,9,,,0,30,,1820,9,,,0,70,,1828,9,,,0,30,,1821,9,,,0,70,,1829,9,,,0,30,,1818,9,,,0,70,,1830,9,,,0,30,,1823,9,,,0,70,,1831,9,,,0,30,,1822,9,,,0,70,,1832,9,,,0,30,,1824,9,,,0,70,,1839,9,,,0,30,,1825,9,,,0,70,,1837,9,,,0,30,,1833,9,,,0,70,,1834,9,,,0,30,,1835,9,,,0,70,,1836,9,,,0
501,'5322',1222,,1840,9,,,0,100,,1841,9,,,0,100,,1842,9,,,0,100,,1843,9,,,0
501,'5323',652,,1844,7,,,0,70,,1854,7,,,0,30,,1845,9,,,0,70,,1866,9,,,0,30,,1847,9,,,0,70,,1855,9,,,0,30,,1848,9,,,0,70,,1856,9,,,0,30,,1849,9,,,0,70,,1857,9,,,0,30,,1846,9,,,0,70,,1858,9,,,0,30,,1851,9,,,0,70,,1859,9,,,0,30,,1850,9,,,0,70,,1860,9,,,0,30,,1852,9,,,0,70,,1867,9,,,0,30,,1853,9,,,0,70,,1865,9,,,0,30,,1861,9,,,0,70,,1862,9,,,0,30,,1863,9,,,0,70,,1864,9,,,0
501,'5325',852,,1873,7,,,0,70,,1884,7,,,0,30,,1875,9,,,0,70,,1885,9,,,0,30,,1876,9,,,0,70,,1881,9,,,0,30,,1872,9,,,0,70,,1882,9,,,0,30,,1877,9,,,0,70,,1883,9,,,0,30,,1868,9,,,0,70,,1886,9,,,0,30,,1869,9,,,0,70,,1887,9,,,0,30,,1870,9,,,0,70,,1878,9,,,0,30,,1871,9,,,0,70,,1879,9,,,0,30,,1874,9,,,0,70,,1880,9,,,0
501,'5326',652,,1888,7,,,0,70,,1898,7,,,0,30,,1889,9,,,0,70,,1910,9,,,0,30,,1891,9,,,0,70,,1899,9,,,0,30,,1892,9,,,0,70,,1900,9,,,0,30,,1893,9,,,0,70,,1901,9,,,0,30,,1890,9,,,0,70,,1902,9,,,0,30,,1895,9,,,0,70,,1903,9,,,0,30,,1894,9,,,0,70,,1904,9,,,0,30,,1896,9,,,0,70,,1911,9,,,0,30,,1897,9,,,0,70,,1909,9,,,0,30,,1905,9,,,0,70,,1906,9,,,0,30,,1907,9,,,0,70,,1908,9,,,0,30,,1914,9,,,0,100,,1915,9,,,0,100,,1916,9,,,0,100,,1917,9,,,0,100,,1912,9,,,0,100,,1913,9,0,21,0
501,'5328',852,,1923,7,,,0,70,,1934,7,,,0,30,,1925,9,,,0,70,,1935,9,,,0,30,,1926,9,,,0,70,,1931,9,,,0,30,,1922,9,,,0,70,,1932,9,,,0,30,,1927,9,,,0,70,,1933,9,,,0,30,,1918,9,,,0,70,,1936,9,,,0,30,,1919,9,,,0,70,,1937,9,,,0,30,,1920,9,,,0,70,,1928,9,,,0,30,,1921,9,,,0,70,,1929,9,,,0,30,,1924,9,,,0,70,,1930,9,,,0,30,,1940,9,,,0,100,,1941,9,,,0,100,,1942,9,,,0,100,,1943,9,,,0,100,,1939,9,,,0,100,,1938,9,0,21,0
1001,'5323',751,,1960,23,,,0,165,,1961,23,,,0,123,,1964,23,,,0,311,,1962,23,,,0,402,,1963,23,,,0
1001,'5325',916,,1965,23,,,0,434,,1967,23,,,0,402,,1966,23,,,0
1001,'5326',751,,1968,23,,,0,165,,1969,23,,,0,123,,1972,23,,,0,311,,1970,23,,,0,402,,1971,23,,,0
1001,'5328',916,,1973,23,,,0,434,,1975,23,,,0,402,,1974,23,,,0
1500,'4833',1901,,1988,22,0,14 15,0,124,,1990,22,0,13,0,123,,1993,22,0,13,0,85,,1995,22,0,13,0
1500,'5323',1901,,1996,22,0,14 15,0,124,,1998,22,0,13,0,123,,2001,22,0,13,0,85,,2003,22,0,13,0
1500,'5325',1901,,2004,22,0,13,0,124,,2006,22,0,13,0,123,,2009,22,0,13,0,85,,2010,22,0,13,0
1500,'5326',1901,,2011,22,0,14 15,0,124,,2013,22,0,13,0,123,,2016,22,0,13,0,85,,2018,22,0,13,0
1500,'5328',1901,,2019,22,0,13,0,124,,2021,22,0,13,0,123,,2024,22,0,13,0,85,,2025,22,0,13,0
1601,'5322',933,,2057,17,,,0,100,,2059,17,,,0,100,,2058,17,,,0,100,,2060,17,,,0,100,,2062,17,,,0,100,,2061,17,,,0,100,,2064,17,,,0,100,,2063,17,,,0,100,,2066,17,,,0,100,,2065,17,,,0
