201,'4833',717,,1384,24,,,0,100,,1385,24,,,0,100,,1386,24,,,0,100,,1387,24,,,0,100,,1388,24,,,0,100,,1389,24,,,0,100,,1390,24,,,0,100,,1391,24,,,0,100,,1392,24,,,0,100,,1393,24,,,0,100,,1394,24,,,0,100,,1396,6,,,0
201,'5323',717,,1397,24,,,0,100,,1398,24,,,0,100,,1399,24,,,0,100,,1400,24,,,0,100,,1401,24,,,0,100,,1402,24,,,0,100,,1403,24,,,0,100,,1404,24,,,0,100,,1405,24,,,0,100,,1406,24,,,0,100,,1407,24,,,0,100,,1409,6,,,0
201,'5325',817,,1410,24,,,0,100,,1411,24,,,0,100,,1412,24,,,0,100,,1413,24,,,0,100,,1414,24,,,0,100,,1415,24,,,0,100,,1416,24,,,0,100,,1417,24,,,0,100,,1418,24,,,0,100,,1419,24,,,0,100,,1420,24,,,0
201,'5326',717,,1421,24,,,0,100,,1422,24,,,0,100,,1423,24,,,0,100,,1424,24,,,0,100,,1425,24,,,0,100,,1426,24,,,0,100,,1427,24,,,0,100,,1428,24,,,0,100,,1429,24,,,0,100,,1430,24,,,0,100,,1431,24,,,0,100,,1433,6,,,0
201,'5328',817,,1434,24,,,0,100,,1435,24,,,0,100,,1437,24,,,0,100,,1436,24,,,0,100,,1438,24,,,0,100,,1439,24,,,0,100,,1440,24,,,0,100,,1441,24,,,0,100,,1442,24,,,0,100,,1443,24,,,0,100,,1444,24,,,0
401,'4833',648,,1635,8,,,0,100,,1636,21,,,0,100,,1637,21,,,0,100,,1638,21,,,0,100,,1639,21,,,0,100,,1640,21,,,0,100,,1641,21,,,0,100,,1633,21,,,0,100,,1634,21,,,0,100,,1632,21,,,0,100,,1631,21,,,0,100,,1630,21,,,0
401,'5323',648,,1648,8,,,0,100,,1649,21,,,0,100,,1650,21,,,0,100,,1651,21,,,0,100,,1652,21,,,0,100,,1653,21,,,0,100,,1654,21,,,0,100,,1646,21,,,0,100,,1647,21,,,0,100,,1645,21,,,0,100,,1644,21,,,0,100,,1643,21,,,0
401,'5325',848,,1655,21,,,0,100,,1657,21,,,0,100,,1658,21,,,0,100,,1656,21,,,0,100,,1660,21,,,0,100,,1659,21,,,0,100,,1661,21,,,0,100,,1662,21,,,0,100,,1663,21,,,0,100,,1664,21,,,0
401,'5326',648,,1672,8,,,0,100,,1673,21,,,0,100,,1674,21,,,0,100,,1675,21,,,0,100,,1676,21,,,0,100,,1677,21,,,0,100,,1678,21,,,0,100,,1670,21,,,0,100,,1671,21,,,0,100,,1669,21,,,0,100,,1668,21,,,0,100,,1667,21,,,0
401,'5328',848,,1679,21,,,0,100,,1681,21,,,0,100,,1683,21,,,0,100,,1680,21,,,0,100,,1684,21,,,0,100,,1682,21,,,0,100,,1685,21,,,0,100,,1686,21,,,0,100,,1687,21,,,0,100,,1688,21,,,0
1501,'4833',1944,,2027,6,,,0,164,,2029,6,,,0
1501,'5323',1944,,2031,6,,,0,164,,2033,6,,,0
1501,'5325',1944,,2034,6,,,0,164,,2037,6,,,0
1501,'5326',1944,,2039,6,,,0,164,,2041,6,,,0
1501,'5328',1944,,2042,6,,,0,164,,2045,6,,,0
3001,'5323',748,,2117,13,,,0,310,,2118,11,,,0,185,,2121,11,,,0,295,,2119,13,,,0,170,,2120,11,,,0
3001,'5325',848,,2122,13,,,0,210,,2123,11,,,0,185,,2124,11,,,0,295,,2125,13,,,0,170,,2126,11,,,0
3001,'5326',748,,2127,13,,,0,310,,2128,11,,,0,185,,2131,11,,,0,295,,2129,13,,,0,170,,2130,11,,,0
3001,'5328',848,,2132,13,,,0,210,,2133,11,,,0,185,,2134,11,,,0,295,,2135,13,,,0,170,,2136,11,,,0
4001,'5323',948,,2141,6,,,0,604,,2142,6,,,0
4001,'5326',948,,2143,6,,,0,604,,2144,6,,,0
