200,'4332',833,,832,6,,,0,100,,833,6,,,0,100,,834,6,,,0,100,,835,6,,,0,100,,836,6,,,0,100,,837,6,,,0,100,,838,6,,,0,100,,839,6,,,0,100,,840,6,,,0,100,,841,6,,,0
200,'4480',633,,842,6,,,0,100,,843,6,,,0,100,,844,6,,,0,100,,845,6,,,0,100,,846,6,,,0,100,,847,6,,,0,100,,848,6,,,0,100,,849,6,,,0,100,,850,6,,,0,100,,851,6,,,0,100,,852,6,,,0,100,,853,6,,,0
401,'4332',833,,951,8,,,0,100,,953,8,,,0,100,,954,8,,,0,100,,952,8,,,0,100,,956,8,,,0,100,,955,8,,,0,100,,957,8,,,0,100,,958,8,,,0,100,,959,8,,,0,100,,960,8,,,0,110,,961,8,0,7 6,0
401,'4480',733,,969,8,,,0,100,,970,8,,,0,100,,971,8,,,0,100,,972,8,,,0,100,,973,8,,,0,100,,974,8,,,0,100,,966,8,,,0,100,,967,8,,,0,100,,964,8,,,0,100,,963,8,,,0,100,,965,8,,,0,110,,962,8,0,7 6,0
500,'4327',1303,,490,17,,,0,100,,491,17,,,0,100,,492,17,,,0,100,,493,17,,,0
500,'4332',933,,975,17,,,0,70,,991,17,,,0,30,,980,17,,,0,70,,988,17,,,0,30,,981,17,,,0,70,,989,17,,,0,30,,983,17,,,0,70,,987,17,,,0,30,,984,17,,,0,70,,990,17,,,0,30,,982,17,,,0,70,,992,17,,,0,30,,979,17,,,0,70,,986,17,,,0,30,,978,17,,,0,70,,985,17,,,0,30,,976,17,,,0,70,,993,17,,,0,30,,977,17,,,0
500,'4480',733,,995,17,,,0,100,,997,17,,,0,70,,1015,17,,,0,30,,998,17,,,0,70,,1005,17,,,0,30,,999,17,,,0,70,,1006,17,,,0,30,,996,17,,,0,70,,1007,17,,,0,30,,1001,17,,,0,70,,1008,17,,,0,30,,1000,17,,,0,70,,1009,17,,,0,30,,1002,17,,,0,70,,1011,17,,,0,30,,1003,17,,,0,73,,1018,17,,,0,27,,1004,17,,,0,70,,1016,17,,,0,30,,1010,17,,,0,70,,1012,17,,,0,30,,1013,17,,,0
1000,'4332',806,,1063,6,,,0,428,,1064,6,,,0,407,,1065,6,,,0
1000,'4480',644,,1066,6,,,0,162,,1067,6,,,0,428,,1068,6,,,0,407,,1069,6,,,0
1500,'4332',2005,,1084,11,,,0,124,,1087,11,,,0,85,,1086,11,,,0
1500,'4480',2005,,1092,11,,,0,124,,1094,11,,,0,85,,1096,11,,,0
