501,'4833',653,,1816,8,,,0,70,,1826,8,,,0,30,,1817,10,,,0,70,,1838,10,,,0,30,,1819,10,,,0,70,,1827,10,,,0,30,,1820,10,,,0,70,,1828,10,,,0,30,,1821,10,,,0,70,,1829,10,,,0,30,,1818,10,,,0,70,,1830,10,,,0,30,,1823,10,,,0,70,,1831,10,,,0,30,,1822,10,,,0,70,,1832,10,,,0,30,,1824,10,,,0,70,,1839,10,,,0,30,,1825,10,,,0,70,,1837,10,,,0,30,,1833,10,,,0,70,,1834,10,,,0,30,,1835,10,,,0,70,,1836,10,,,0
501,'5322',1223,,1840,10,,,0,100,,1841,10,,,0,100,,1842,10,,,0,100,,1843,10,,,0
501,'5323',653,,1844,8,,,0,70,,1854,8,,,0,30,,1845,10,,,0,70,,1866,10,,,0,30,,1847,10,,,0,70,,1855,10,,,0,30,,1848,10,,,0,70,,1856,10,,,0,30,,1849,10,,,0,70,,1857,10,,,0,30,,1846,10,,,0,70,,1858,10,,,0,30,,1851,10,,,0,70,,1859,10,,,0,30,,1850,10,,,0,70,,1860,10,,,0,30,,1852,10,,,0,70,,1867,10,,,0,30,,1853,10,,,0,70,,1865,10,,,0,30,,1861,10,,,0,70,,1862,10,,,0,30,,1863,10,,,0,70,,1864,10,,,0
501,'5325',853,,1873,8,,,0,70,,1884,8,,,0,30,,1875,10,,,0,70,,1885,10,,,0,30,,1876,10,,,0,70,,1881,10,,,0,30,,1872,10,,,0,70,,1882,10,,,0,30,,1877,10,,,0,70,,1883,10,,,0,30,,1868,10,,,0,70,,1886,10,,,0,30,,1869,10,,,0,70,,1887,10,,,0,30,,1870,10,,,0,70,,1878,10,,,0,30,,1871,10,,,0,70,,1879,10,,,0,30,,1874,10,,,0,70,,1880,10,,,0
501,'5326',653,,1888,8,,,0,70,,1898,8,,,0,30,,1889,10,,,0,70,,1910,10,,,0,30,,1891,10,,,0,70,,1899,10,,,0,30,,1892,10,,,0,70,,1900,10,,,0,30,,1893,10,,,0,70,,1901,10,,,0,30,,1890,10,,,0,70,,1902,10,,,0,30,,1895,10,,,0,70,,1903,10,,,0,30,,1894,10,,,0,70,,1904,10,,,0,30,,1896,10,,,0,70,,1911,10,,,0,30,,1897,10,,,0,70,,1909,10,,,0,30,,1905,10,,,0,70,,1906,10,,,0,30,,1907,10,,,0,70,,1908,10,,,0,30,,1914,10,,,0,100,,1915,10,,,0,100,,1916,10,,,0,100,,1917,10,,,0,100,,1912,10,,,0,100,,1913,10,0,21,0
501,'5328',853,,1923,8,,,0,70,,1934,8,,,0,30,,1925,10,,,0,70,,1935,10,,,0,30,,1926,10,,,0,70,,1931,10,,,0,30,,1922,10,,,0,70,,1932,10,,,0,30,,1927,10,,,0,70,,1933,10,,,0,30,,1918,10,,,0,70,,1936,10,,,0,30,,1919,10,,,0,70,,1937,10,,,0,30,,1920,10,,,0,70,,1928,10,,,0,30,,1921,10,,,0,70,,1929,10,,,0,30,,1924,10,,,0,70,,1930,10,,,0,30,,1940,10,,,0,100,,1941,10,,,0,100,,1942,10,,,0,100,,1943,10,,,0,100,,1939,10,,,0,100,,1938,10,0,21,0
1001,'5323',751,,1960,24,,,0,165,,1961,24,,,0,123,,1964,24,,,0,311,,1962,24,,,0,402,,1963,24,,,0
1001,'5325',916,,1965,24,,,0,434,,1967,24,,,0,402,,1966,24,,,0
1001,'5326',751,,1968,24,,,0,165,,1969,24,,,0,123,,1972,24,,,0,311,,1970,24,,,0,402,,1971,24,,,0
1001,'5328',916,,1973,24,,,0,434,,1975,24,,,0,402,,1974,24,,,0
1500,'4833',1902,,1988,23,0,14 15,0,124,,1990,23,0,13,0,123,,1993,23,0,13,0,85,,1995,23,0,13,0
1500,'5323',1902,,1996,23,0,14 15,0,124,,1998,23,0,13,0,123,,2001,23,0,13,0,85,,2003,23,0,13,0
1500,'5325',1902,,2004,23,0,13,0,124,,2006,23,0,13,0,123,,2009,23,0,13,0,85,,2010,23,0,13,0
1500,'5326',1902,,2011,23,0,14 15,0,124,,2013,23,0,13,0,123,,2016,23,0,13,0,85,,2018,23,0,13,0
1500,'5328',1902,,2019,23,0,13,0,124,,2021,23,0,13,0,123,,2024,23,0,13,0,85,,2025,23,0,13,0
1601,'5322',933,,2057,18,,,0,100,,2059,18,,,0,100,,2058,18,,,0,100,,2060,18,,,0,100,,2062,18,,,0,100,,2061,18,,,0,100,,2064,18,,,0,100,,2063,18,,,0,100,,2066,18,,,0,100,,2065,18,,,0
