201,'5323',715,,1397,23,,,0,100,,1398,23,,,0,100,,1399,23,,,0,100,,1400,23,,,0,100,,1401,23,,,0,100,,1402,23,,,0,100,,1403,23,,,0,100,,1404,23,,,0,100,,1405,23,,,0,100,,1406,23,,,0,100,,1407,23,,,0,100,,1409,5,,,0
201,'5325',815,,1410,23,,,0,100,,1411,23,,,0,100,,1412,23,,,0,100,,1413,23,,,0,100,,1414,23,,,0,100,,1415,23,,,0,100,,1416,23,,,0,100,,1417,23,,,0,100,,1418,23,,,0,100,,1419,23,,,0,100,,1420,23,,,0
201,'5326',715,,1421,23,,,0,100,,1422,23,,,0,100,,1423,23,,,0,100,,1424,23,,,0,100,,1425,23,,,0,100,,1426,23,,,0,100,,1427,23,,,0,100,,1428,23,,,0,100,,1429,23,,,0,100,,1430,23,,,0,100,,1431,23,,,0,100,,1433,5,,,0
201,'5328',815,,1434,23,,,0,100,,1435,23,,,0,100,,1437,23,,,0,100,,1436,23,,,0,100,,1438,23,,,0,100,,1439,23,,,0,100,,1440,23,,,0,100,,1441,23,,,0,100,,1442,23,,,0,100,,1443,23,,,0,100,,1444,23,,,0
401,'5323',646,,1648,7,,,0,100,,1649,20,,,0,100,,1650,20,,,0,100,,1651,20,,,0,100,,1652,20,,,0,100,,1653,20,,,0,100,,1654,20,,,0,100,,1646,20,,,0,100,,1647,20,,,0,100,,1645,20,,,0,100,,1644,20,,,0,100,,1643,20,,,0
401,'5325',846,,1655,20,,,0,100,,1657,20,,,0,100,,1658,20,,,0,100,,1656,20,,,0,100,,1660,20,,,0,100,,1659,20,,,0,100,,1661,20,,,0,100,,1662,20,,,0,100,,1663,20,,,0,100,,1664,20,,,0
401,'5326',646,,1672,7,,,0,100,,1673,20,,,0,100,,1674,20,,,0,100,,1675,20,,,0,100,,1676,20,,,0,100,,1677,20,,,0,100,,1678,20,,,0,100,,1670,20,,,0,100,,1671,20,,,0,100,,1669,20,,,0,100,,1668,20,,,0,100,,1667,20,,,0
401,'5328',846,,1679,20,,,0,100,,1681,20,,,0,100,,1683,20,,,0,100,,1680,20,,,0,100,,1684,20,,,0,100,,1682,20,,,0,100,,1685,20,,,0,100,,1686,20,,,0,100,,1687,20,,,0,100,,1688,20,,,0
1100,'5323',1837,,1978,10,,,0
1100,'5326',1837,,1981,10,,,0
1101,'5323',1241,,1984,11,,,0,572,,1982,11,,,0
1101,'5326',1241,,1987,11,,,0,572,,1985,11,,,0
1501,'5323',1942,,2031,5,,,0,164,,2033,5,,,0
1501,'5325',1942,,2034,5,,,0,164,,2037,5,,,0
1501,'5326',1942,,2039,5,,,0,164,,2041,5,,,0
1501,'5328',1942,,2042,5,,,0,164,,2045,5,,,0
3001,'5323',747,,2117,12,,,0,310,,2118,10,,,0,185,,2121,10,,,0,295,,2119,12,,,0,170,,2120,10,,,0
3001,'5325',847,,2122,12,,,0,210,,2123,10,,,0,185,,2124,10,,,0,295,,2125,12,,,0,170,,2126,10,,,0
3001,'5326',747,,2127,12,,,0,310,,2128,10,,,0,185,,2131,10,,,0,295,,2129,12,,,0,170,,2130,10,,,0
3001,'5328',847,,2132,12,,,0,210,,2133,10,,,0,185,,2134,10,,,0,295,,2135,12,,,0,170,,2136,10,,,0
4001,'5323',945,,2141,5,,,0,604,,2142,5,,,0
4001,'5326',945,,2143,5,,,0,604,,2144,5,,,0
