500,'4833',713,,1690,7,,,0,30,,1712,7,,,0,70,,1692,7,,,0,30,,1710,7,,,0,70,,1693,7,,,0,30,,1700,7,,,0,70,,1694,7,,,0,30,,1701,7,,,0,70,,1691,7,,,0,30,,1702,7,,,0,70,,1696,7,,,0,30,,1703,7,,,0,70,,1695,7,,,0,30,,1704,7,,,0,70,,1697,7,,,0,30,,1707,7,,,0,70,,1698,7,,,0,30,,1713,7,,,0,70,,1699,7,,,0,30,,1711,7,,,0,70,,1705,7,,,0,30,,1706,7,,,0,70,,1708,7,,,0,30,,1709,7,0,13,0
500,'5322',1243,,1714,7,,,0,100,,1715,7,,,0,100,,1716,7,,,0,100,,1717,7,,,0
500,'5323',713,,1718,7,,,0,30,,1740,7,,,0,70,,1720,7,,,0,30,,1738,7,,,0,70,,1721,7,,,0,30,,1728,7,,,0,70,,1722,7,,,0,30,,1729,7,,,0,70,,1719,7,,,0,30,,1730,7,,,0,70,,1724,7,,,0,30,,1731,7,,,0,70,,1723,7,,,0,30,,1732,7,,,0,70,,1725,7,,,0,30,,1735,7,,,0,70,,1726,7,,,0,30,,1741,7,,,0,70,,1727,7,,,0,30,,1739,7,,,0,70,,1733,7,,,0,30,,1734,7,,,0,70,,1736,7,,,0,30,,1737,7,0,13,0
500,'5325',913,,1742,7,,,0,30,,1758,7,,,0,70,,1747,7,,,0,30,,1755,7,,,0,70,,1748,7,,,0,30,,1756,7,,,0,70,,1750,7,,,0,30,,1754,7,,,0,70,,1751,7,,,0,30,,1757,7,,,0,70,,1749,7,,,0,30,,1759,7,,,0,70,,1746,7,,,0,30,,1753,7,,,0,70,,1745,7,,,0,30,,1752,7,,,0,70,,1743,7,,,0,30,,1760,7,,,0,70,,1744,7,,,0,30,,1761,7,0,13,0
500,'5326',713,,1762,7,,,0,30,,1784,7,,,0,70,,1764,7,,,0,30,,1782,7,,,0,70,,1765,7,,,0,30,,1772,7,,,0,70,,1766,7,,,0,30,,1773,7,,,0,70,,1763,7,,,0,30,,1774,7,,,0,70,,1768,7,,,0,30,,1775,7,,,0,70,,1767,7,,,0,30,,1776,7,,,0,70,,1769,7,,,0,30,,1779,7,,,0,70,,1770,7,,,0,30,,1785,7,,,0,70,,1771,7,,,0,30,,1783,7,,,0,70,,1777,7,,,0,30,,1778,7,,,0,70,,1780,7,,,0,30,,1781,7,0,13,0,70,,1786,7,,,0,100,,1787,7,,,0,100,,1788,7,,,0,100,,1789,7,,,0,100,,1790,7,,,0
500,'5328',913,,1791,7,,,0,30,,1807,7,,,0,70,,1796,7,,,0,30,,1804,7,,,0,70,,1797,7,,,0,30,,1805,7,,,0,70,,1799,7,,,0,30,,1803,7,,,0,70,,1800,7,,,0,30,,1806,7,,,0,70,,1798,7,,,0,30,,1808,7,,,0,70,,1795,7,,,0,30,,1802,7,,,0,70,,1794,7,,,0,30,,1801,7,,,0,70,,1792,7,,,0,30,,1809,7,,,0,70,,1793,7,,,0,30,,1810,7,0,13,0,70,,1811,7,,,0,100,,1812,7,,,0,100,,1813,7,,,0,100,,1814,7,,,0,100,,1815,7,,,0
1500,'4833',1912,,1989,14,0,13,0,124,,1990,40,0,13,0,123,,1993,40,0,13,0,85,,1995,40,0,13,0
1500,'5323',1912,,1997,14,0,13,0,124,,1998,40,0,13,0,123,,2001,40,0,13,0,85,,2003,40,0,13,0
1500,'5325',1912,,2004,40,0,13,0,124,,2006,40,0,13,0,123,,2009,40,0,13,0,85,,2010,40,0,13,0
1500,'5326',1912,,2012,14,0,13,0,124,,2013,40,0,13,0,123,,2016,40,0,13,0,85,,2018,40,0,13,0
1500,'5328',1912,,2019,40,0,13,0,124,,2021,40,0,13,0,123,,2024,40,0,13,0,85,,2025,40,0,13,0
7000,'5323',558,,2153,13,,,0
7000,'5326',558,,2157,13,,,0
