400,'4833',704,,1566,8,,,0,100,,1571,8,,,0,100,,1573,8,,,0,100,,1574,8,,,0,100,,1575,8,,,0,100,,1576,8,,,0,100,,1577,8,,,0,100,,1578,8,,,0,100,,1572,8,,,0,100,,1569,8,,,0,100,,1570,8,,,0,100,,1568,8,0,7 6,0
400,'5323',704,,1579,8,,,0,100,,1584,8,,,0,100,,1586,8,,,0,100,,1587,8,,,0,100,,1588,8,,,0,100,,1589,8,,,0,100,,1590,8,,,0,100,,1591,8,,,0,100,,1585,8,,,0,100,,1582,8,,,0,100,,1583,8,,,0,100,,1581,8,0,7 6,0
400,'5325',804,,1595,8,,,0,100,,1598,8,,,0,100,,1592,8,,,0,100,,1593,8,,,0,100,,1596,8,,,0,100,,1597,8,,,0,100,,1594,8,,,0,100,,1599,8,,,0,100,,1600,8,,,0,100,,1601,8,,,0,100,,1602,8,0,7 6,0
400,'5326',704,,1604,8,,,0,100,,1609,8,,,0,100,,1611,8,,,0,100,,1612,8,,,0,100,,1613,8,,,0,100,,1614,8,,,0,100,,1615,8,,,0,100,,1616,8,,,0,100,,1610,8,,,0,100,,1607,8,,,0,100,,1608,8,,,0,100,,1606,8,0,7 6,0
400,'5328',804,,1620,8,,,0,100,,1623,8,,,0,100,,1617,8,,,0,100,,1618,8,,,0,100,,1621,8,,,0,100,,1622,8,,,0,100,,1619,8,,,0,100,,1624,8,,,0,100,,1625,8,,,0,100,,1626,8,,,0,100,,1627,8,0,7 6,0
3000,'5323',813,,2098,14,,,0,310,,2097,14,,,0,185,,2101,14,,,0,295,,2099,14,,,0,131,,2100,14,,,0
3000,'5325',913,,2102,14,,,0,210,,2103,14,,,0,185,,2105,14,,,0,295,,2104,14,,,0,131,,2106,14,,,0
3000,'5326',813,,2108,14,,,0,310,,2107,14,,,0,185,,2111,14,,,0,295,,2109,14,,,0,131,,2110,14,,,0
3000,'5328',913,,2112,14,,,0,210,,2113,14,,,0,185,,2115,14,,,0,295,,2114,14,,,0,131,,2116,14,,,0
4000,'5323',833,,2138,24,4,,0,516,,2137,24,4,,0
4000,'5326',833,,2140,24,4,,0,516,,2139,24,4,,0
