300,'4833',806,,1446,17,0,11 12,0
300,'5323',806,,1459,17,0,11 12,0
300,'5325',806,,1472,11,0,11 12,0
300,'5326',806,,1483,17,0,11 12,0
400,'4833',723,,1566,31,,,0,100,,1571,31,,,0,100,,1573,31,,,0,100,,1574,31,,,0,100,,1575,31,,,0,100,,1576,31,,,0,100,,1577,31,,,0,100,,1578,31,,,0,100,,1572,31,,,0,100,,1569,31,,,0,100,,1570,31,,,0,110,,1567,16,,,0
400,'5323',723,,1579,31,,,0,100,,1584,31,,,0,100,,1586,31,,,0,100,,1587,31,,,0,100,,1588,31,,,0,100,,1589,31,,,0,100,,1590,31,,,0,100,,1591,31,,,0,100,,1585,31,,,0,100,,1582,31,,,0,100,,1583,31,,,0,110,,1580,16,,,0
400,'5325',823,,1595,31,,,0,100,,1598,31,,,0,100,,1592,31,,,0,100,,1593,31,,,0,100,,1596,31,,,0,100,,1597,31,,,0,100,,1594,31,,,0,100,,1599,31,,,0,100,,1600,31,,,0,100,,1601,31,,,0,110,,1603,16,,,0
400,'5326',723,,1604,31,,,0,100,,1609,31,,,0,100,,1611,31,,,0,100,,1612,31,,,0,100,,1613,31,,,0,100,,1614,31,,,0,100,,1615,31,,,0,100,,1616,31,,,0,100,,1610,31,,,0,100,,1607,31,,,0,100,,1608,31,,,0,110,,1605,16,,,0
400,'5328',823,,1620,31,,,0,100,,1623,31,,,0,100,,1617,31,,,0,100,,1618,31,,,0,100,,1621,31,,,0,100,,1622,31,,,0,100,,1619,31,,,0,100,,1624,31,,,0,100,,1625,31,,,0,100,,1626,31,,,0,110,,1628,16,,,0
1500,'4833',1857,,1988,14,0,14 15,0,164,,1990,14,0,13,0,123,,1993,14,0,13,0,85,,1995,14,0,13,0
1500,'5323',1857,,1996,14,0,14 15,0,164,,1998,14,0,13,0,123,,2001,14,0,13,0,85,,2003,14,0,13,0
1500,'5325',1857,,2004,14,0,13,0,164,,2006,14,0,13,0,123,,2009,14,0,13,0,85,,2010,14,0,13,0
1500,'5326',1857,,2011,14,0,14 15,0,164,,2013,14,0,13,0,123,,2016,14,0,13,0,85,,2018,14,0,13,0
1500,'5328',1857,,2019,14,0,13,0,164,,2021,14,0,13,0,123,,2024,14,0,13,0,85,,2025,14,0,13,0
1501,'4833',1932,,2026,26,0,7,0,124,,2028,26,0,7,0
1501,'5323',1932,,2030,26,0,7,0,124,,2032,26,0,7,0
1501,'5325',1932,,2035,26,0,7,0,124,,2036,26,0,7,0
1501,'5326',1932,,2038,26,0,7,0,124,,2040,26,0,7,0
1501,'5328',1932,,2043,26,0,7,0,124,,2044,26,0,7,0
