301,'4833',644,,1505,19,,,0,100,,1506,29,,,0,100,,1507,22,,,0,100,,1508,29,,,0,100,,1509,29,,,0,100,,1510,29,,,0,100,,1511,29,,,0,100,,1512,29,,,0,100,,1513,29,,,0,100,,1514,29,,,0,100,,1515,29,,,0,100,,1516,29,,,0
301,'5323',644,,1518,19,,,0,100,,1519,29,,,0,100,,1520,22,,,0,100,,1521,29,,,0,100,,1522,29,,,0,100,,1523,29,,,0,100,,1524,29,,,0,100,,1525,29,,,0,100,,1526,29,,,0,100,,1527,29,,,0,100,,1528,29,,,0,100,,1529,29,,,0
301,'5325',844,,1533,22,,,0,100,,1531,29,,,0,100,,1534,29,,,0,100,,1532,29,,,0,100,,1535,29,,,0,100,,1536,29,,,0,100,,1537,29,,,0,100,,1538,29,,,0,100,,1539,29,,,0,100,,1541,29,,,0
301,'5326',644,,1542,19,,,0,100,,1543,29,,,0,100,,1544,22,,,0,100,,1545,29,,,0,100,,1546,29,,,0,100,,1547,29,,,0,100,,1548,29,,,0,100,,1549,29,,,0,100,,1550,29,,,0,100,,1551,29,,,0,100,,1552,29,,,0,100,,1553,29,,,0
301,'5328',844,,1557,22,,,0,100,,1555,29,,,0,100,,1558,29,,,0,100,,1556,29,,,0,100,,1559,29,,,0,100,,1560,29,,,0,100,,1561,29,,,0,100,,1562,29,,,0,100,,1563,29,,,0,100,,1565,29,,,0
501,'4833',703,,1816,15,,,0,30,,1826,15,,,0,70,,1817,17,,,0,30,,1838,17,,,0,70,,1819,17,,,0,30,,1827,17,,,0,70,,1820,17,,,0,30,,1828,17,,,0,70,,1821,17,,,0,30,,1829,17,,,0,70,,1818,17,,,0,30,,1830,17,,,0,70,,1823,17,,,0,30,,1831,17,,,0,70,,1822,17,,,0,30,,1832,17,,,0,70,,1824,17,,,0,30,,1839,17,,,0,70,,1825,17,,,0,30,,1837,17,,,0,70,,1833,17,,,0,30,,1834,17,,,0,70,,1835,17,,,0,30,,1836,17,,,0
501,'5322',1233,,1840,17,,,0,100,,1841,17,,,0,100,,1842,17,,,0,100,,1843,17,,,0
501,'5323',703,,1844,15,,,0,30,,1854,15,,,0,70,,1845,17,,,0,30,,1866,17,,,0,70,,1847,17,,,0,30,,1855,17,,,0,70,,1848,17,,,0,30,,1856,17,,,0,70,,1849,17,,,0,30,,1857,17,,,0,70,,1846,17,,,0,30,,1858,17,,,0,70,,1851,17,,,0,30,,1859,17,,,0,70,,1850,17,,,0,30,,1860,17,,,0,70,,1852,17,,,0,30,,1867,17,,,0,70,,1853,17,,,0,30,,1865,17,,,0,70,,1861,17,,,0,30,,1862,17,,,0,70,,1863,17,,,0,30,,1864,17,,,0
501,'5325',903,,1873,15,,,0,30,,1884,15,,,0,70,,1875,17,,,0,30,,1885,17,,,0,70,,1876,17,,,0,30,,1881,17,,,0,70,,1872,17,,,0,30,,1882,17,,,0,70,,1877,17,,,0,30,,1883,17,,,0,70,,1868,17,,,0,30,,1886,17,,,0,70,,1869,17,,,0,30,,1887,17,,,0,70,,1870,17,,,0,30,,1878,17,,,0,70,,1871,17,,,0,30,,1879,17,,,0,70,,1874,17,,,0,30,,1880,17,,,0
501,'5326',703,,1888,15,,,0,30,,1898,15,,,0,70,,1889,17,,,0,30,,1910,17,,,0,70,,1891,17,,,0,30,,1899,17,,,0,70,,1892,17,,,0,30,,1900,17,,,0,70,,1893,17,,,0,30,,1901,17,,,0,70,,1890,17,,,0,30,,1902,17,,,0,70,,1895,17,,,0,30,,1903,17,,,0,70,,1894,17,,,0,30,,1904,17,,,0,70,,1896,17,,,0,30,,1911,17,,,0,70,,1897,17,,,0,30,,1909,17,,,0,70,,1905,17,,,0,30,,1906,17,,,0,70,,1907,17,,,0,30,,1908,17,,,0,70,,1914,17,,,0,100,,1915,17,,,0,100,,1916,17,,,0,100,,1917,17,,,0,100,,1912,17,,,0
501,'5328',903,,1923,15,,,0,30,,1934,15,,,0,70,,1925,17,,,0,30,,1935,17,,,0,70,,1926,17,,,0,30,,1931,17,,,0,70,,1922,17,,,0,30,,1932,17,,,0,70,,1927,17,,,0,30,,1933,17,,,0,70,,1918,17,,,0,30,,1936,17,,,0,70,,1919,17,,,0,30,,1937,17,,,0,70,,1920,17,,,0,30,,1928,17,,,0,70,,1921,17,,,0,30,,1929,17,,,0,70,,1924,17,,,0,30,,1930,17,,,0,70,,1940,17,,,0,100,,1941,17,,,0,100,,1942,17,,,0,100,,1943,17,,,0,100,,1939,17,,,0
