100,'4833',828,,1208,4,,,0
100,'5323',828,,1221,4,,,0
100,'5325',828,,1232,4,,,0
100,'5326',828,,1245,4,,,0
100,'5328',828,,1256,4,,,0
300,'4833',657,,1445,6,,,0,100,,1446,6,0,11 12,0,100,,1447,6,,,0,100,,1448,6,,,0,100,,1450,6,,,0,100,,1449,6,,,0,100,,1451,6,,,0,100,,1452,6,,,0,100,,1453,6,,,0,100,,1454,6,,,0,100,,1455,6,,,0,100,,1456,6,,,0
300,'5323',657,,1458,6,,,0,100,,1459,6,0,11 12,0,100,,1460,6,,,0,100,,1461,6,,,0,100,,1463,6,,,0,100,,1462,6,,,0,100,,1464,6,,,0,100,,1465,6,,,0,100,,1466,6,,,0,100,,1467,6,,,0,100,,1468,6,,,0,100,,1469,6,,,0
300,'5325',857,,1473,6,,,0,100,,1474,6,,,0,100,,1471,6,,,0,100,,1475,6,,,0,100,,1476,6,,,0,100,,1477,6,,,0,100,,1478,6,,,0,100,,1479,6,,,0,100,,1480,6,,,0,100,,1481,6,,,0
300,'5326',657,,1482,6,,,0,100,,1483,6,0,11 12,0,100,,1484,6,,,0,100,,1485,6,,,0,100,,1487,6,,,0,100,,1486,6,,,0,100,,1488,6,,,0,100,,1489,6,,,0,100,,1490,6,,,0,100,,1491,6,,,0,100,,1492,6,,,0,100,,1493,6,,,0
300,'5328',857,,1496,6,,,0,100,,1497,6,,,0,100,,1495,6,,,0,100,,1498,6,,,0,100,,1499,6,,,0,100,,1500,6,,,0,100,,1501,6,,,0,100,,1502,6,,,0,100,,1503,6,,,0,100,,1504,6,,,0
1500,'4833',1959,,1991,5,,,0,164,,1992,5,,,0,85,,1994,5,,,0
1500,'5323',1959,,1999,5,,,0,164,,2000,5,,,0,85,,2002,5,,,0
1500,'5325',1959,,2005,5,,,0,164,,2008,5,,,0,85,,2007,5,,,0
1500,'5326',1959,,2014,5,,,0,164,,2015,5,,,0,85,,2017,5,,,0
1500,'5328',1959,,2020,5,,,0,164,,2023,5,,,0,85,,2022,5,,,0
1600,'5322',957,,2049,6,,,0,100,,2048,6,,,0,100,,2047,6,,,0,100,,2050,6,,,0,100,,2051,6,,,0,100,,2052,6,,,0,100,,2053,6,,,0,100,,2054,6,,,0,100,,2056,6,,,0,100,,2055,6,0,14 15,0
4000,'5323',823,,2138,11,4,,0,516,,2137,11,4,,0
4000,'5326',823,,2140,11,4,,0,516,,2139,11,4,,0
7000,'5323',601,,2153,17,,,0
7000,'5326',601,,2157,17,,,0
