201,'5323',721,,1397,29,,,0,100,,1398,29,,,0,100,,1399,29,,,0,100,,1400,29,,,0,100,,1401,29,,,0,100,,1402,29,,,0,100,,1403,29,,,0,100,,1404,29,,,0,100,,1405,29,,,0,100,,1406,29,,,0,100,,1407,29,,,0,100,,1409,11,,,0
201,'5325',821,,1410,29,,,0,100,,1411,29,,,0,100,,1412,29,,,0,100,,1413,29,,,0,100,,1414,29,,,0,100,,1415,29,,,0,100,,1416,29,,,0,100,,1417,29,,,0,100,,1418,29,,,0,100,,1419,29,,,0,100,,1420,29,,,0
201,'5326',721,,1421,29,,,0,100,,1422,29,,,0,100,,1423,29,,,0,100,,1424,29,,,0,100,,1425,29,,,0,100,,1426,29,,,0,100,,1427,29,,,0,100,,1428,29,,,0,100,,1429,29,,,0,100,,1430,29,,,0,100,,1431,29,,,0,100,,1433,11,,,0
201,'5328',821,,1434,29,,,0,100,,1435,29,,,0,100,,1437,29,,,0,100,,1436,29,,,0,100,,1438,29,,,0,100,,1439,29,,,0,100,,1440,29,,,0,100,,1441,29,,,0,100,,1442,29,,,0,100,,1443,29,,,0,100,,1444,29,,,0
400,'5323',717,,1579,21,,,0,100,,1584,21,,,0,100,,1586,21,,,0,100,,1587,21,,,0,100,,1588,21,,,0,100,,1589,21,,,0,100,,1590,21,,,0,100,,1591,21,,,0,100,,1585,21,,,0,100,,1582,21,,,0,100,,1583,21,,,0,110,,1580,6,,,0
400,'5325',817,,1595,21,,,0,100,,1598,21,,,0,100,,1592,21,,,0,100,,1593,21,,,0,100,,1596,21,,,0,100,,1597,21,,,0,100,,1594,21,,,0,100,,1599,21,,,0,100,,1600,21,,,0,100,,1601,21,,,0,110,,1603,6,,,0
400,'5326',717,,1604,21,,,0,100,,1609,21,,,0,100,,1611,21,,,0,100,,1612,21,,,0,100,,1613,21,,,0,100,,1614,21,,,0,100,,1615,21,,,0,100,,1616,21,,,0,100,,1610,21,,,0,100,,1607,21,,,0,100,,1608,21,,,0,110,,1605,6,,,0
400,'5328',817,,1620,21,,,0,100,,1623,21,,,0,100,,1617,21,,,0,100,,1618,21,,,0,100,,1621,21,,,0,100,,1622,21,,,0,100,,1619,21,,,0,100,,1624,21,,,0,100,,1625,21,,,0,100,,1626,21,,,0,110,,1628,6,,,0
1501,'5323',1947,,2031,11,,,0,164,,2033,11,,,0
1501,'5325',1947,,2034,11,,,0,164,,2037,11,,,0
1501,'5326',1947,,2039,11,,,0,164,,2041,11,,,0
1501,'5328',1947,,2042,11,,,0,164,,2045,11,,,0
