400,'4833',719,,1566,25,,,0,100,,1571,25,,,0,100,,1573,25,,,0,100,,1574,25,,,0,100,,1575,25,,,0,100,,1576,25,,,0,100,,1577,25,,,0,100,,1578,25,,,0,100,,1572,25,,,0,100,,1569,25,,,0,100,,1570,25,,,0,110,,1567,10,,,0
400,'5323',719,,1579,25,,,0,100,,1584,25,,,0,100,,1586,25,,,0,100,,1587,25,,,0,100,,1588,25,,,0,100,,1589,25,,,0,100,,1590,25,,,0,100,,1591,25,,,0,100,,1585,25,,,0,100,,1582,25,,,0,100,,1583,25,,,0,110,,1580,10,,,0
400,'5325',819,,1595,25,,,0,100,,1598,25,,,0,100,,1592,25,,,0,100,,1593,25,,,0,100,,1596,25,,,0,100,,1597,25,,,0,100,,1594,25,,,0,100,,1599,25,,,0,100,,1600,25,,,0,100,,1601,25,,,0,110,,1603,10,,,0
400,'5326',719,,1604,25,,,0,100,,1609,25,,,0,100,,1611,25,,,0,100,,1612,25,,,0,100,,1613,25,,,0,100,,1614,25,,,0,100,,1615,25,,,0,100,,1616,25,,,0,100,,1610,25,,,0,100,,1607,25,,,0,100,,1608,25,,,0,110,,1605,10,,,0
400,'5328',819,,1620,25,,,0,100,,1623,25,,,0,100,,1617,25,,,0,100,,1618,25,,,0,100,,1621,25,,,0,100,,1622,25,,,0,100,,1619,25,,,0,100,,1624,25,,,0,100,,1625,25,,,0,100,,1626,25,,,0,110,,1628,10,,,0
1501,'4833',1929,,2026,20,0,7,0,124,,2028,20,0,7,0
1501,'5323',1929,,2030,20,0,7,0,124,,2032,20,0,7,0
1501,'5325',1929,,2035,20,0,7,0,124,,2036,20,0,7,0
1501,'5326',1929,,2038,20,0,7,0,124,,2040,20,0,7,0
1501,'5328',1929,,2043,20,0,7,0,124,,2044,20,0,7,0
1600,'5322',904,,2046,7,,,0,100,,2049,13,,,0,100,,2048,13,,,0,100,,2047,13,,,0,100,,2050,13,,,0,100,,2051,13,,,0,100,,2052,13,,,0,100,,2053,13,,,0,100,,2054,13,,,0,100,,2056,13,,,0
