300,'4332',812,,1159,21,0,11 12,0
300,'4480',812,,1170,27,0,11 12,0
401,'4332',830,,951,3,,,0,100,,953,3,,,0,100,,954,3,,,0,100,,952,3,,,0,100,,956,3,,,0,100,,955,3,,,0,100,,957,3,,,0,100,,958,3,,,0,100,,959,3,,,0,100,,960,3,,,0,110,,1205,3,0,7 6,0
401,'4480',730,,969,3,,,0,100,,970,3,,,0,100,,971,3,,,0,100,,972,3,,,0,100,,973,3,,,0,100,,974,3,,,0,100,,966,3,,,0,100,,967,3,,,0,100,,964,3,,,0,100,,963,3,,,0,100,,965,3,,,0,110,,962,3,0,7 6,0
500,'4480',810,,1017,28,0,11 12,0
501,'4480',1529,,1062,20,0,11 12,0
1500,'4332',1859,,1083,17,0,13,0,164,,1085,17,0,13,0,123,,1088,17,0,13,0,85,,1089,17,0,13,0
1500,'4480',1859,,1090,17,0,14 15,0,164,,1093,17,0,13,0,123,,1095,17,0,13,0,85,,1097,17,0,13,0
1501,'4332',1934,,1099,29,0,7,0,124,,1100,29,0,7,0
1501,'4480',1934,,1102,29,0,7,0,124,,1104,29,0,7,0
