401,'4833',648,,1635,9,,,0,100,,1636,22,,,0,100,,1637,22,,,0,100,,1638,22,,,0,100,,1639,22,,,0,100,,1640,22,,,0,100,,1641,22,,,0,100,,1633,22,,,0,100,,1634,22,,,0,100,,1632,22,,,0,100,,1631,22,,,0,100,,1630,22,,,0
401,'5323',648,,1648,9,,,0,100,,1649,22,,,0,100,,1650,22,,,0,100,,1651,22,,,0,100,,1652,22,,,0,100,,1653,22,,,0,100,,1654,22,,,0,100,,1646,22,,,0,100,,1647,22,,,0,100,,1645,22,,,0,100,,1644,22,,,0,100,,1643,22,,,0
401,'5325',848,,1655,22,,,0,100,,1657,22,,,0,100,,1658,22,,,0,100,,1656,22,,,0,100,,1660,22,,,0,100,,1659,22,,,0,100,,1661,22,,,0,100,,1662,22,,,0,100,,1663,22,,,0,100,,1664,22,,,0
401,'5326',648,,1672,9,,,0,100,,1673,22,,,0,100,,1674,22,,,0,100,,1675,22,,,0,100,,1676,22,,,0,100,,1677,22,,,0,100,,1678,22,,,0,100,,1670,22,,,0,100,,1671,22,,,0,100,,1669,22,,,0,100,,1668,22,,,0,100,,1667,22,,,0
401,'5328',848,,1679,22,,,0,100,,1681,22,,,0,100,,1683,22,,,0,100,,1680,22,,,0,100,,1684,22,,,0,100,,1682,22,,,0,100,,1685,22,,,0,100,,1686,22,,,0,100,,1687,22,,,0,100,,1688,22,,,0
3001,'5323',749,,2117,14,,,0,310,,2118,12,,,0,185,,2121,12,,,0,295,,2119,14,,,0,170,,2120,12,,,0
3001,'5325',849,,2122,14,,,0,210,,2123,12,,,0,185,,2124,12,,,0,295,,2125,14,,,0,170,,2126,12,,,0
3001,'5326',749,,2127,14,,,0,310,,2128,12,,,0,185,,2131,12,,,0,295,,2129,14,,,0,170,,2130,12,,,0
3001,'5328',849,,2132,14,,,0,210,,2133,12,,,0,185,,2134,12,,,0,295,,2135,14,,,0,170,,2136,12,,,0
4001,'5323',949,,2141,7,,,0,604,,2142,7,,,0
4001,'5326',949,,2143,7,,,0,604,,2144,7,,,0
