500,'4833',709,,1690,1,,,0,30,,1712,1,,,0,70,,1692,1,,,0,30,,1710,1,,,0,70,,1693,1,,,0,30,,1700,1,,,0,70,,1694,1,,,0,30,,1701,1,,,0,70,,1691,1,,,0,30,,1702,1,,,0,70,,1696,1,,,0,30,,1703,1,,,0,70,,1695,1,,,0,30,,1704,1,,,0,70,,1697,1,,,0,30,,1707,1,,,0,70,,1698,1,,,0,30,,1713,1,,,0,70,,1699,1,,,0,30,,1711,1,,,0,70,,1705,1,,,0,30,,1706,1,,,0,70,,1708,1,,,0,30,,1709,1,0,13,0
500,'5322',1239,,1714,1,,,0,100,,1715,1,,,0,100,,1716,1,,,0,100,,1717,1,,,0
500,'5323',709,,1718,1,,,0,30,,1740,1,,,0,70,,1720,1,,,0,30,,1738,1,,,0,70,,1721,1,,,0,30,,1728,1,,,0,70,,1722,1,,,0,30,,1729,1,,,0,70,,1719,1,,,0,30,,1730,1,,,0,70,,1724,1,,,0,30,,1731,1,,,0,70,,1723,1,,,0,30,,1732,1,,,0,70,,1725,1,,,0,30,,1735,1,,,0,70,,1726,1,,,0,30,,1741,1,,,0,70,,1727,1,,,0,30,,1739,1,,,0,70,,1733,1,,,0,30,,1734,1,,,0,70,,1736,1,,,0,30,,1737,1,0,13,0
500,'5325',909,,1742,1,,,0,30,,1758,1,,,0,70,,1747,1,,,0,30,,1755,1,,,0,70,,1748,1,,,0,30,,1756,1,,,0,70,,1750,1,,,0,30,,1754,1,,,0,70,,1751,1,,,0,30,,1757,1,,,0,70,,1749,1,,,0,30,,1759,1,,,0,70,,1746,1,,,0,30,,1753,1,,,0,70,,1745,1,,,0,30,,1752,1,,,0,70,,1743,1,,,0,30,,1760,1,,,0,70,,1744,1,,,0,30,,1761,1,0,13,0
500,'5326',709,,1762,1,,,0,30,,1784,1,,,0,70,,1764,1,,,0,30,,1782,1,,,0,70,,1765,1,,,0,30,,1772,1,,,0,70,,1766,1,,,0,30,,1773,1,,,0,70,,1763,1,,,0,30,,1774,1,,,0,70,,1768,1,,,0,30,,1775,1,,,0,70,,1767,1,,,0,30,,1776,1,,,0,70,,1769,1,,,0,30,,1779,1,,,0,70,,1770,1,,,0,30,,1785,1,,,0,70,,1771,1,,,0,30,,1783,1,,,0,70,,1777,1,,,0,30,,1778,1,,,0,70,,1780,1,,,0,30,,1781,1,0,13,0,70,,1786,1,,,0,100,,1787,1,,,0,100,,1788,1,,,0,100,,1789,1,,,0,100,,1790,1,,,0
500,'5328',909,,1791,1,,,0,30,,1807,1,,,0,70,,1796,1,,,0,30,,1804,1,,,0,70,,1797,1,,,0,30,,1805,1,,,0,70,,1799,1,,,0,30,,1803,1,,,0,70,,1800,1,,,0,30,,1806,1,,,0,70,,1798,1,,,0,30,,1808,1,,,0,70,,1795,1,,,0,30,,1802,1,,,0,70,,1794,1,,,0,30,,1801,1,,,0,70,,1792,1,,,0,30,,1809,1,,,0,70,,1793,1,,,0,30,,1810,1,0,13,0,70,,1811,1,,,0,100,,1812,1,,,0,100,,1813,1,,,0,100,,1814,1,,,0,100,,1815,1,,,0
501,'4833',709,,1816,23,4,,0,30,,1826,23,4,,0,70,,1817,25,4,,0,30,,1838,25,4,,0,70,,1819,25,4,,0,30,,1827,25,4,,0,70,,1820,25,4,,0,30,,1828,25,4,,0,70,,1821,25,4,,0,30,,1829,25,4,,0,70,,1818,25,4,,0,30,,1830,25,4,,0,70,,1823,25,4,,0,30,,1831,25,4,,0,70,,1822,25,4,,0,30,,1832,25,4,,0,70,,1824,25,4,,0,30,,1839,25,4,,0,70,,1825,25,4,,0,30,,1837,25,4,,0,70,,1833,25,4,,0,30,,1834,25,4,,0,70,,1835,25,4,,0,30,,1836,25,4,,0
501,'5322',1239,,1840,25,4,,0,100,,1841,25,4,,0,100,,1842,25,4,,0,100,,1843,25,4,,0
501,'5323',709,,1844,23,4,,0,30,,1854,23,4,,0,70,,1845,25,4,,0,30,,1866,25,4,,0,70,,1847,25,4,,0,30,,1855,25,4,,0,70,,1848,25,4,,0,30,,1856,25,4,,0,70,,1849,25,4,,0,30,,1857,25,4,,0,70,,1846,25,4,,0,30,,1858,25,4,,0,70,,1851,25,4,,0,30,,1859,25,4,,0,70,,1850,25,4,,0,30,,1860,25,4,,0,70,,1852,25,4,,0,30,,1867,25,4,,0,70,,1853,25,4,,0,30,,1865,25,4,,0,70,,1861,25,4,,0,30,,1862,25,4,,0,70,,1863,25,4,,0,30,,1864,25,4,,0
501,'5325',909,,1873,23,4,,0,30,,1884,23,4,,0,70,,1875,25,4,,0,30,,1885,25,4,,0,70,,1876,25,4,,0,30,,1881,25,4,,0,70,,1872,25,4,,0,30,,1882,25,4,,0,70,,1877,25,4,,0,30,,1883,25,4,,0,70,,1868,25,4,,0,30,,1886,25,4,,0,70,,1869,25,4,,0,30,,1887,25,4,,0,70,,1870,25,4,,0,30,,1878,25,4,,0,70,,1871,25,4,,0,30,,1879,25,4,,0,70,,1874,25,4,,0,30,,1880,25,4,,0
501,'5326',709,,1888,23,4,,0,30,,1898,23,4,,0,70,,1889,25,4,,0,30,,1910,25,4,,0,70,,1891,25,4,,0,30,,1899,25,4,,0,70,,1892,25,4,,0,30,,1900,25,4,,0,70,,1893,25,4,,0,30,,1901,25,4,,0,70,,1890,25,4,,0,30,,1902,25,4,,0,70,,1895,25,4,,0,30,,1903,25,4,,0,70,,1894,25,4,,0,30,,1904,25,4,,0,70,,1896,25,4,,0,30,,1911,25,4,,0,70,,1897,25,4,,0,30,,1909,25,4,,0,70,,1905,25,4,,0,30,,1906,25,4,,0,70,,1907,25,4,,0,30,,1908,25,4,,0,70,,1914,25,4,,0,100,,1915,25,4,,0,100,,1916,25,4,,0,100,,1917,25,4,,0,100,,1912,25,4,,0
501,'5328',909,,1923,23,4,,0,30,,1934,23,4,,0,70,,1925,25,4,,0,30,,1935,25,4,,0,70,,1926,25,4,,0,30,,1931,25,4,,0,70,,1922,25,4,,0,30,,1932,25,4,,0,70,,1927,25,4,,0,30,,1933,25,4,,0,70,,1918,25,4,,0,30,,1936,25,4,,0,70,,1919,25,4,,0,30,,1937,25,4,,0,70,,1920,25,4,,0,30,,1928,25,4,,0,70,,1921,25,4,,0,30,,1929,25,4,,0,70,,1924,25,4,,0,30,,1930,25,4,,0,70,,1940,25,4,,0,100,,1941,25,4,,0,100,,1942,25,4,,0,100,,1943,25,4,,0,100,,1939,25,4,,0
1500,'4833',1909,,1989,8,0,13,0,124,,1990,34,0,13,0,123,,1993,34,0,13,0,85,,1995,34,0,13,0
1500,'5323',1909,,1997,8,0,13,0,124,,1998,34,0,13,0,123,,2001,34,0,13,0,85,,2003,34,0,13,0
1500,'5325',1909,,2004,34,0,13,0,124,,2006,34,0,13,0,123,,2009,34,0,13,0,85,,2010,34,0,13,0
1500,'5326',1909,,2012,8,0,13,0,124,,2013,34,0,13,0,123,,2016,34,0,13,0,85,,2018,34,0,13,0
1500,'5328',1909,,2019,34,0,13,0,124,,2021,34,0,13,0,123,,2024,34,0,13,0,85,,2025,34,0,13,0
1601,'5322',946,,2057,29,,,0,100,,2059,29,,,0,100,,2058,29,,,0,100,,2060,29,,,0,100,,2062,29,,,0,100,,2061,29,,,0,100,,2064,29,,,0,100,,2063,29,,,0,100,,2066,29,,,0,100,,2065,29,,,0
7000,'5323',555,,2153,7,,,0
7000,'5326',555,,2157,7,,,0
