501,'4833',657,,1816,11,,,0,70,,1826,11,,,0,30,,1817,13,,,0,70,,1838,13,,,0,30,,1819,13,,,0,70,,1827,13,,,0,30,,1820,13,,,0,70,,1828,13,,,0,30,,1821,13,,,0,70,,1829,13,,,0,30,,1818,13,,,0,70,,1830,13,,,0,30,,1823,13,,,0,70,,1831,13,,,0,30,,1822,13,,,0,70,,1832,13,,,0,30,,1824,13,,,0,70,,1839,13,,,0,30,,1825,13,,,0,70,,1837,13,,,0,30,,1833,13,,,0,70,,1834,13,,,0,30,,1835,13,,,0,70,,1836,13,,,0
501,'5322',1227,,1840,13,,,0,100,,1841,13,,,0,100,,1842,13,,,0,100,,1843,13,,,0
501,'5323',657,,1844,11,,,0,70,,1854,11,,,0,30,,1845,13,,,0,70,,1866,13,,,0,30,,1847,13,,,0,70,,1855,13,,,0,30,,1848,13,,,0,70,,1856,13,,,0,30,,1849,13,,,0,70,,1857,13,,,0,30,,1846,13,,,0,70,,1858,13,,,0,30,,1851,13,,,0,70,,1859,13,,,0,30,,1850,13,,,0,70,,1860,13,,,0,30,,1852,13,,,0,70,,1867,13,,,0,30,,1853,13,,,0,70,,1865,13,,,0,30,,1861,13,,,0,70,,1862,13,,,0,30,,1863,13,,,0,70,,1864,13,,,0
501,'5325',857,,1873,11,,,0,70,,1884,11,,,0,30,,1875,13,,,0,70,,1885,13,,,0,30,,1876,13,,,0,70,,1881,13,,,0,30,,1872,13,,,0,70,,1882,13,,,0,30,,1877,13,,,0,70,,1883,13,,,0,30,,1868,13,,,0,70,,1886,13,,,0,30,,1869,13,,,0,70,,1887,13,,,0,30,,1870,13,,,0,70,,1878,13,,,0,30,,1871,13,,,0,70,,1879,13,,,0,30,,1874,13,,,0,70,,1880,13,,,0
501,'5326',657,,1888,11,,,0,70,,1898,11,,,0,30,,1889,13,,,0,70,,1910,13,,,0,30,,1891,13,,,0,70,,1899,13,,,0,30,,1892,13,,,0,70,,1900,13,,,0,30,,1893,13,,,0,70,,1901,13,,,0,30,,1890,13,,,0,70,,1902,13,,,0,30,,1895,13,,,0,70,,1903,13,,,0,30,,1894,13,,,0,70,,1904,13,,,0,30,,1896,13,,,0,70,,1911,13,,,0,30,,1897,13,,,0,70,,1909,13,,,0,30,,1905,13,,,0,70,,1906,13,,,0,30,,1907,13,,,0,70,,1908,13,,,0,30,,1914,13,,,0,100,,1915,13,,,0,100,,1916,13,,,0,100,,1917,13,,,0,100,,1912,13,,,0,100,,1913,13,0,21,0
501,'5328',857,,1923,11,,,0,70,,1934,11,,,0,30,,1925,13,,,0,70,,1935,13,,,0,30,,1926,13,,,0,70,,1931,13,,,0,30,,1922,13,,,0,70,,1932,13,,,0,30,,1927,13,,,0,70,,1933,13,,,0,30,,1918,13,,,0,70,,1936,13,,,0,30,,1919,13,,,0,70,,1937,13,,,0,30,,1920,13,,,0,70,,1928,13,,,0,30,,1921,13,,,0,70,,1929,13,,,0,30,,1924,13,,,0,70,,1930,13,,,0,30,,1940,13,,,0,100,,1941,13,,,0,100,,1942,13,,,0,100,,1943,13,,,0,100,,1939,13,,,0,100,,1938,13,0,21,0
1500,'4833',1904,,1988,26,0,14 15,0,124,,1990,26,0,13,0,123,,1993,26,0,13,0,85,,1995,26,0,13,0
1500,'5323',1904,,1996,26,0,14 15,0,124,,1998,26,0,13,0,123,,2001,26,0,13,0,85,,2003,26,0,13,0
1500,'5325',1904,,2004,26,0,13,0,124,,2006,26,0,13,0,123,,2009,26,0,13,0,85,,2010,26,0,13,0
1500,'5326',1904,,2011,26,0,14 15,0,124,,2013,26,0,13,0,123,,2016,26,0,13,0,85,,2018,26,0,13,0
1500,'5328',1904,,2019,26,0,13,0,124,,2021,26,0,13,0,123,,2024,26,0,13,0,85,,2025,26,0,13,0
1601,'5322',935,,2057,21,,,0,100,,2059,21,,,0,100,,2058,21,,,0,100,,2060,21,,,0,100,,2062,21,,,0,100,,2061,21,,,0,100,,2064,21,,,0,100,,2063,21,,,0,100,,2066,21,,,0,100,,2065,21,,,0
