100,'5323',632,,1219,17,,,0,100,,1220,17,,,0,100,,1221,10,,,0,100,,1222,17,,,0,100,,1223,17,,,0,100,,1224,17,,,0,100,,1225,17,,,0,100,,1226,17,,,0,100,,1227,17,,,0,100,,1228,17,,,0,100,,1229,17,,,0,100,,1230,17,,,0,97,,1231,17,0,5 6,0
100,'5325',832,,1232,10,,,0,100,,1234,17,,,0,100,,1239,17,,,0,100,,1242,17,,,0,100,,1235,17,,,0,100,,1233,17,,,0,100,,1237,17,,,0,100,,1238,17,,,0,100,,1236,17,,,0,100,,1241,17,,,0,97,,1240,17,0,5 6,0
100,'5326',632,,1243,17,,,0,100,,1244,17,,,0,100,,1245,10,,,0,100,,1246,17,,,0,100,,1247,17,,,0,100,,1248,17,,,0,100,,1249,17,,,0,100,,1250,17,,,0,100,,1251,17,,,0,100,,1252,17,,,0,100,,1253,17,,,0,100,,1254,17,,,0,97,,1255,17,0,5 6,0
100,'5328',832,,1256,10,,,0,100,,1259,17,,,0,100,,1263,17,,,0,100,,1266,17,,,0,100,,1258,17,,,0,100,,1257,17,,,0,100,,1261,17,,,0,100,,1262,17,,,0,100,,1260,17,,,0,100,,1265,17,,,0,97,,1264,17,0,5 6,0
300,'5323',702,,1458,12,,,0,100,,1459,12,0,11 12,0,100,,1460,12,,,0,100,,1461,12,,,0,100,,1463,12,,,0,100,,1462,12,,,0,100,,1464,12,,,0,100,,1465,12,,,0,100,,1466,12,,,0,100,,1467,12,,,0,100,,1468,12,,,0,100,,1469,12,,,0
300,'5325',802,,1472,6,0,11 12,0,100,,1473,12,,,0,100,,1474,12,,,0,100,,1471,12,,,0,100,,1475,12,,,0,100,,1476,12,,,0,100,,1477,12,,,0,100,,1478,12,,,0,100,,1479,12,,,0,100,,1480,12,,,0,100,,1481,12,,,0
300,'5326',702,,1482,12,,,0,100,,1483,12,0,11 12,0,100,,1484,12,,,0,100,,1485,12,,,0,100,,1487,12,,,0,100,,1486,12,,,0,100,,1488,12,,,0,100,,1489,12,,,0,100,,1490,12,,,0,100,,1491,12,,,0,100,,1492,12,,,0,100,,1493,12,,,0
300,'5328',902,,1496,12,,,0,100,,1497,12,,,0,100,,1495,12,,,0,100,,1498,12,,,0,100,,1499,12,,,0,100,,1500,12,,,0,100,,1501,12,,,0,100,,1502,12,,,0,100,,1503,12,,,0,100,,1504,12,,,0
3000,'5323',808,,2098,6,,,0,310,,2097,6,,,0,185,,2101,6,,,0,255,,2099,6,,,0,171,,2100,6,,,0
3000,'5325',908,,2102,6,,,0,210,,2103,6,,,0,185,,2105,6,,,0,255,,2104,6,,,0,171,,2106,6,,,0
3000,'5326',808,,2108,6,,,0,310,,2107,6,,,0,185,,2111,6,,,0,255,,2109,6,,,0,171,,2110,6,,,0
3000,'5328',908,,2112,6,,,0,210,,2113,6,,,0,185,,2115,6,,,0,255,,2114,6,,,0,171,,2116,6,,,0
4000,'5323',827,,2138,16,4,,0,516,,2137,16,4,,0
4000,'5326',827,,2140,16,4,,0,516,,2139,16,4,,0
