200,'4833',640,,1328,14,,,0,100,,1329,14,,,0,100,,1330,14,,,0,100,,1331,14,,,0,100,,1332,14,,,0,100,,1333,14,,,0,100,,1334,14,,,0,100,,1335,14,,,0,100,,1336,14,,,0,100,,1337,14,,,0,100,,1338,14,,,0,100,,1339,14,,,0
200,'5323',640,,1340,14,,,0,100,,1341,14,,,0,100,,1342,14,,,0,100,,1343,14,,,0,100,,1344,14,,,0,100,,1345,14,,,0,100,,1346,14,,,0,100,,1347,14,,,0,100,,1348,14,,,0,100,,1349,14,,,0,100,,1350,14,,,0,100,,1351,14,,,0
200,'5325',840,,1352,14,,,0,100,,1353,14,,,0,100,,1354,14,,,0,100,,1355,14,,,0,100,,1356,14,,,0,100,,1357,14,,,0,100,,1358,14,,,0,100,,1359,14,,,0,100,,1360,14,,,0,100,,1361,14,,,0
200,'5326',640,,1362,14,,,0,100,,1363,14,,,0,100,,1364,14,,,0,100,,1365,14,,,0,100,,1366,14,,,0,100,,1367,14,,,0,100,,1368,14,,,0,100,,1369,14,,,0,100,,1370,14,,,0,100,,1371,14,,,0,100,,1372,14,,,0,100,,1373,14,,,0
200,'5328',840,,1374,14,,,0,100,,1375,14,,,0,100,,1376,14,,,0,100,,1377,14,,,0,100,,1378,14,,,0,100,,1379,14,,,0,100,,1380,14,,,0,100,,1381,14,,,0,100,,1382,14,,,0,100,,1383,14,,,0
400,'4833',707,,1566,10,,,0,100,,1571,10,,,0,100,,1573,10,,,0,100,,1574,10,,,0,100,,1575,10,,,0,100,,1576,10,,,0,100,,1577,10,,,0,100,,1578,10,,,0,100,,1572,10,,,0,100,,1569,10,,,0,100,,1570,10,,,0,100,,1568,10,0,7 6,0
400,'5323',707,,1579,10,,,0,100,,1584,10,,,0,100,,1586,10,,,0,100,,1587,10,,,0,100,,1588,10,,,0,100,,1589,10,,,0,100,,1590,10,,,0,100,,1591,10,,,0,100,,1585,10,,,0,100,,1582,10,,,0,100,,1583,10,,,0,100,,1581,10,0,7 6,0
400,'5325',807,,1595,10,,,0,100,,1598,10,,,0,100,,1592,10,,,0,100,,1593,10,,,0,100,,1596,10,,,0,100,,1597,10,,,0,100,,1594,10,,,0,100,,1599,10,,,0,100,,1600,10,,,0,100,,1601,10,,,0,100,,1602,10,0,7 6,0
400,'5326',707,,1604,10,,,0,100,,1609,10,,,0,100,,1611,10,,,0,100,,1612,10,,,0,100,,1613,10,,,0,100,,1614,10,,,0,100,,1615,10,,,0,100,,1616,10,,,0,100,,1610,10,,,0,100,,1607,10,,,0,100,,1608,10,,,0,100,,1606,10,0,7 6,0
400,'5328',807,,1620,10,,,0,100,,1623,10,,,0,100,,1617,10,,,0,100,,1618,10,,,0,100,,1621,10,,,0,100,,1622,10,,,0,100,,1619,10,,,0,100,,1624,10,,,0,100,,1625,10,,,0,100,,1626,10,,,0,100,,1627,10,0,7 6,0
1500,'4833',2011,,1991,19,,,0,124,,1992,19,,,0,85,,1994,19,,,0
1500,'5323',2011,,1999,19,,,0,124,,2000,19,,,0,85,,2002,19,,,0
1500,'5325',2011,,2005,19,,,0,124,,2008,19,,,0,85,,2007,19,,,0
1500,'5326',2011,,2014,19,,,0,124,,2015,19,,,0,85,,2017,19,,,0
1500,'5328',2011,,2020,19,,,0,124,,2023,19,,,0,85,,2022,19,,,0
3000,'5323',815,,2098,16,,,0,310,,2097,16,,,0,185,,2101,16,,,0,295,,2099,16,,,0,131,,2100,16,,,0
3000,'5325',915,,2102,16,,,0,210,,2103,16,,,0,185,,2105,16,,,0,295,,2104,16,,,0,131,,2106,16,,,0
3000,'5326',815,,2108,16,,,0,310,,2107,16,,,0,185,,2111,16,,,0,295,,2109,16,,,0,131,,2110,16,,,0
3000,'5328',915,,2112,16,,,0,210,,2113,16,,,0,185,,2115,16,,,0,295,,2114,16,,,0,131,,2116,16,,,0
4000,'5323',838,,2138,26,4,,0,516,,2137,26,4,,0
4000,'5326',838,,2140,26,4,,0,516,,2139,26,4,,0
