201,'4833',724,,1384,32,,,0,100,,1385,32,,,0,100,,1386,32,,,0,100,,1387,32,,,0,100,,1388,32,,,0,100,,1389,32,,,0,100,,1390,32,,,0,100,,1391,32,,,0,100,,1392,32,,,0,100,,1393,32,,,0,100,,1394,32,,,0,100,,1396,14,,,0
201,'5323',724,,1397,32,,,0,100,,1398,32,,,0,100,,1399,32,,,0,100,,1400,32,,,0,100,,1401,32,,,0,100,,1402,32,,,0,100,,1403,32,,,0,100,,1404,32,,,0,100,,1405,32,,,0,100,,1406,32,,,0,100,,1407,32,,,0,100,,1409,14,,,0
201,'5325',824,,1410,32,,,0,100,,1411,32,,,0,100,,1412,32,,,0,100,,1413,32,,,0,100,,1414,32,,,0,100,,1415,32,,,0,100,,1416,32,,,0,100,,1417,32,,,0,100,,1418,32,,,0,100,,1419,32,,,0,100,,1420,32,,,0
201,'5326',724,,1421,32,,,0,100,,1422,32,,,0,100,,1423,32,,,0,100,,1424,32,,,0,100,,1425,32,,,0,100,,1426,32,,,0,100,,1427,32,,,0,100,,1428,32,,,0,100,,1429,32,,,0,100,,1430,32,,,0,100,,1431,32,,,0,100,,1433,14,,,0
201,'5328',824,,1434,32,,,0,100,,1435,32,,,0,100,,1437,32,,,0,100,,1436,32,,,0,100,,1438,32,,,0,100,,1439,32,,,0,100,,1440,32,,,0,100,,1441,32,,,0,100,,1442,32,,,0,100,,1443,32,,,0,100,,1444,32,,,0
401,'4833',650,,1635,12,,,0,100,,1636,25,,,0,100,,1637,25,,,0,100,,1638,25,,,0,100,,1639,25,,,0,100,,1640,25,,,0,100,,1641,25,,,0,100,,1633,25,,,0,100,,1634,25,,,0,100,,1632,25,,,0,100,,1631,25,,,0,100,,1630,25,,,0
401,'5323',650,,1648,12,,,0,100,,1649,25,,,0,100,,1650,25,,,0,100,,1651,25,,,0,100,,1652,25,,,0,100,,1653,25,,,0,100,,1654,25,,,0,100,,1646,25,,,0,100,,1647,25,,,0,100,,1645,25,,,0,100,,1644,25,,,0,100,,1643,25,,,0
401,'5325',850,,1655,25,,,0,100,,1657,25,,,0,100,,1658,25,,,0,100,,1656,25,,,0,100,,1660,25,,,0,100,,1659,25,,,0,100,,1661,25,,,0,100,,1662,25,,,0,100,,1663,25,,,0,100,,1664,25,,,0
401,'5326',650,,1672,12,,,0,100,,1673,25,,,0,100,,1674,25,,,0,100,,1675,25,,,0,100,,1676,25,,,0,100,,1677,25,,,0,100,,1678,25,,,0,100,,1670,25,,,0,100,,1671,25,,,0,100,,1669,25,,,0,100,,1668,25,,,0,100,,1667,25,,,0
401,'5328',850,,1679,25,,,0,100,,1681,25,,,0,100,,1683,25,,,0,100,,1680,25,,,0,100,,1684,25,,,0,100,,1682,25,,,0,100,,1685,25,,,0,100,,1686,25,,,0,100,,1687,25,,,0,100,,1688,25,,,0
1100,'5323',1000,,1976,14,,,0,308,,1977,14,,,0
1100,'5326',1000,,1979,14,,,0,308,,1980,14,,,0
1501,'4833',1949,,2027,14,,,0,164,,2029,14,,,0
1501,'5323',1949,,2031,14,,,0,164,,2033,14,,,0
1501,'5325',1949,,2034,14,,,0,164,,2037,14,,,0
1501,'5326',1949,,2039,14,,,0,164,,2041,14,,,0
1501,'5328',1949,,2042,14,,,0,164,,2045,14,,,0
7001,'5323',854,,2161,26,0,14 15,0,296,,2162,24,0,14 15,0,365,,2163,26,0,14 15,0,302,,2164,24,,,0
7001,'5326',854,,2165,26,0,14 15,0,296,,2166,24,0,14 15,0,365,,2167,26,0,14 15,0,302,,2168,24,,,0
