100,'4833',645,,1206,31,,,0,100,,1207,31,,,0,100,,1208,24,,,0,100,,1209,31,,,0,100,,1210,31,,,0,100,,1211,31,,,0,100,,1212,31,,,0,100,,1213,31,,,0,100,,1214,31,,,0,100,,1215,31,,,0,100,,1216,31,,,0,100,,1217,31,,,0
100,'5323',645,,1219,31,,,0,100,,1220,31,,,0,100,,1221,24,,,0,100,,1222,31,,,0,100,,1223,31,,,0,100,,1224,31,,,0,100,,1225,31,,,0,100,,1226,31,,,0,100,,1227,31,,,0,100,,1228,31,,,0,100,,1229,31,,,0,100,,1230,31,,,0
100,'5325',845,,1232,24,,,0,100,,1234,31,,,0,100,,1239,31,,,0,100,,1242,31,,,0,100,,1235,31,,,0,100,,1233,31,,,0,100,,1237,31,,,0,100,,1238,31,,,0,100,,1236,31,,,0,100,,1241,31,,,0
100,'5326',645,,1243,31,,,0,100,,1244,31,,,0,100,,1245,24,,,0,100,,1246,31,,,0,100,,1247,31,,,0,100,,1248,31,,,0,100,,1249,31,,,0,100,,1250,31,,,0,100,,1251,31,,,0,100,,1252,31,,,0,100,,1253,31,,,0,100,,1254,31,,,0
100,'5328',845,,1256,24,,,0,100,,1259,31,,,0,100,,1263,31,,,0,100,,1266,31,,,0,100,,1258,31,,,0,100,,1257,31,,,0,100,,1261,31,,,0,100,,1262,31,,,0,100,,1260,31,,,0,100,,1265,31,,,0
201,'4833',714,,1384,22,,,0,100,,1385,22,,,0,100,,1386,22,,,0,100,,1387,22,,,0,100,,1388,22,,,0,100,,1389,22,,,0,100,,1390,22,,,0,100,,1391,22,,,0,100,,1392,22,,,0,100,,1393,22,,,0,100,,1394,22,,,0,100,,1396,4,,,0
201,'5323',714,,1397,22,,,0,100,,1398,22,,,0,100,,1399,22,,,0,100,,1400,22,,,0,100,,1401,22,,,0,100,,1402,22,,,0,100,,1403,22,,,0,100,,1404,22,,,0,100,,1405,22,,,0,100,,1406,22,,,0,100,,1407,22,,,0,100,,1409,4,,,0
201,'5325',814,,1410,22,,,0,100,,1411,22,,,0,100,,1412,22,,,0,100,,1413,22,,,0,100,,1414,22,,,0,100,,1415,22,,,0,100,,1416,22,,,0,100,,1417,22,,,0,100,,1418,22,,,0,100,,1419,22,,,0,100,,1420,22,,,0
201,'5326',714,,1421,22,,,0,100,,1422,22,,,0,100,,1423,22,,,0,100,,1424,22,,,0,100,,1425,22,,,0,100,,1426,22,,,0,100,,1427,22,,,0,100,,1428,22,,,0,100,,1429,22,,,0,100,,1430,22,,,0,100,,1431,22,,,0,100,,1433,4,,,0
201,'5328',814,,1434,22,,,0,100,,1435,22,,,0,100,,1437,22,,,0,100,,1436,22,,,0,100,,1438,22,,,0,100,,1439,22,,,0,100,,1440,22,,,0,100,,1441,22,,,0,100,,1442,22,,,0,100,,1443,22,,,0,100,,1444,22,,,0
1101,'5323',1241,,1984,10,,,0,572,,1982,10,,,0
1101,'5326',1241,,1987,10,,,0,572,,1985,10,,,0
1501,'4833',1941,,2027,4,,,0,164,,2029,4,,,0
1501,'5323',1941,,2031,4,,,0,164,,2033,4,,,0
1501,'5325',1941,,2034,4,,,0,164,,2037,4,,,0
1501,'5326',1941,,2039,4,,,0,164,,2041,4,,,0
1501,'5328',1941,,2042,4,,,0,164,,2045,4,,,0
1600,'5322',912,,2046,22,,,0,100,,2049,28,,,0,100,,2048,28,,,0,100,,2047,28,,,0,100,,2050,28,,,0,100,,2051,28,,,0,100,,2052,28,,,0,100,,2053,28,,,0,100,,2054,28,,,0,100,,2056,28,,,0
4001,'5323',945,,2141,4,,,0,604,,2142,4,,,0
4001,'5326',945,,2143,4,,,0,604,,2144,4,,,0
7000,'5323',614,,2153,35,,,0,305,,2154,18,,,0,324,,2155,18,,,0,300,,2156,18,,,0
7000,'5326',614,,2157,35,,,0,305,,2158,18,,,0,324,,2159,18,,,0,300,,2160,18,,,0
