401,'5323',731,,1649,5,,,0,100,,1650,5,,,0,100,,1651,5,,,0,100,,1652,5,,,0,100,,1653,5,,,0,100,,1654,5,,,0,100,,1646,5,,,0,100,,1647,5,,,0,100,,1645,5,,,0,100,,1644,5,,,0,100,,1643,5,,,0,110,,1642,5,0,7 6,0
401,'5325',831,,1655,5,,,0,100,,1657,5,,,0,100,,1658,5,,,0,100,,1656,5,,,0,100,,1660,5,,,0,100,,1659,5,,,0,100,,1661,5,,,0,100,,1662,5,,,0,100,,1663,5,,,0,100,,1664,5,,,0,110,,1665,5,0,7 6,0
401,'5326',731,,1673,5,,,0,100,,1674,5,,,0,100,,1675,5,,,0,100,,1676,5,,,0,100,,1677,5,,,0,100,,1678,5,,,0,100,,1670,5,,,0,100,,1671,5,,,0,100,,1669,5,,,0,100,,1668,5,,,0,100,,1667,5,,,0,110,,1666,5,0,7 6,0
401,'5328',831,,1679,5,,,0,100,,1681,5,,,0,100,,1683,5,,,0,100,,1680,5,,,0,100,,1684,5,,,0,100,,1682,5,,,0,100,,1685,5,,,0,100,,1686,5,,,0,100,,1687,5,,,0,100,,1688,5,,,0,110,,1689,5,0,7 6,0
1500,'5323',1900,,1996,19,0,14 15,0,124,,1998,19,0,13,0,123,,2001,19,0,13,0,85,,2003,19,0,13,0
1500,'5325',1900,,2004,19,0,13,0,124,,2006,19,0,13,0,123,,2009,19,0,13,0,85,,2010,19,0,13,0
1500,'5326',1900,,2011,19,0,14 15,0,124,,2013,19,0,13,0,123,,2016,19,0,13,0,85,,2018,19,0,13,0
1500,'5328',1900,,2019,19,0,13,0,124,,2021,19,0,13,0,123,,2024,19,0,13,0,85,,2025,19,0,13,0
3000,'5323',810,,2098,9,,,0,310,,2097,9,,,0,185,,2101,9,,,0,295,,2099,9,,,0,131,,2100,9,,,0
3000,'5325',910,,2102,9,,,0,210,,2103,9,,,0,185,,2105,9,,,0,295,,2104,9,,,0,131,,2106,9,,,0
3000,'5326',810,,2108,9,,,0,310,,2107,9,,,0,185,,2111,9,,,0,295,,2109,9,,,0,131,,2110,9,,,0
3000,'5328',910,,2112,9,,,0,210,,2113,9,,,0,185,,2115,9,,,0,295,,2114,9,,,0,131,,2116,9,,,0
4000,'5323',829,,2138,19,4,,0,516,,2137,19,4,,0
4000,'5326',829,,2140,19,4,,0,516,,2139,19,4,,0
7001,'5323',850,,2161,23,0,14 15,0,296,,2162,21,0,14 15,0,365,,2163,23,0,14 15,0,304,,2164,21,,,0
7001,'5326',850,,2165,23,0,14 15,0,296,,2166,21,0,14 15,0,365,,2167,23,0,14 15,0,304,,2168,21,,,0
