101,'5323',703,,1281,15,,,0,100,,1282,15,,,0,100,,1283,15,,,0,100,,1284,15,,,0,100,,1286,15,,,0,100,,1285,15,,,0,100,,1288,15,,,0,100,,1287,15,,,0,100,,1289,15,,,0,100,,1290,15,,,0,100,,1291,15,,,0,100,,1292,15,,,0
101,'5325',903,,1297,15,,,0,100,,1299,15,,,0,100,,1293,15,,,0,100,,1295,15,,,0,100,,1298,15,,,0,100,,1296,15,,,0,100,,1300,15,,,0,100,,1294,15,,,0,100,,1301,15,,,0,100,,1302,15,,,0
101,'5326',703,,1305,15,,,0,100,,1306,15,,,0,100,,1307,15,,,0,100,,1308,15,,,0,100,,1310,15,,,0,100,,1309,15,,,0,100,,1312,15,,,0,100,,1311,15,,,0,100,,1313,15,,,0,100,,1314,15,,,0,100,,1315,15,,,0,100,,1316,15,,,0
101,'5328',903,,1321,15,,,0,100,,1323,15,,,0,100,,1317,15,,,0,100,,1319,15,,,0,100,,1322,15,,,0,100,,1320,15,,,0,100,,1324,15,,,0,100,,1318,15,,,0,100,,1325,15,,,0,100,,1326,15,,,0
301,'5323',633,,1518,7,,,0,100,,1519,17,,,0,100,,1520,10,,,0,100,,1521,17,,,0,100,,1522,17,,,0,100,,1523,17,,,0,100,,1524,17,,,0,100,,1525,17,,,0,100,,1526,17,,,0,100,,1527,17,,,0,100,,1528,17,,,0,100,,1529,17,,,0
301,'5325',833,,1533,10,,,0,100,,1531,17,,,0,100,,1534,17,,,0,100,,1532,17,,,0,100,,1535,17,,,0,100,,1536,17,,,0,100,,1537,17,,,0,100,,1538,17,,,0,100,,1539,17,,,0,100,,1541,17,,,0
301,'5326',633,,1542,7,,,0,100,,1543,17,,,0,100,,1544,10,,,0,100,,1545,17,,,0,100,,1546,17,,,0,100,,1547,17,,,0,100,,1548,17,,,0,100,,1549,17,,,0,100,,1550,17,,,0,100,,1551,17,,,0,100,,1552,17,,,0,100,,1553,17,,,0
301,'5328',833,,1557,10,,,0,100,,1555,17,,,0,100,,1558,17,,,0,100,,1556,17,,,0,100,,1559,17,,,0,100,,1560,17,,,0,100,,1561,17,,,0,100,,1562,17,,,0,100,,1563,17,,,0,100,,1565,17,,,0
1500,'5323',1852,,1996,7,0,14 15,0,164,,1998,7,0,13,0,124,,2001,7,0,13,0,85,,2003,7,0,13,0
1500,'5325',1852,,2004,7,0,13,0,164,,2006,7,0,13,0,124,,2009,7,0,13,0,85,,2010,7,0,13,0
1500,'5326',1852,,2011,7,0,14 15,0,164,,2013,7,0,13,0,124,,2016,7,0,13,0,85,,2018,7,0,13,0
1500,'5328',1852,,2019,7,0,13,0,164,,2021,7,0,13,0,124,,2024,7,0,13,0,85,,2025,7,0,13,0
7001,'5323',847,,2161,20,0,14 15,0,296,,2162,18,0,14 15,0,365,,2163,20,0,14 15,0,305,,2164,18,,,0
7001,'5326',847,,2165,20,0,14 15,0,296,,2166,18,0,14 15,0,365,,2167,20,0,14 15,0,305,,2168,18,,,0
