101,'5323',703,,1281,16,,,0,100,,1282,16,,,0,100,,1283,16,,,0,100,,1284,16,,,0,100,,1286,16,,,0,100,,1285,16,,,0,100,,1288,16,,,0,100,,1287,16,,,0,100,,1289,16,,,0,100,,1290,16,,,0,100,,1291,16,,,0,100,,1292,16,,,0
101,'5325',903,,1297,16,,,0,100,,1299,16,,,0,100,,1293,16,,,0,100,,1295,16,,,0,100,,1298,16,,,0,100,,1296,16,,,0,100,,1300,16,,,0,100,,1294,16,,,0,100,,1301,16,,,0,100,,1302,16,,,0
101,'5326',703,,1305,16,,,0,100,,1306,16,,,0,100,,1307,16,,,0,100,,1308,16,,,0,100,,1310,16,,,0,100,,1309,16,,,0,100,,1312,16,,,0,100,,1311,16,,,0,100,,1313,16,,,0,100,,1314,16,,,0,100,,1315,16,,,0,100,,1316,16,,,0
101,'5328',903,,1321,16,,,0,100,,1323,16,,,0,100,,1317,16,,,0,100,,1319,16,,,0,100,,1322,16,,,0,100,,1320,16,,,0,100,,1324,16,,,0,100,,1318,16,,,0,100,,1325,16,,,0,100,,1326,16,,,0
301,'5323',633,,1518,8,,,0,100,,1519,18,,,0,100,,1520,11,,,0,100,,1521,18,,,0,100,,1522,18,,,0,100,,1523,18,,,0,100,,1524,18,,,0,100,,1525,18,,,0,100,,1526,18,,,0,100,,1527,18,,,0,100,,1528,18,,,0,100,,1529,18,,,0
301,'5325',833,,1533,11,,,0,100,,1531,18,,,0,100,,1534,18,,,0,100,,1532,18,,,0,100,,1535,18,,,0,100,,1536,18,,,0,100,,1537,18,,,0,100,,1538,18,,,0,100,,1539,18,,,0,100,,1541,18,,,0
301,'5326',633,,1542,8,,,0,100,,1543,18,,,0,100,,1544,11,,,0,100,,1545,18,,,0,100,,1546,18,,,0,100,,1547,18,,,0,100,,1548,18,,,0,100,,1549,18,,,0,100,,1550,18,,,0,100,,1551,18,,,0,100,,1552,18,,,0,100,,1553,18,,,0
301,'5328',833,,1557,11,,,0,100,,1555,18,,,0,100,,1558,18,,,0,100,,1556,18,,,0,100,,1559,18,,,0,100,,1560,18,,,0,100,,1561,18,,,0,100,,1562,18,,,0,100,,1563,18,,,0,100,,1565,18,,,0
1500,'5323',1852,,1996,8,0,14 15,0,164,,1998,8,0,13,0,124,,2001,8,0,13,0,85,,2003,8,0,13,0
1500,'5325',1852,,2004,8,0,13,0,164,,2006,8,0,13,0,124,,2009,8,0,13,0,85,,2010,8,0,13,0
1500,'5326',1852,,2011,8,0,14 15,0,164,,2013,8,0,13,0,124,,2016,8,0,13,0,85,,2018,8,0,13,0
1500,'5328',1852,,2019,8,0,13,0,164,,2021,8,0,13,0,124,,2024,8,0,13,0,85,,2025,8,0,13,0
7001,'5323',848,,2161,21,0,14 15,0,296,,2162,19,0,14 15,0,365,,2163,21,0,14 15,0,305,,2164,19,,,0
7001,'5326',848,,2165,21,0,14 15,0,296,,2166,19,0,14 15,0,365,,2167,21,0,14 15,0,305,,2168,19,,,0
