100,'5323',644,,1219,29,,,0,100,,1220,29,,,0,100,,1221,22,,,0,100,,1222,29,,,0,100,,1223,29,,,0,100,,1224,29,,,0,100,,1225,29,,,0,100,,1226,29,,,0,100,,1227,29,,,0,100,,1228,29,,,0,100,,1229,29,,,0,100,,1230,29,,,0
100,'5325',844,,1232,22,,,0,100,,1234,29,,,0,100,,1239,29,,,0,100,,1242,29,,,0,100,,1235,29,,,0,100,,1233,29,,,0,100,,1237,29,,,0,100,,1238,29,,,0,100,,1236,29,,,0,100,,1241,29,,,0
100,'5326',644,,1243,29,,,0,100,,1244,29,,,0,100,,1245,22,,,0,100,,1246,29,,,0,100,,1247,29,,,0,100,,1248,29,,,0,100,,1249,29,,,0,100,,1250,29,,,0,100,,1251,29,,,0,100,,1252,29,,,0,100,,1253,29,,,0,100,,1254,29,,,0
100,'5328',844,,1256,22,,,0,100,,1259,29,,,0,100,,1263,29,,,0,100,,1266,29,,,0,100,,1258,29,,,0,100,,1257,29,,,0,100,,1261,29,,,0,100,,1262,29,,,0,100,,1260,29,,,0,100,,1265,29,,,0
201,'5323',713,,1397,20,,,0,100,,1398,20,,,0,100,,1399,20,,,0,100,,1400,20,,,0,100,,1401,20,,,0,100,,1402,20,,,0,100,,1403,20,,,0,100,,1404,20,,,0,100,,1405,20,,,0,100,,1406,20,,,0,100,,1407,20,,,0,100,,1409,2,,,0
201,'5325',813,,1410,20,,,0,100,,1411,20,,,0,100,,1412,20,,,0,100,,1413,20,,,0,100,,1414,20,,,0,100,,1415,20,,,0,100,,1416,20,,,0,100,,1417,20,,,0,100,,1418,20,,,0,100,,1419,20,,,0,100,,1420,20,,,0
201,'5326',713,,1421,20,,,0,100,,1422,20,,,0,100,,1423,20,,,0,100,,1424,20,,,0,100,,1425,20,,,0,100,,1426,20,,,0,100,,1427,20,,,0,100,,1428,20,,,0,100,,1429,20,,,0,100,,1430,20,,,0,100,,1431,20,,,0,100,,1433,2,,,0
201,'5328',813,,1434,20,,,0,100,,1435,20,,,0,100,,1437,20,,,0,100,,1436,20,,,0,100,,1438,20,,,0,100,,1439,20,,,0,100,,1440,20,,,0,100,,1441,20,,,0,100,,1442,20,,,0,100,,1443,20,,,0,100,,1444,20,,,0
1101,'5323',1240,,1984,8,,,0,572,,1982,8,,,0
1101,'5326',1240,,1987,8,,,0,572,,1985,8,,,0
1501,'5323',1940,,2031,2,,,0,164,,2033,2,,,0
1501,'5325',1940,,2034,2,,,0,164,,2037,2,,,0
1501,'5326',1940,,2039,2,,,0,164,,2041,2,,,0
1501,'5328',1940,,2042,2,,,0,164,,2045,2,,,0
1600,'5210',911,,2046,20,,,0,100,,2049,26,,,0,100,,2048,26,,,0,100,,2047,26,,,0,100,,2050,26,,,0,100,,2051,26,,,0,100,,2052,26,,,0,100,,2053,26,,,0,100,,2054,26,,,0,100,,2056,26,,,0
4001,'5323',943,,2141,2,,,0,604,,2142,2,,,0
4001,'5326',943,,2143,2,,,0,604,,2144,2,,,0
7000,'5323',612,,2153,33,,,0,305,,2154,16,,,0,324,,2155,16,,,0,300,,2156,16,,,0
7000,'5326',612,,2157,33,,,0,305,,2158,16,,,0,324,,2159,16,,,0,300,,2160,16,,,0
