101,'4833',654,,1268,7,,,0,100,,1269,7,,,0,100,,1270,7,,,0,100,,1271,7,,,0,100,,1273,7,,,0,100,,1272,7,,,0,100,,1275,7,,,0,100,,1274,7,,,0,100,,1276,7,,,0,100,,1277,7,,,0,100,,1278,7,,,0,100,,1279,7,,,0
101,'5323',654,,1281,7,,,0,100,,1282,7,,,0,100,,1283,7,,,0,100,,1284,7,,,0,100,,1286,7,,,0,100,,1285,7,,,0,100,,1288,7,,,0,100,,1287,7,,,0,100,,1289,7,,,0,100,,1290,7,,,0,100,,1291,7,,,0,100,,1292,7,,,0
101,'5325',854,,1297,7,,,0,100,,1299,7,,,0,100,,1293,7,,,0,100,,1295,7,,,0,100,,1298,7,,,0,100,,1296,7,,,0,100,,1300,7,,,0,100,,1294,7,,,0,100,,1301,7,,,0,100,,1302,7,,,0
101,'5326',654,,1305,7,,,0,100,,1306,7,,,0,100,,1307,7,,,0,100,,1308,7,,,0,100,,1310,7,,,0,100,,1309,7,,,0,100,,1312,7,,,0,100,,1311,7,,,0,100,,1313,7,,,0,100,,1314,7,,,0,100,,1315,7,,,0,100,,1316,7,,,0
101,'5328',854,,1321,7,,,0,100,,1323,7,,,0,100,,1317,7,,,0,100,,1319,7,,,0,100,,1322,7,,,0,100,,1320,7,,,0,100,,1324,7,,,0,100,,1318,7,,,0,100,,1325,7,,,0,100,,1326,7,,,0
400,'4833',713,,1566,15,,,0,100,,1571,15,,,0,100,,1573,15,,,0,100,,1574,15,,,0,100,,1575,15,,,0,100,,1576,15,,,0,100,,1577,15,,,0,100,,1578,15,,,0,100,,1572,15,,,0,100,,1569,15,,,0,100,,1570,15,,,0,100,,1568,15,0,7 6,0
400,'5323',713,,1579,15,,,0,100,,1584,15,,,0,100,,1586,15,,,0,100,,1587,15,,,0,100,,1588,15,,,0,100,,1589,15,,,0,100,,1590,15,,,0,100,,1591,15,,,0,100,,1585,15,,,0,100,,1582,15,,,0,100,,1583,15,,,0,100,,1581,15,0,7 6,0
400,'5325',813,,1595,15,,,0,100,,1598,15,,,0,100,,1592,15,,,0,100,,1593,15,,,0,100,,1596,15,,,0,100,,1597,15,,,0,100,,1594,15,,,0,100,,1599,15,,,0,100,,1600,15,,,0,100,,1601,15,,,0,100,,1602,15,0,7 6,0
400,'5326',713,,1604,15,,,0,100,,1609,15,,,0,100,,1611,15,,,0,100,,1612,15,,,0,100,,1613,15,,,0,100,,1614,15,,,0,100,,1615,15,,,0,100,,1616,15,,,0,100,,1610,15,,,0,100,,1607,15,,,0,100,,1608,15,,,0,100,,1606,15,0,7 6,0
400,'5328',813,,1620,15,,,0,100,,1623,15,,,0,100,,1617,15,,,0,100,,1618,15,,,0,100,,1621,15,,,0,100,,1622,15,,,0,100,,1619,15,,,0,100,,1624,15,,,0,100,,1625,15,,,0,100,,1626,15,,,0,100,,1627,15,0,7 6,0
1001,'5323',746,,1960,15,,,0,164,,1961,15,,,0,123,,1964,15,,,0,311,,1962,15,,,0,403,,1963,15,,,0
1001,'5325',910,,1965,15,,,0,434,,1967,15,,,0,403,,1966,15,,,0
1001,'5326',746,,1968,15,,,0,164,,1969,15,,,0,123,,1972,15,,,0,311,,1970,15,,,0,403,,1971,15,,,0
1001,'5328',910,,1973,15,,,0,434,,1975,15,,,0,403,,1974,15,,,0
