300,'5323',716,,1458,31,4,,0,200,,1460,31,4,,0,100,,1461,31,4,,0,100,,1463,31,4,,0,100,,1462,31,4,,0,100,,1464,31,4,,0,100,,1465,31,4,,0,100,,1466,31,4,,0,100,,1467,31,4,,0,100,,1468,31,4,,0,100,,1470,8,4,,0
300,'5325',916,,1473,31,4,,0,100,,1474,31,4,,0,100,,1471,31,4,,0,100,,1475,31,4,,0,100,,1476,31,4,,0,100,,1477,31,4,,0,100,,1478,31,4,,0,100,,1479,31,4,,0,100,,1480,31,4,,0,100,,1481,31,4,,0
300,'5326',716,,1482,31,4,,0,200,,1484,31,4,,0,100,,1485,31,4,,0,100,,1487,31,4,,0,100,,1486,31,4,,0,100,,1488,31,4,,0,100,,1489,31,4,,0,100,,1490,31,4,,0,100,,1491,31,4,,0,100,,1492,31,4,,0,100,,1494,8,4,,0
300,'5328',916,,1496,31,4,,0,100,,1497,31,4,,0,100,,1495,31,4,,0,100,,1498,31,4,,0,100,,1499,31,4,,0,100,,1500,31,4,,0,100,,1501,31,4,,0,100,,1502,31,4,,0,100,,1503,31,4,,0,100,,1504,31,4,,0
301,'5323',716,,1519,1,,,0,200,,1521,1,,,0,100,,1522,1,,,0,100,,1523,1,,,0,100,,1524,1,,,0,100,,1525,1,,,0,100,,1526,1,,,0,100,,1527,1,,,0,100,,1528,1,,,0,100,,1529,1,,,0,100,,1530,1,0,7 6,0
301,'5325',916,,1531,1,,,0,100,,1534,1,,,0,100,,1532,1,,,0,100,,1535,1,,,0,100,,1536,1,,,0,100,,1537,1,,,0,100,,1538,1,,,0,100,,1539,1,,,0,100,,1541,1,,,0,100,,1540,1,0,7 6,0
301,'5326',716,,1543,1,,,0,200,,1545,1,,,0,100,,1546,1,,,0,100,,1547,1,,,0,100,,1548,1,,,0,100,,1549,1,,,0,100,,1550,1,,,0,100,,1551,1,,,0,100,,1552,1,,,0,100,,1553,1,,,0,100,,1554,1,0,7 6,0
301,'5328',916,,1555,1,,,0,100,,1558,1,,,0,100,,1556,1,,,0,100,,1559,1,,,0,100,,1560,1,,,0,100,,1561,1,,,0,100,,1562,1,,,0,100,,1563,1,,,0,100,,1565,1,,,0,100,,1564,1,0,7 6,0
1000,'5323',651,,1944,23,,,0,162,,1945,23,,,0,123,,1948,23,,,0,307,,1946,23,,,0,407,,1947,23,,,0
1000,'5325',813,,1949,23,,,0,430,,1950,23,,,0,407,,1951,23,,,0
1000,'5326',651,,1952,23,,,0,162,,1953,23,,,0,123,,1956,23,,,0,307,,1954,23,,,0,407,,1955,23,,,0
1000,'5328',813,,1957,23,,,0,430,,1958,23,,,0,407,,1959,23,,,0
