300,'4833',804,,1446,15,0,11 12,0
300,'5323',804,,1459,15,0,11 12,0
300,'5325',804,,1472,9,0,11 12,0
300,'5326',804,,1483,15,0,11 12,0
400,'4833',721,,1566,29,,,0,100,,1571,29,,,0,100,,1573,29,,,0,100,,1574,29,,,0,100,,1575,29,,,0,100,,1576,29,,,0,100,,1577,29,,,0,100,,1578,29,,,0,100,,1572,29,,,0,100,,1569,29,,,0,100,,1570,29,,,0,110,,1567,14,,,0
400,'5323',721,,1579,29,,,0,100,,1584,29,,,0,100,,1586,29,,,0,100,,1587,29,,,0,100,,1588,29,,,0,100,,1589,29,,,0,100,,1590,29,,,0,100,,1591,29,,,0,100,,1585,29,,,0,100,,1582,29,,,0,100,,1583,29,,,0,110,,1580,14,,,0
400,'5325',821,,1595,29,,,0,100,,1598,29,,,0,100,,1592,29,,,0,100,,1593,29,,,0,100,,1596,29,,,0,100,,1597,29,,,0,100,,1594,29,,,0,100,,1599,29,,,0,100,,1600,29,,,0,100,,1601,29,,,0,110,,1603,14,,,0
400,'5326',721,,1604,29,,,0,100,,1609,29,,,0,100,,1611,29,,,0,100,,1612,29,,,0,100,,1613,29,,,0,100,,1614,29,,,0,100,,1615,29,,,0,100,,1616,29,,,0,100,,1610,29,,,0,100,,1607,29,,,0,100,,1608,29,,,0,110,,1605,14,,,0
400,'5328',821,,1620,29,,,0,100,,1623,29,,,0,100,,1617,29,,,0,100,,1618,29,,,0,100,,1621,29,,,0,100,,1622,29,,,0,100,,1619,29,,,0,100,,1624,29,,,0,100,,1625,29,,,0,100,,1626,29,,,0,110,,1628,14,,,0
1500,'4833',1856,,1988,12,0,14 15,0,164,,1990,12,0,13,0,123,,1993,12,0,13,0,85,,1995,12,0,13,0
1500,'5323',1856,,1996,12,0,14 15,0,164,,1998,12,0,13,0,123,,2001,12,0,13,0,85,,2003,12,0,13,0
1500,'5325',1856,,2004,12,0,13,0,164,,2006,12,0,13,0,123,,2009,12,0,13,0,85,,2010,12,0,13,0
1500,'5326',1856,,2011,12,0,14 15,0,164,,2013,12,0,13,0,123,,2016,12,0,13,0,85,,2018,12,0,13,0
1500,'5328',1856,,2019,12,0,13,0,164,,2021,12,0,13,0,123,,2024,12,0,13,0,85,,2025,12,0,13,0
1501,'4833',1931,,2026,24,0,7,0,124,,2028,24,0,7,0
1501,'5323',1931,,2030,24,0,7,0,124,,2032,24,0,7,0
1501,'5325',1931,,2035,24,0,7,0,124,,2036,24,0,7,0
1501,'5326',1931,,2038,24,0,7,0,124,,2040,24,0,7,0
1501,'5328',1931,,2043,24,0,7,0,124,,2044,24,0,7,0
