100,'5323',634,,1219,19,,,0,100,,1220,19,,,0,100,,1221,12,,,0,100,,1222,19,,,0,100,,1223,19,,,0,100,,1224,19,,,0,100,,1225,19,,,0,100,,1226,19,,,0,100,,1227,19,,,0,100,,1228,19,,,0,100,,1229,19,,,0,100,,1230,19,,,0
100,'5325',834,,1232,12,,,0,100,,1234,19,,,0,100,,1239,19,,,0,100,,1242,19,,,0,100,,1235,19,,,0,100,,1233,19,,,0,100,,1237,19,,,0,100,,1238,19,,,0,100,,1236,19,,,0,100,,1241,19,,,0
100,'5326',634,,1243,19,,,0,100,,1244,19,,,0,100,,1245,12,,,0,100,,1246,19,,,0,100,,1247,19,,,0,100,,1248,19,,,0,100,,1249,19,,,0,100,,1250,19,,,0,100,,1251,19,,,0,100,,1252,19,,,0,100,,1253,19,,,0,100,,1254,19,,,0
100,'5328',834,,1256,12,,,0,100,,1259,19,,,0,100,,1263,19,,,0,100,,1266,19,,,0,100,,1258,19,,,0,100,,1257,19,,,0,100,,1261,19,,,0,100,,1262,19,,,0,100,,1260,19,,,0,100,,1265,19,,,0
300,'5323',704,,1458,14,,,0,200,,1460,14,,,0,100,,1461,14,,,0,100,,1463,14,,,0,100,,1462,14,,,0,100,,1464,14,,,0,100,,1465,14,,,0,100,,1466,14,,,0,100,,1467,14,,,0,100,,1468,14,,,0,100,,1469,14,,,0
300,'5325',904,,1473,14,,,0,100,,1474,14,,,0,100,,1471,14,,,0,100,,1475,14,,,0,100,,1476,14,,,0,100,,1477,14,,,0,100,,1478,14,,,0,100,,1479,14,,,0,100,,1480,14,,,0,100,,1481,14,,,0
300,'5326',704,,1482,14,,,0,200,,1484,14,,,0,100,,1485,14,,,0,100,,1487,14,,,0,100,,1486,14,,,0,100,,1488,14,,,0,100,,1489,14,,,0,100,,1490,14,,,0,100,,1491,14,,,0,100,,1492,14,,,0,100,,1493,14,,,0
300,'5328',904,,1496,14,,,0,100,,1497,14,,,0,100,,1495,14,,,0,100,,1498,14,,,0,100,,1499,14,,,0,100,,1500,14,,,0,100,,1501,14,,,0,100,,1502,14,,,0,100,,1503,14,,,0,100,,1504,14,,,0
1600,'5210',905,,2046,10,,,0,100,,2049,16,,,0,100,,2048,16,,,0,100,,2047,16,,,0,100,,2050,16,,,0,100,,2051,16,,,0,100,,2052,16,,,0,100,,2053,16,,,0,100,,2054,16,,,0,100,,2056,16,,,0
3000,'5323',809,,2098,8,,,0,310,,2097,8,,,0,185,,2101,8,,,0,255,,2099,8,,,0,171,,2100,8,,,0
3000,'5325',909,,2102,8,,,0,210,,2103,8,,,0,185,,2105,8,,,0,255,,2104,8,,,0,171,,2106,8,,,0
3000,'5326',809,,2108,8,,,0,310,,2107,8,,,0,185,,2111,8,,,0,255,,2109,8,,,0,171,,2110,8,,,0
3000,'5328',909,,2112,8,,,0,210,,2113,8,,,0,185,,2115,8,,,0,255,,2114,8,,,0,171,,2116,8,,,0
4000,'5323',828,,2138,18,4,,0,516,,2137,18,4,,0
4000,'5326',828,,2140,18,4,,0,516,,2139,18,4,,0
