100,'5323',646,,1219,35,,,0,100,,1220,35,,,0,100,,1221,28,,,0,100,,1222,35,,,0,100,,1223,35,,,0,100,,1224,35,,,0,100,,1225,35,,,0,100,,1226,35,,,0,100,,1227,35,,,0,100,,1228,35,,,0,100,,1229,35,,,0,100,,1230,35,,,0
100,'5325',846,,1232,28,,,0,100,,1234,35,,,0,100,,1239,35,,,0,100,,1242,35,,,0,100,,1235,35,,,0,100,,1233,35,,,0,100,,1237,35,,,0,100,,1238,35,,,0,100,,1236,35,,,0,100,,1241,35,,,0
100,'5326',646,,1243,35,,,0,100,,1244,35,,,0,100,,1245,28,,,0,100,,1246,35,,,0,100,,1247,35,,,0,100,,1248,35,,,0,100,,1249,35,,,0,100,,1250,35,,,0,100,,1251,35,,,0,100,,1252,35,,,0,100,,1253,35,,,0,100,,1254,35,,,0
100,'5328',846,,1256,28,,,0,100,,1259,35,,,0,100,,1263,35,,,0,100,,1266,35,,,0,100,,1258,35,,,0,100,,1257,35,,,0,100,,1261,35,,,0,100,,1262,35,,,0,100,,1260,35,,,0,100,,1265,35,,,0
1600,'5210',914,,2046,26,,,0,100,,2049,32,,,0,100,,2048,32,,,0,100,,2047,32,,,0,100,,2050,32,,,0,100,,2051,32,,,0,100,,2052,32,,,0,100,,2053,32,,,0,100,,2054,32,,,0,100,,2056,32,,,0
3000,'5323',816,,2098,20,,,0,310,,2097,20,,,0,185,,2101,20,,,0,295,,2099,20,,,0,131,,2100,20,,,0
3000,'5325',916,,2102,20,,,0,210,,2103,20,,,0,185,,2105,20,,,0,295,,2104,20,,,0,131,,2106,20,,,0
3000,'5326',816,,2108,20,,,0,310,,2107,20,,,0,185,,2111,20,,,0,295,,2109,20,,,0,131,,2110,20,,,0
3000,'5328',916,,2112,20,,,0,210,,2113,20,,,0,185,,2115,20,,,0,295,,2114,20,,,0,131,,2116,20,,,0
7000,'5323',615,,2153,39,,,0,305,,2154,22,,,0,324,,2155,22,,,0,300,,2156,22,,,0
7000,'5326',615,,2157,39,,,0,305,,2158,22,,,0,324,,2159,22,,,0,300,,2160,22,,,0
