201,'5323',704,,1397,15,,,0,100,,1398,15,,,0,100,,1399,15,,,0,100,,1400,15,,,0,100,,1401,15,,,0,100,,1402,15,,,0,100,,1403,15,,,0,100,,1404,15,,,0,100,,1405,15,,,0,100,,1406,15,,,0,100,,1407,15,,,0,100,,1408,15,0,7 6,0
201,'5325',804,,1410,15,,,0,100,,1411,15,,,0,100,,1412,15,,,0,100,,1413,15,,,0,100,,1414,15,,,0,100,,1415,15,,,0,100,,1416,15,,,0,100,,1417,15,,,0,100,,1418,15,,,0,100,,1419,15,,,0,100,,1420,15,,,0
201,'5326',704,,1421,15,,,0,100,,1422,15,,,0,100,,1423,15,,,0,100,,1424,15,,,0,100,,1425,15,,,0,100,,1426,15,,,0,100,,1427,15,,,0,100,,1428,15,,,0,100,,1429,15,,,0,100,,1430,15,,,0,100,,1431,15,,,0,100,,1432,15,0,7 6,0
201,'5328',804,,1434,15,,,0,100,,1435,15,,,0,100,,1437,15,,,0,100,,1436,15,,,0,100,,1438,15,,,0,100,,1439,15,,,0,100,,1440,15,,,0,100,,1441,15,,,0,100,,1442,15,,,0,100,,1443,15,,,0,100,,1444,15,,,0
300,'5323',819,,1459,38,0,11 12,0
300,'5325',819,,1472,32,0,11 12,0
300,'5326',819,,1483,38,0,11 12,0
500,'5210',1310,,1714,24,,,0,100,,1715,24,,,0,100,,1716,24,,,0,100,,1717,24,,,0
500,'5323',740,,1718,24,,,0,70,,1740,24,,,0,30,,1720,24,,,0,70,,1738,24,,,0,30,,1721,24,,,0,70,,1728,24,,,0,30,,1722,24,,,0,70,,1729,24,,,0,30,,1719,24,,,0,70,,1730,24,,,0,30,,1724,24,,,0,70,,1731,24,,,0,30,,1723,24,,,0,70,,1732,24,,,0,30,,1725,24,,,0,70,,1735,24,,,0,30,,1726,24,,,0,70,,1741,24,,,0,30,,1727,24,,,0,70,,1739,24,,,0,30,,1733,24,,,0,70,,1734,24,,,0,30,,1736,24,,,0
500,'5325',940,,1742,24,,,0,70,,1758,24,,,0,30,,1747,24,,,0,70,,1755,24,,,0,30,,1748,24,,,0,70,,1756,24,,,0,30,,1750,24,,,0,70,,1754,24,,,0,30,,1751,24,,,0,70,,1757,24,,,0,30,,1749,24,,,0,70,,1759,24,,,0,30,,1746,24,,,0,70,,1753,24,,,0,30,,1745,24,,,0,70,,1752,24,,,0,30,,1743,24,,,0,70,,1760,24,,,0,30,,1744,24,,,0
500,'5326',740,,1762,24,,,0,70,,1784,24,,,0,30,,1764,24,,,0,70,,1782,24,,,0,30,,1765,24,,,0,70,,1772,24,,,0,30,,1766,24,,,0,70,,1773,24,,,0,30,,1763,24,,,0,70,,1774,24,,,0,30,,1768,24,,,0,70,,1775,24,,,0,30,,1767,24,,,0,70,,1776,24,,,0,30,,1769,24,,,0,70,,1779,24,,,0,30,,1770,24,,,0,70,,1785,24,,,0,30,,1771,24,,,0,70,,1783,24,,,0,30,,1777,24,,,0,70,,1778,24,,,0,30,,1780,24,,,0,100,,1786,24,,,0,100,,1787,24,,,0,100,,1788,24,,,0,100,,1789,24,,,0,100,,1790,24,,,0
500,'5328',940,,1791,24,,,0,70,,1807,24,,,0,30,,1796,24,,,0,70,,1804,24,,,0,30,,1797,24,,,0,70,,1805,24,,,0,30,,1799,24,,,0,70,,1803,24,,,0,30,,1800,24,,,0,70,,1806,24,,,0,30,,1798,24,,,0,70,,1808,24,,,0,30,,1795,24,,,0,70,,1802,24,,,0,30,,1794,24,,,0,70,,1801,24,,,0,30,,1792,24,,,0,70,,1809,24,,,0,30,,1793,24,,,0,100,,1811,24,,,0,100,,1812,24,,,0,100,,1813,24,,,0,100,,1814,24,,,0,100,,1815,24,,,0
