201,'4833',706,,1384,17,,,0,100,,1385,17,,,0,100,,1386,17,,,0,100,,1387,17,,,0,100,,1388,17,,,0,100,,1389,17,,,0,100,,1390,17,,,0,100,,1391,17,,,0,100,,1392,17,,,0,100,,1393,17,,,0,100,,1394,17,,,0,100,,1395,17,0,7 6,0
201,'5323',706,,1397,17,,,0,100,,1398,17,,,0,100,,1399,17,,,0,100,,1400,17,,,0,100,,1401,17,,,0,100,,1402,17,,,0,100,,1403,17,,,0,100,,1404,17,,,0,100,,1405,17,,,0,100,,1406,17,,,0,100,,1407,17,,,0,100,,1408,17,0,7 6,0
201,'5325',806,,1410,17,,,0,100,,1411,17,,,0,100,,1412,17,,,0,100,,1413,17,,,0,100,,1414,17,,,0,100,,1415,17,,,0,100,,1416,17,,,0,100,,1417,17,,,0,100,,1418,17,,,0,100,,1419,17,,,0,100,,1420,17,,,0
201,'5326',706,,1421,17,,,0,100,,1422,17,,,0,100,,1423,17,,,0,100,,1424,17,,,0,100,,1425,17,,,0,100,,1426,17,,,0,100,,1427,17,,,0,100,,1428,17,,,0,100,,1429,17,,,0,100,,1430,17,,,0,100,,1431,17,,,0,100,,1432,17,0,7 6,0
201,'5328',806,,1434,17,,,0,100,,1435,17,,,0,100,,1437,17,,,0,100,,1436,17,,,0,100,,1438,17,,,0,100,,1439,17,,,0,100,,1440,17,,,0,100,,1441,17,,,0,100,,1442,17,,,0,100,,1443,17,,,0,100,,1444,17,,,0
500,'4833',742,,1690,26,4,,0,70,,1712,26,4,,0,30,,1692,26,4,,0,70,,1710,26,4,,0,30,,1693,26,4,,0,70,,1700,26,4,,0,30,,1694,26,4,,0,70,,1701,26,4,,0,30,,1691,26,4,,0,70,,1702,26,4,,0,30,,1696,26,4,,0,70,,1703,26,4,,0,30,,1695,26,4,,0,70,,1704,26,4,,0,30,,1697,26,4,,0,70,,1707,26,4,,0,30,,1698,26,4,,0,70,,1713,26,4,,0,30,,1699,26,4,,0,70,,1711,26,4,,0,30,,1705,26,4,,0,70,,1706,26,4,,0,30,,1708,26,4,,0
500,'5322',1312,,1714,26,4,,0,100,,1715,26,4,,0,100,,1716,26,4,,0,100,,1717,26,4,,0
500,'5323',742,,1718,26,4,,0,70,,1740,26,4,,0,30,,1720,26,4,,0,70,,1738,26,4,,0,30,,1721,26,4,,0,70,,1728,26,4,,0,30,,1722,26,4,,0,70,,1729,26,4,,0,30,,1719,26,4,,0,70,,1730,26,4,,0,30,,1724,26,4,,0,70,,1731,26,4,,0,30,,1723,26,4,,0,70,,1732,26,4,,0,30,,1725,26,4,,0,70,,1735,26,4,,0,30,,1726,26,4,,0,70,,1741,26,4,,0,30,,1727,26,4,,0,70,,1739,26,4,,0,30,,1733,26,4,,0,70,,1734,26,4,,0,30,,1736,26,4,,0
500,'5325',942,,1742,26,4,,0,70,,1758,26,4,,0,30,,1747,26,4,,0,70,,1755,26,4,,0,30,,1748,26,4,,0,70,,1756,26,4,,0,30,,1750,26,4,,0,70,,1754,26,4,,0,30,,1751,26,4,,0,70,,1757,26,4,,0,30,,1749,26,4,,0,70,,1759,26,4,,0,30,,1746,26,4,,0,70,,1753,26,4,,0,30,,1745,26,4,,0,70,,1752,26,4,,0,30,,1743,26,4,,0,70,,1760,26,4,,0,30,,1744,26,4,,0
500,'5326',742,,1762,26,4,,0,70,,1784,26,4,,0,30,,1764,26,4,,0,70,,1782,26,4,,0,30,,1765,26,4,,0,70,,1772,26,4,,0,30,,1766,26,4,,0,70,,1773,26,4,,0,30,,1763,26,4,,0,70,,1774,26,4,,0,30,,1768,26,4,,0,70,,1775,26,4,,0,30,,1767,26,4,,0,70,,1776,26,4,,0,30,,1769,26,4,,0,70,,1779,26,4,,0,30,,1770,26,4,,0,70,,1785,26,4,,0,30,,1771,26,4,,0,70,,1783,26,4,,0,30,,1777,26,4,,0,70,,1778,26,4,,0,30,,1780,26,4,,0,100,,1786,26,4,,0,100,,1787,26,4,,0,100,,1788,26,4,,0,100,,1789,26,4,,0,100,,1790,26,4,,0
500,'5328',942,,1791,26,4,,0,70,,1807,26,4,,0,30,,1796,26,4,,0,70,,1804,26,4,,0,30,,1797,26,4,,0,70,,1805,26,4,,0,30,,1799,26,4,,0,70,,1803,26,4,,0,30,,1800,26,4,,0,70,,1806,26,4,,0,30,,1798,26,4,,0,70,,1808,26,4,,0,30,,1795,26,4,,0,70,,1802,26,4,,0,30,,1794,26,4,,0,70,,1801,26,4,,0,30,,1792,26,4,,0,70,,1809,26,4,,0,30,,1793,26,4,,0,100,,1811,26,4,,0,100,,1812,26,4,,0,100,,1813,26,4,,0,100,,1814,26,4,,0,100,,1815,26,4,,0
501,'4833',742,,1817,1,,,0,70,,1838,1,,,0,30,,1819,1,,,0,70,,1827,1,,,0,30,,1820,1,,,0,70,,1828,1,,,0,30,,1821,1,,,0,70,,1829,1,,,0,30,,1818,1,,,0,70,,1830,1,,,0,30,,1823,1,,,0,70,,1831,1,,,0,30,,1822,1,,,0,70,,1832,1,,,0,30,,1824,1,,,0,70,,1839,1,,,0,30,,1825,1,,,0,70,,1837,1,,,0,30,,1833,1,,,0,70,,1834,1,,,0,30,,1835,1,,,0,70,,1836,1,,,0
501,'5322',1212,,1840,1,,,0,100,,1841,1,,,0,100,,1842,1,,,0,100,,1843,1,,,0
501,'5323',742,,1845,1,,,0,70,,1866,1,,,0,30,,1847,1,,,0,70,,1855,1,,,0,30,,1848,1,,,0,70,,1856,1,,,0,30,,1849,1,,,0,70,,1857,1,,,0,30,,1846,1,,,0,70,,1858,1,,,0,30,,1851,1,,,0,70,,1859,1,,,0,30,,1850,1,,,0,70,,1860,1,,,0,30,,1852,1,,,0,70,,1867,1,,,0,30,,1853,1,,,0,70,,1865,1,,,0,30,,1861,1,,,0,70,,1862,1,,,0,30,,1863,1,,,0,70,,1864,1,,,0
501,'5325',942,,1875,1,,,0,70,,1885,1,,,0,30,,1876,1,,,0,70,,1881,1,,,0,30,,1872,1,,,0,70,,1882,1,,,0,30,,1877,1,,,0,70,,1883,1,,,0,30,,1868,1,,,0,70,,1886,1,,,0,30,,1869,1,,,0,70,,1887,1,,,0,30,,1870,1,,,0,70,,1878,1,,,0,30,,1871,1,,,0,70,,1879,1,,,0,30,,1874,1,,,0,70,,1880,1,,,0
501,'5326',742,,1889,1,,,0,70,,1910,1,,,0,30,,1891,1,,,0,70,,1899,1,,,0,30,,1892,1,,,0,70,,1900,1,,,0,30,,1893,1,,,0,70,,1901,1,,,0,30,,1890,1,,,0,70,,1902,1,,,0,30,,1895,1,,,0,70,,1903,1,,,0,30,,1894,1,,,0,70,,1904,1,,,0,30,,1896,1,,,0,70,,1911,1,,,0,30,,1897,1,,,0,70,,1909,1,,,0,30,,1905,1,,,0,70,,1906,1,,,0,30,,1907,1,,,0,70,,1908,1,,,0,30,,1914,1,,,0,100,,1915,1,,,0,100,,1916,1,,,0,100,,1917,1,,,0,100,,1912,1,,,0,100,,1913,1,0,21,0
501,'5328',942,,1925,1,,,0,70,,1935,1,,,0,30,,1926,1,,,0,70,,1931,1,,,0,30,,1922,1,,,0,70,,1932,1,,,0,30,,1927,1,,,0,70,,1933,1,,,0,30,,1918,1,,,0,70,,1936,1,,,0,30,,1919,1,,,0,70,,1937,1,,,0,30,,1920,1,,,0,70,,1928,1,,,0,30,,1921,1,,,0,70,,1929,1,,,0,30,,1924,1,,,0,70,,1930,1,,,0,30,,1940,1,,,0,100,,1941,1,,,0,100,,1942,1,,,0,100,,1943,1,,,0,100,,1939,1,,,0,100,,1938,1,0,21,0
