100,'4833',635,,1206,21,,,0,100,,1207,21,,,0,100,,1208,14,,,0,100,,1209,21,,,0,100,,1210,21,,,0,100,,1211,21,,,0,100,,1212,21,,,0,100,,1213,21,,,0,100,,1214,21,,,0,100,,1215,21,,,0,100,,1216,21,,,0,100,,1217,21,,,0
100,'5323',635,,1219,21,,,0,100,,1220,21,,,0,100,,1221,14,,,0,100,,1222,21,,,0,100,,1223,21,,,0,100,,1224,21,,,0,100,,1225,21,,,0,100,,1226,21,,,0,100,,1227,21,,,0,100,,1228,21,,,0,100,,1229,21,,,0,100,,1230,21,,,0
100,'5325',835,,1232,14,,,0,100,,1234,21,,,0,100,,1239,21,,,0,100,,1242,21,,,0,100,,1235,21,,,0,100,,1233,21,,,0,100,,1237,21,,,0,100,,1238,21,,,0,100,,1236,21,,,0,100,,1241,21,,,0
100,'5326',635,,1243,21,,,0,100,,1244,21,,,0,100,,1245,14,,,0,100,,1246,21,,,0,100,,1247,21,,,0,100,,1248,21,,,0,100,,1249,21,,,0,100,,1250,21,,,0,100,,1251,21,,,0,100,,1252,21,,,0,100,,1253,21,,,0,100,,1254,21,,,0
100,'5328',835,,1256,14,,,0,100,,1259,21,,,0,100,,1263,21,,,0,100,,1266,21,,,0,100,,1258,21,,,0,100,,1257,21,,,0,100,,1261,21,,,0,100,,1262,21,,,0,100,,1260,21,,,0,100,,1265,21,,,0
300,'4833',705,,1445,16,,,0,109,,1446,30,0,11 12,0,91,,1447,16,,,0,100,,1448,16,,,0,100,,1450,16,,,0,100,,1449,16,,,0,100,,1451,16,,,0,100,,1452,16,,,0,100,,1453,16,,,0,100,,1454,16,,,0,100,,1455,16,,,0,100,,1456,16,,,0
300,'5323',705,,1458,16,,,0,109,,1459,30,0,11 12,0,91,,1460,16,,,0,100,,1461,16,,,0,100,,1463,16,,,0,100,,1462,16,,,0,100,,1464,16,,,0,100,,1465,16,,,0,100,,1466,16,,,0,100,,1467,16,,,0,100,,1468,16,,,0,100,,1469,16,,,0
300,'5325',814,,1472,24,0,11 12,0,91,,1473,16,,,0,100,,1474,16,,,0,100,,1471,16,,,0,100,,1475,16,,,0,100,,1476,16,,,0,100,,1477,16,,,0,100,,1478,16,,,0,100,,1479,16,,,0,100,,1480,16,,,0,100,,1481,16,,,0
300,'5326',705,,1482,16,,,0,109,,1483,30,0,11 12,0,91,,1484,16,,,0,100,,1485,16,,,0,100,,1487,16,,,0,100,,1486,16,,,0,100,,1488,16,,,0,100,,1489,16,,,0,100,,1490,16,,,0,100,,1491,16,,,0,100,,1492,16,,,0,100,,1493,16,,,0
300,'5328',905,,1496,16,,,0,100,,1497,16,,,0,100,,1495,16,,,0,100,,1498,16,,,0,100,,1499,16,,,0,100,,1500,16,,,0,100,,1501,16,,,0,100,,1502,16,,,0,100,,1503,16,,,0,100,,1504,16,,,0
1501,'4833',1935,,2026,32,0,7,0,124,,2028,32,0,7,0
1501,'5323',1935,,2030,32,0,7,0,124,,2032,32,0,7,0
1501,'5325',1935,,2035,32,0,7,0,124,,2036,32,0,7,0
1501,'5326',1935,,2038,32,0,7,0,124,,2040,32,0,7,0
1501,'5328',1935,,2043,32,0,7,0,124,,2044,32,0,7,0
1600,'5322',906,,2046,12,,,0,100,,2049,18,,,0,100,,2048,18,,,0,100,,2047,18,,,0,100,,2050,18,,,0,100,,2051,18,,,0,100,,2052,18,,,0,100,,2053,18,,,0,100,,2054,18,,,0,100,,2056,18,,,0
7000,'5323',607,,2153,25,,,0,305,,2154,8,,,0,324,,2155,8,,,0,300,,2156,8,,,0
7000,'5326',607,,2157,25,,,0,305,,2158,8,,,0,324,,2159,8,,,0,300,,2160,8,,,0
