201,'4833',719,,1384,26,,,0,100,,1385,26,,,0,100,,1386,26,,,0,100,,1387,26,,,0,100,,1388,26,,,0,100,,1389,26,,,0,100,,1390,26,,,0,100,,1391,26,,,0,100,,1392,26,,,0,100,,1393,26,,,0,100,,1394,26,,,0,100,,1396,8,,,0
201,'5323',719,,1397,26,,,0,100,,1398,26,,,0,100,,1399,26,,,0,100,,1400,26,,,0,100,,1401,26,,,0,100,,1402,26,,,0,100,,1403,26,,,0,100,,1404,26,,,0,100,,1405,26,,,0,100,,1406,26,,,0,100,,1407,26,,,0,100,,1409,8,,,0
201,'5325',819,,1410,26,,,0,100,,1411,26,,,0,100,,1412,26,,,0,100,,1413,26,,,0,100,,1414,26,,,0,100,,1415,26,,,0,100,,1416,26,,,0,100,,1417,26,,,0,100,,1418,26,,,0,100,,1419,26,,,0,100,,1420,26,,,0
201,'5326',719,,1421,26,,,0,100,,1422,26,,,0,100,,1423,26,,,0,100,,1424,26,,,0,100,,1425,26,,,0,100,,1426,26,,,0,100,,1427,26,,,0,100,,1428,26,,,0,100,,1429,26,,,0,100,,1430,26,,,0,100,,1431,26,,,0,100,,1433,8,,,0
201,'5328',819,,1434,26,,,0,100,,1435,26,,,0,100,,1437,26,,,0,100,,1436,26,,,0,100,,1438,26,,,0,100,,1439,26,,,0,100,,1440,26,,,0,100,,1441,26,,,0,100,,1442,26,,,0,100,,1443,26,,,0,100,,1444,26,,,0
1501,'4833',1945,,2027,8,,,0,164,,2029,8,,,0
1501,'5323',1945,,2031,8,,,0,164,,2033,8,,,0
1501,'5325',1945,,2034,8,,,0,164,,2037,8,,,0
1501,'5326',1945,,2039,8,,,0,164,,2041,8,,,0
1501,'5328',1945,,2042,8,,,0,164,,2045,8,,,0
