201,'4833',728,,1384,35,,,0,100,,1385,35,,,0,100,,1386,35,,,0,100,,1387,35,,,0,100,,1388,35,,,0,100,,1389,35,,,0,100,,1390,35,,,0,100,,1391,35,,,0,100,,1392,35,,,0,100,,1393,35,,,0,100,,1394,35,,,0,100,,1396,17,,,0
201,'5323',728,,1397,35,,,0,100,,1398,35,,,0,100,,1399,35,,,0,100,,1400,35,,,0,100,,1401,35,,,0,100,,1402,35,,,0,100,,1403,35,,,0,100,,1404,35,,,0,100,,1405,35,,,0,100,,1406,35,,,0,100,,1407,35,,,0,100,,1409,17,,,0
201,'5325',828,,1410,35,,,0,100,,1411,35,,,0,100,,1412,35,,,0,100,,1413,35,,,0,100,,1414,35,,,0,100,,1415,35,,,0,100,,1416,35,,,0,100,,1417,35,,,0,100,,1418,35,,,0,100,,1419,35,,,0,100,,1420,35,,,0
201,'5326',728,,1421,35,,,0,100,,1422,35,,,0,100,,1423,35,,,0,100,,1424,35,,,0,100,,1425,35,,,0,100,,1426,35,,,0,100,,1427,35,,,0,100,,1428,35,,,0,100,,1429,35,,,0,100,,1430,35,,,0,100,,1431,35,,,0,100,,1433,17,,,0
201,'5328',828,,1434,35,,,0,100,,1435,35,,,0,100,,1437,35,,,0,100,,1436,35,,,0,100,,1438,35,,,0,100,,1439,35,,,0,100,,1440,35,,,0,100,,1441,35,,,0,100,,1442,35,,,0,100,,1443,35,,,0,100,,1444,35,,,0
401,'4833',657,,1635,15,,,0,100,,1636,28,,,0,100,,1637,28,,,0,100,,1638,28,,,0,100,,1639,28,,,0,100,,1640,28,,,0,100,,1641,28,,,0,100,,1633,28,,,0,100,,1634,28,,,0,100,,1632,28,,,0,100,,1631,28,,,0,100,,1630,28,,,0
401,'5323',657,,1648,15,,,0,100,,1649,28,,,0,100,,1650,28,,,0,100,,1651,28,,,0,100,,1652,28,,,0,100,,1653,28,,,0,100,,1654,28,,,0,100,,1646,28,,,0,100,,1647,28,,,0,100,,1645,28,,,0,100,,1644,28,,,0,100,,1643,28,,,0
401,'5325',857,,1655,28,,,0,100,,1657,28,,,0,100,,1658,28,,,0,100,,1656,28,,,0,100,,1660,28,,,0,100,,1659,28,,,0,100,,1661,28,,,0,100,,1662,28,,,0,100,,1663,28,,,0,100,,1664,28,,,0
401,'5326',657,,1672,15,,,0,100,,1673,28,,,0,100,,1674,28,,,0,100,,1675,28,,,0,100,,1676,28,,,0,100,,1677,28,,,0,100,,1678,28,,,0,100,,1670,28,,,0,100,,1671,28,,,0,100,,1669,28,,,0,100,,1668,28,,,0,100,,1667,28,,,0
401,'5328',857,,1679,28,,,0,100,,1681,28,,,0,100,,1683,28,,,0,100,,1680,28,,,0,100,,1684,28,,,0,100,,1682,28,,,0,100,,1685,28,,,0,100,,1686,28,,,0,100,,1687,28,,,0,100,,1688,28,,,0
1501,'4833',1951,,2027,17,,,0,164,,2029,17,,,0
1501,'5323',1951,,2031,17,,,0,164,,2033,17,,,0
1501,'5325',1951,,2034,17,,,0,164,,2037,17,,,0
1501,'5326',1951,,2039,17,,,0,164,,2041,17,,,0
1501,'5328',1951,,2042,17,,,0,164,,2045,17,,,0
7001,'5323',1819,,2164,27,,,0
7001,'5326',1819,,2168,27,,,0
