500,'5210',1241,,1714,4,,,0,100,,1715,4,,,0,100,,1716,4,,,0,100,,1717,4,,,0
500,'5323',711,,1718,4,,,0,30,,1740,4,,,0,70,,1720,4,,,0,30,,1738,4,,,0,70,,1721,4,,,0,30,,1728,4,,,0,70,,1722,4,,,0,30,,1729,4,,,0,70,,1719,4,,,0,30,,1730,4,,,0,70,,1724,4,,,0,30,,1731,4,,,0,70,,1723,4,,,0,30,,1732,4,,,0,70,,1725,4,,,0,30,,1735,4,,,0,70,,1726,4,,,0,30,,1741,4,,,0,70,,1727,4,,,0,30,,1739,4,,,0,70,,1733,4,,,0,30,,1734,4,,,0,70,,1736,4,,,0,30,,1737,4,0,13,0
500,'5325',911,,1742,4,,,0,30,,1758,4,,,0,70,,1747,4,,,0,30,,1755,4,,,0,70,,1748,4,,,0,30,,1756,4,,,0,70,,1750,4,,,0,30,,1754,4,,,0,70,,1751,4,,,0,30,,1757,4,,,0,70,,1749,4,,,0,30,,1759,4,,,0,70,,1746,4,,,0,30,,1753,4,,,0,70,,1745,4,,,0,30,,1752,4,,,0,70,,1743,4,,,0,30,,1760,4,,,0,70,,1744,4,,,0,30,,1761,4,0,13,0
500,'5326',711,,1762,4,,,0,30,,1784,4,,,0,70,,1764,4,,,0,30,,1782,4,,,0,70,,1765,4,,,0,30,,1772,4,,,0,70,,1766,4,,,0,30,,1773,4,,,0,70,,1763,4,,,0,30,,1774,4,,,0,70,,1768,4,,,0,30,,1775,4,,,0,70,,1767,4,,,0,30,,1776,4,,,0,70,,1769,4,,,0,30,,1779,4,,,0,70,,1770,4,,,0,30,,1785,4,,,0,70,,1771,4,,,0,30,,1783,4,,,0,70,,1777,4,,,0,30,,1778,4,,,0,70,,1780,4,,,0,30,,1781,4,0,13,0,70,,1786,4,,,0,100,,1787,4,,,0,100,,1788,4,,,0,100,,1789,4,,,0,100,,1790,4,,,0
500,'5328',911,,1791,4,,,0,30,,1807,4,,,0,70,,1796,4,,,0,30,,1804,4,,,0,70,,1797,4,,,0,30,,1805,4,,,0,70,,1799,4,,,0,30,,1803,4,,,0,70,,1800,4,,,0,30,,1806,4,,,0,70,,1798,4,,,0,30,,1808,4,,,0,70,,1795,4,,,0,30,,1802,4,,,0,70,,1794,4,,,0,30,,1801,4,,,0,70,,1792,4,,,0,30,,1809,4,,,0,70,,1793,4,,,0,30,,1810,4,0,13,0,70,,1811,4,,,0,100,,1812,4,,,0,100,,1813,4,,,0,100,,1814,4,,,0,100,,1815,4,,,0
1500,'5323',1910,,1997,11,0,13,0,124,,1998,37,0,13,0,123,,2001,37,0,13,0,85,,2003,37,0,13,0
1500,'5325',1910,,2004,37,0,13,0,124,,2006,37,0,13,0,123,,2009,37,0,13,0,85,,2010,37,0,13,0
1500,'5326',1910,,2012,11,0,13,0,124,,2013,37,0,13,0,123,,2016,37,0,13,0,85,,2018,37,0,13,0
1500,'5328',1910,,2019,37,0,13,0,124,,2021,37,0,13,0,123,,2024,37,0,13,0,85,,2025,37,0,13,0
7000,'5323',557,,2153,10,,,0
7000,'5326',557,,2157,10,,,0
