501,'4833',655,,1816,9,,,0,70,,1826,9,,,0,30,,1817,11,,,0,70,,1838,11,,,0,30,,1819,11,,,0,70,,1827,11,,,0,30,,1820,11,,,0,70,,1828,11,,,0,30,,1821,11,,,0,70,,1829,11,,,0,30,,1818,11,,,0,70,,1830,11,,,0,30,,1823,11,,,0,70,,1831,11,,,0,30,,1822,11,,,0,70,,1832,11,,,0,30,,1824,11,,,0,70,,1839,11,,,0,30,,1825,11,,,0,70,,1837,11,,,0,30,,1833,11,,,0,70,,1834,11,,,0,30,,1835,11,,,0,70,,1836,11,,,0
501,'5322',1225,,1840,11,,,0,100,,1841,11,,,0,100,,1842,11,,,0,100,,1843,11,,,0
501,'5323',655,,1844,9,,,0,70,,1854,9,,,0,30,,1845,11,,,0,70,,1866,11,,,0,30,,1847,11,,,0,70,,1855,11,,,0,30,,1848,11,,,0,70,,1856,11,,,0,30,,1849,11,,,0,70,,1857,11,,,0,30,,1846,11,,,0,70,,1858,11,,,0,30,,1851,11,,,0,70,,1859,11,,,0,30,,1850,11,,,0,70,,1860,11,,,0,30,,1852,11,,,0,70,,1867,11,,,0,30,,1853,11,,,0,70,,1865,11,,,0,30,,1861,11,,,0,70,,1862,11,,,0,30,,1863,11,,,0,70,,1864,11,,,0
501,'5325',855,,1873,9,,,0,70,,1884,9,,,0,30,,1875,11,,,0,70,,1885,11,,,0,30,,1876,11,,,0,70,,1881,11,,,0,30,,1872,11,,,0,70,,1882,11,,,0,30,,1877,11,,,0,70,,1883,11,,,0,30,,1868,11,,,0,70,,1886,11,,,0,30,,1869,11,,,0,70,,1887,11,,,0,30,,1870,11,,,0,70,,1878,11,,,0,30,,1871,11,,,0,70,,1879,11,,,0,30,,1874,11,,,0,70,,1880,11,,,0
501,'5326',655,,1888,9,,,0,70,,1898,9,,,0,30,,1889,11,,,0,70,,1910,11,,,0,30,,1891,11,,,0,70,,1899,11,,,0,30,,1892,11,,,0,70,,1900,11,,,0,30,,1893,11,,,0,70,,1901,11,,,0,30,,1890,11,,,0,70,,1902,11,,,0,30,,1895,11,,,0,70,,1903,11,,,0,30,,1894,11,,,0,70,,1904,11,,,0,30,,1896,11,,,0,70,,1911,11,,,0,30,,1897,11,,,0,70,,1909,11,,,0,30,,1905,11,,,0,70,,1906,11,,,0,30,,1907,11,,,0,70,,1908,11,,,0,30,,1914,11,,,0,100,,1915,11,,,0,100,,1916,11,,,0,100,,1917,11,,,0,100,,1912,11,,,0,100,,1913,11,0,21,0
501,'5328',855,,1923,9,,,0,70,,1934,9,,,0,30,,1925,11,,,0,70,,1935,11,,,0,30,,1926,11,,,0,70,,1931,11,,,0,30,,1922,11,,,0,70,,1932,11,,,0,30,,1927,11,,,0,70,,1933,11,,,0,30,,1918,11,,,0,70,,1936,11,,,0,30,,1919,11,,,0,70,,1937,11,,,0,30,,1920,11,,,0,70,,1928,11,,,0,30,,1921,11,,,0,70,,1929,11,,,0,30,,1924,11,,,0,70,,1930,11,,,0,30,,1940,11,,,0,100,,1941,11,,,0,100,,1942,11,,,0,100,,1943,11,,,0,100,,1939,11,,,0,100,,1938,11,0,21,0
1500,'4833',1902,,1988,24,0,14 15,0,124,,1990,24,0,13,0,123,,1993,24,0,13,0,85,,1995,24,0,13,0
1500,'5323',1902,,1996,24,0,14 15,0,124,,1998,24,0,13,0,123,,2001,24,0,13,0,85,,2003,24,0,13,0
1500,'5325',1902,,2004,24,0,13,0,124,,2006,24,0,13,0,123,,2009,24,0,13,0,85,,2010,24,0,13,0
1500,'5326',1902,,2011,24,0,14 15,0,124,,2013,24,0,13,0,123,,2016,24,0,13,0,85,,2018,24,0,13,0
1500,'5328',1902,,2019,24,0,13,0,124,,2021,24,0,13,0,123,,2024,24,0,13,0,85,,2025,24,0,13,0
1601,'5322',934,,2057,19,,,0,100,,2059,19,,,0,100,,2058,19,,,0,100,,2060,19,,,0,100,,2062,19,,,0,100,,2061,19,,,0,100,,2064,19,,,0,100,,2063,19,,,0,100,,2066,19,,,0,100,,2065,19,,,0
