201,'4833',704,,1384,14,,,0,100,,1385,14,,,0,100,,1386,14,,,0,100,,1387,14,,,0,100,,1388,14,,,0,100,,1389,14,,,0,100,,1390,14,,,0,100,,1391,14,,,0,100,,1392,14,,,0,100,,1393,14,,,0,100,,1394,14,,,0,100,,1395,14,0,7 6,0
201,'5323',704,,1397,14,,,0,100,,1398,14,,,0,100,,1399,14,,,0,100,,1400,14,,,0,100,,1401,14,,,0,100,,1402,14,,,0,100,,1403,14,,,0,100,,1404,14,,,0,100,,1405,14,,,0,100,,1406,14,,,0,100,,1407,14,,,0,100,,1408,14,0,7 6,0
201,'5325',804,,1410,14,,,0,100,,1411,14,,,0,100,,1412,14,,,0,100,,1413,14,,,0,100,,1414,14,,,0,100,,1415,14,,,0,100,,1416,14,,,0,100,,1417,14,,,0,100,,1418,14,,,0,100,,1419,14,,,0,100,,1420,14,,,0
201,'5326',704,,1421,14,,,0,100,,1422,14,,,0,100,,1423,14,,,0,100,,1424,14,,,0,100,,1425,14,,,0,100,,1426,14,,,0,100,,1427,14,,,0,100,,1428,14,,,0,100,,1429,14,,,0,100,,1430,14,,,0,100,,1431,14,,,0,100,,1432,14,0,7 6,0
201,'5328',804,,1434,14,,,0,100,,1435,14,,,0,100,,1437,14,,,0,100,,1436,14,,,0,100,,1438,14,,,0,100,,1439,14,,,0,100,,1440,14,,,0,100,,1441,14,,,0,100,,1442,14,,,0,100,,1443,14,,,0,100,,1444,14,,,0
300,'4833',819,,1446,37,0,11 12,0
300,'5323',819,,1459,37,0,11 12,0
300,'5325',819,,1472,31,0,11 12,0
300,'5326',819,,1483,37,0,11 12,0
500,'4833',739,,1690,23,,,0,70,,1712,23,,,0,30,,1692,23,,,0,70,,1710,23,,,0,30,,1693,23,,,0,70,,1700,23,,,0,30,,1694,23,,,0,70,,1701,23,,,0,30,,1691,23,,,0,70,,1702,23,,,0,30,,1696,23,,,0,70,,1703,23,,,0,30,,1695,23,,,0,70,,1704,23,,,0,30,,1697,23,,,0,70,,1707,23,,,0,30,,1698,23,,,0,70,,1713,23,,,0,30,,1699,23,,,0,70,,1711,23,,,0,30,,1705,23,,,0,70,,1706,23,,,0,30,,1708,23,,,0
500,'5322',1309,,1714,23,,,0,100,,1715,23,,,0,100,,1716,23,,,0,100,,1717,23,,,0
500,'5323',739,,1718,23,,,0,70,,1740,23,,,0,30,,1720,23,,,0,70,,1738,23,,,0,30,,1721,23,,,0,70,,1728,23,,,0,30,,1722,23,,,0,70,,1729,23,,,0,30,,1719,23,,,0,70,,1730,23,,,0,30,,1724,23,,,0,70,,1731,23,,,0,30,,1723,23,,,0,70,,1732,23,,,0,30,,1725,23,,,0,70,,1735,23,,,0,30,,1726,23,,,0,70,,1741,23,,,0,30,,1727,23,,,0,70,,1739,23,,,0,30,,1733,23,,,0,70,,1734,23,,,0,30,,1736,23,,,0
500,'5325',939,,1742,23,,,0,70,,1758,23,,,0,30,,1747,23,,,0,70,,1755,23,,,0,30,,1748,23,,,0,70,,1756,23,,,0,30,,1750,23,,,0,70,,1754,23,,,0,30,,1751,23,,,0,70,,1757,23,,,0,30,,1749,23,,,0,70,,1759,23,,,0,30,,1746,23,,,0,70,,1753,23,,,0,30,,1745,23,,,0,70,,1752,23,,,0,30,,1743,23,,,0,70,,1760,23,,,0,30,,1744,23,,,0
500,'5326',739,,1762,23,,,0,70,,1784,23,,,0,30,,1764,23,,,0,70,,1782,23,,,0,30,,1765,23,,,0,70,,1772,23,,,0,30,,1766,23,,,0,70,,1773,23,,,0,30,,1763,23,,,0,70,,1774,23,,,0,30,,1768,23,,,0,70,,1775,23,,,0,30,,1767,23,,,0,70,,1776,23,,,0,30,,1769,23,,,0,70,,1779,23,,,0,30,,1770,23,,,0,70,,1785,23,,,0,30,,1771,23,,,0,70,,1783,23,,,0,30,,1777,23,,,0,70,,1778,23,,,0,30,,1780,23,,,0,100,,1786,23,,,0,100,,1787,23,,,0,100,,1788,23,,,0,100,,1789,23,,,0,100,,1790,23,,,0
500,'5328',939,,1791,23,,,0,70,,1807,23,,,0,30,,1796,23,,,0,70,,1804,23,,,0,30,,1797,23,,,0,70,,1805,23,,,0,30,,1799,23,,,0,70,,1803,23,,,0,30,,1800,23,,,0,70,,1806,23,,,0,30,,1798,23,,,0,70,,1808,23,,,0,30,,1795,23,,,0,70,,1802,23,,,0,30,,1794,23,,,0,70,,1801,23,,,0,30,,1792,23,,,0,70,,1809,23,,,0,30,,1793,23,,,0,100,,1811,23,,,0,100,,1812,23,,,0,100,,1813,23,,,0,100,,1814,23,,,0,100,,1815,23,,,0
