100,'5323',631,,1219,15,,,0,100,,1220,15,,,0,100,,1221,8,,,0,100,,1222,15,,,0,100,,1223,15,,,0,100,,1224,15,,,0,100,,1225,15,,,0,100,,1226,15,,,0,100,,1227,15,,,0,100,,1228,15,,,0,100,,1229,15,,,0,100,,1230,15,,,0,97,,1231,15,0,5 6,0
100,'5325',831,,1232,8,,,0,100,,1234,15,,,0,100,,1239,15,,,0,100,,1242,15,,,0,100,,1235,15,,,0,100,,1233,15,,,0,100,,1237,15,,,0,100,,1238,15,,,0,100,,1236,15,,,0,100,,1241,15,,,0,97,,1240,15,0,5 6,0
100,'5326',631,,1243,15,,,0,100,,1244,15,,,0,100,,1245,8,,,0,100,,1246,15,,,0,100,,1247,15,,,0,100,,1248,15,,,0,100,,1249,15,,,0,100,,1250,15,,,0,100,,1251,15,,,0,100,,1252,15,,,0,100,,1253,15,,,0,100,,1254,15,,,0,97,,1255,15,0,5 6,0
100,'5328',831,,1256,8,,,0,100,,1259,15,,,0,100,,1263,15,,,0,100,,1266,15,,,0,100,,1258,15,,,0,100,,1257,15,,,0,100,,1261,15,,,0,100,,1262,15,,,0,100,,1260,15,,,0,100,,1265,15,,,0,97,,1264,15,0,5 6,0
101,'5323',812,,1282,28,,,0
101,'5325',812,,1303,5,,,0
101,'5326',812,,1306,28,,,0
101,'5328',812,,1327,5,,,0
300,'5323',701,,1458,10,,,0,100,,1459,10,0,11 12,0,100,,1460,10,,,0,100,,1461,10,,,0,100,,1463,10,,,0,100,,1462,10,,,0,100,,1464,10,,,0,100,,1465,10,,,0,100,,1466,10,,,0,100,,1467,10,,,0,100,,1468,10,,,0,100,,1469,10,,,0
300,'5325',801,,1472,4,0,11 12,0,100,,1473,10,,,0,100,,1474,10,,,0,100,,1471,10,,,0,100,,1475,10,,,0,100,,1476,10,,,0,100,,1477,10,,,0,100,,1478,10,,,0,100,,1479,10,,,0,100,,1480,10,,,0,100,,1481,10,,,0
300,'5326',701,,1482,10,,,0,100,,1483,10,0,11 12,0,100,,1484,10,,,0,100,,1485,10,,,0,100,,1487,10,,,0,100,,1486,10,,,0,100,,1488,10,,,0,100,,1489,10,,,0,100,,1490,10,,,0,100,,1491,10,,,0,100,,1492,10,,,0,100,,1493,10,,,0
300,'5328',901,,1496,10,,,0,100,,1497,10,,,0,100,,1495,10,,,0,100,,1498,10,,,0,100,,1499,10,,,0,100,,1500,10,,,0,100,,1501,10,,,0,100,,1502,10,,,0,100,,1503,10,,,0,100,,1504,10,,,0
3000,'5323',807,,2098,4,,,0,310,,2097,4,,,0,185,,2101,4,,,0,255,,2099,4,,,0,171,,2100,4,,,0
3000,'5325',907,,2102,4,,,0,210,,2103,4,,,0,185,,2105,4,,,0,255,,2104,4,,,0,171,,2106,4,,,0
3000,'5326',807,,2108,4,,,0,310,,2107,4,,,0,185,,2111,4,,,0,255,,2109,4,,,0,171,,2110,4,,,0
3000,'5328',907,,2112,4,,,0,210,,2113,4,,,0,185,,2115,4,,,0,255,,2114,4,,,0,171,,2116,4,,,0
