301,'4833',643,,1505,17,,,0,100,,1506,27,,,0,100,,1507,20,,,0,100,,1508,27,,,0,100,,1509,27,,,0,100,,1510,27,,,0,100,,1511,27,,,0,100,,1512,27,,,0,100,,1513,27,,,0,100,,1514,27,,,0,100,,1515,27,,,0,100,,1516,27,,,0
301,'5323',643,,1518,17,,,0,100,,1519,27,,,0,100,,1520,20,,,0,100,,1521,27,,,0,100,,1522,27,,,0,100,,1523,27,,,0,100,,1524,27,,,0,100,,1525,27,,,0,100,,1526,27,,,0,100,,1527,27,,,0,100,,1528,27,,,0,100,,1529,27,,,0
301,'5325',843,,1533,20,,,0,100,,1531,27,,,0,100,,1534,27,,,0,100,,1532,27,,,0,100,,1535,27,,,0,100,,1536,27,,,0,100,,1537,27,,,0,100,,1538,27,,,0,100,,1539,27,,,0,100,,1541,27,,,0
301,'5326',643,,1542,17,,,0,100,,1543,27,,,0,100,,1544,20,,,0,100,,1545,27,,,0,100,,1546,27,,,0,100,,1547,27,,,0,100,,1548,27,,,0,100,,1549,27,,,0,100,,1550,27,,,0,100,,1551,27,,,0,100,,1552,27,,,0,100,,1553,27,,,0
301,'5328',843,,1557,20,,,0,100,,1555,27,,,0,100,,1558,27,,,0,100,,1556,27,,,0,100,,1559,27,,,0,100,,1560,27,,,0,100,,1561,27,,,0,100,,1562,27,,,0,100,,1563,27,,,0,100,,1565,27,,,0
501,'4833',701,,1816,13,,,0,30,,1826,13,,,0,70,,1817,15,,,0,30,,1838,15,,,0,70,,1819,15,,,0,30,,1827,15,,,0,70,,1820,15,,,0,30,,1828,15,,,0,70,,1821,15,,,0,30,,1829,15,,,0,70,,1818,15,,,0,30,,1830,15,,,0,70,,1823,15,,,0,30,,1831,15,,,0,70,,1822,15,,,0,30,,1832,15,,,0,70,,1824,15,,,0,30,,1839,15,,,0,70,,1825,15,,,0,30,,1837,15,,,0,70,,1833,15,,,0,30,,1834,15,,,0,70,,1835,15,,,0,30,,1836,15,,,0
501,'5322',1231,,1840,15,,,0,100,,1841,15,,,0,100,,1842,15,,,0,100,,1843,15,,,0
501,'5323',701,,1844,13,,,0,30,,1854,13,,,0,70,,1845,15,,,0,30,,1866,15,,,0,70,,1847,15,,,0,30,,1855,15,,,0,70,,1848,15,,,0,30,,1856,15,,,0,70,,1849,15,,,0,30,,1857,15,,,0,70,,1846,15,,,0,30,,1858,15,,,0,70,,1851,15,,,0,30,,1859,15,,,0,70,,1850,15,,,0,30,,1860,15,,,0,70,,1852,15,,,0,30,,1867,15,,,0,70,,1853,15,,,0,30,,1865,15,,,0,70,,1861,15,,,0,30,,1862,15,,,0,70,,1863,15,,,0,30,,1864,15,,,0
501,'5325',901,,1873,13,,,0,30,,1884,13,,,0,70,,1875,15,,,0,30,,1885,15,,,0,70,,1876,15,,,0,30,,1881,15,,,0,70,,1872,15,,,0,30,,1882,15,,,0,70,,1877,15,,,0,30,,1883,15,,,0,70,,1868,15,,,0,30,,1886,15,,,0,70,,1869,15,,,0,30,,1887,15,,,0,70,,1870,15,,,0,30,,1878,15,,,0,70,,1871,15,,,0,30,,1879,15,,,0,70,,1874,15,,,0,30,,1880,15,,,0
501,'5326',701,,1888,13,,,0,30,,1898,13,,,0,70,,1889,15,,,0,30,,1910,15,,,0,70,,1891,15,,,0,30,,1899,15,,,0,70,,1892,15,,,0,30,,1900,15,,,0,70,,1893,15,,,0,30,,1901,15,,,0,70,,1890,15,,,0,30,,1902,15,,,0,70,,1895,15,,,0,30,,1903,15,,,0,70,,1894,15,,,0,30,,1904,15,,,0,70,,1896,15,,,0,30,,1911,15,,,0,70,,1897,15,,,0,30,,1909,15,,,0,70,,1905,15,,,0,30,,1906,15,,,0,70,,1907,15,,,0,30,,1908,15,,,0,70,,1914,15,,,0,100,,1915,15,,,0,100,,1916,15,,,0,100,,1917,15,,,0,100,,1912,15,,,0
501,'5328',901,,1923,13,,,0,30,,1934,13,,,0,70,,1925,15,,,0,30,,1935,15,,,0,70,,1926,15,,,0,30,,1931,15,,,0,70,,1922,15,,,0,30,,1932,15,,,0,70,,1927,15,,,0,30,,1933,15,,,0,70,,1918,15,,,0,30,,1936,15,,,0,70,,1919,15,,,0,30,,1937,15,,,0,70,,1920,15,,,0,30,,1928,15,,,0,70,,1921,15,,,0,30,,1929,15,,,0,70,,1924,15,,,0,30,,1930,15,,,0,70,,1940,15,,,0,100,,1941,15,,,0,100,,1942,15,,,0,100,,1943,15,,,0,100,,1939,15,,,0
1500,'4833',1906,,1989,2,0,13,0,124,,1990,28,0,13,0,123,,1993,28,0,13,0,85,,1995,28,0,13,0
1500,'5323',1906,,1997,2,0,13,0,124,,1998,28,0,13,0,123,,2001,28,0,13,0,85,,2003,28,0,13,0
1500,'5325',1906,,2004,28,0,13,0,124,,2006,28,0,13,0,123,,2009,28,0,13,0,85,,2010,28,0,13,0
1500,'5326',1906,,2012,2,0,13,0,124,,2013,28,0,13,0,123,,2016,28,0,13,0,85,,2018,28,0,13,0
1500,'5328',1906,,2019,28,0,13,0,124,,2021,28,0,13,0,123,,2024,28,0,13,0,85,,2025,28,0,13,0
1601,'5322',943,,2057,23,,,0,100,,2059,23,,,0,100,,2058,23,,,0,100,,2060,23,,,0,100,,2062,23,,,0,100,,2061,23,,,0,100,,2064,23,,,0,100,,2063,23,,,0,100,,2066,23,,,0,100,,2065,23,,,0
2001,'5323',642,,2077,2,0,16 17,0,164,,2078,2,0,16 17,0,295,,2079,2,0,8 9,0,435,,2081,2,0,8 9,0,170,,2080,2,0,8 9,0
2001,'5326',642,,2082,2,0,16 17,0,164,,2083,2,0,16 17,0,295,,2084,2,0,8 9,0,435,,2086,2,0,8 9,0,170,,2085,2,0,8 9,0
