200,'5323',643,,1340,16,,,0,100,,1341,16,,,0,100,,1342,16,,,0,100,,1343,16,,,0,100,,1344,16,,,0,100,,1345,16,,,0,100,,1346,16,,,0,100,,1347,16,,,0,100,,1348,16,,,0,100,,1349,16,,,0,100,,1350,16,,,0,100,,1351,16,,,0
200,'5325',843,,1352,16,,,0,100,,1353,16,,,0,100,,1354,16,,,0,100,,1355,16,,,0,100,,1356,16,,,0,100,,1357,16,,,0,100,,1358,16,,,0,100,,1359,16,,,0,100,,1360,16,,,0,100,,1361,16,,,0
200,'5326',643,,1362,16,,,0,100,,1363,16,,,0,100,,1364,16,,,0,100,,1365,16,,,0,100,,1366,16,,,0,100,,1367,16,,,0,100,,1368,16,,,0,100,,1369,16,,,0,100,,1370,16,,,0,100,,1371,16,,,0,100,,1372,16,,,0,100,,1373,16,,,0
200,'5328',843,,1374,16,,,0,100,,1375,16,,,0,100,,1376,16,,,0,100,,1377,16,,,0,100,,1378,16,,,0,100,,1379,16,,,0,100,,1380,16,,,0,100,,1381,16,,,0,100,,1382,16,,,0,100,,1383,16,,,0
1100,'5323',956,,1976,8,,,0,348,,1977,8,,,0
1100,'5326',956,,1979,8,,,0,348,,1980,8,,,0
1500,'5323',2013,,1999,21,,,0,124,,2000,21,,,0,85,,2002,21,,,0
1500,'5325',2013,,2005,21,,,0,124,,2008,21,,,0,85,,2007,21,,,0
1500,'5326',2013,,2014,21,,,0,124,,2015,21,,,0,85,,2017,21,,,0
1500,'5328',2013,,2020,21,,,0,124,,2023,21,,,0,85,,2022,21,,,0
4000,'5323',843,,2138,28,4,,0,516,,2137,28,4,,0
4000,'5326',843,,2140,28,4,,0,516,,2139,28,4,,0
7001,'5323',844,,2161,12,0,14 15,0,296,,2162,10,0,14 15,0,365,,2163,12,0,14 15,0,305,,2164,10,,,0
7001,'5326',844,,2165,12,0,14 15,0,296,,2166,10,0,14 15,0,365,,2167,12,0,14 15,0,305,,2168,10,,,0
