101,'5323',702,,1281,14,,,0,100,,1282,14,,,0,100,,1283,14,,,0,100,,1284,14,,,0,100,,1286,14,,,0,100,,1285,14,,,0,100,,1288,14,,,0,100,,1287,14,,,0,100,,1289,14,,,0,100,,1290,14,,,0,100,,1291,14,,,0,100,,1292,14,,,0
101,'5325',902,,1297,14,,,0,100,,1299,14,,,0,100,,1293,14,,,0,100,,1295,14,,,0,100,,1298,14,,,0,100,,1296,14,,,0,100,,1300,14,,,0,100,,1294,14,,,0,100,,1301,14,,,0,100,,1302,14,,,0
101,'5326',702,,1305,14,,,0,100,,1306,14,,,0,100,,1307,14,,,0,100,,1308,14,,,0,100,,1310,14,,,0,100,,1309,14,,,0,100,,1312,14,,,0,100,,1311,14,,,0,100,,1313,14,,,0,100,,1314,14,,,0,100,,1315,14,,,0,100,,1316,14,,,0
101,'5328',902,,1321,14,,,0,100,,1323,14,,,0,100,,1317,14,,,0,100,,1319,14,,,0,100,,1322,14,,,0,100,,1320,14,,,0,100,,1324,14,,,0,100,,1318,14,,,0,100,,1325,14,,,0,100,,1326,14,,,0
301,'5323',632,,1518,6,,,0,100,,1519,16,,,0,100,,1520,9,,,0,100,,1521,16,,,0,100,,1522,16,,,0,100,,1523,16,,,0,100,,1524,16,,,0,100,,1525,16,,,0,100,,1526,16,,,0,100,,1527,16,,,0,100,,1528,16,,,0,100,,1529,16,,,0
301,'5325',832,,1533,9,,,0,100,,1531,16,,,0,100,,1534,16,,,0,100,,1532,16,,,0,100,,1535,16,,,0,100,,1536,16,,,0,100,,1537,16,,,0,100,,1538,16,,,0,100,,1539,16,,,0,100,,1541,16,,,0
301,'5326',632,,1542,6,,,0,100,,1543,16,,,0,100,,1544,9,,,0,100,,1545,16,,,0,100,,1546,16,,,0,100,,1547,16,,,0,100,,1548,16,,,0,100,,1549,16,,,0,100,,1550,16,,,0,100,,1551,16,,,0,100,,1552,16,,,0,100,,1553,16,,,0
301,'5328',832,,1557,9,,,0,100,,1555,16,,,0,100,,1558,16,,,0,100,,1556,16,,,0,100,,1559,16,,,0,100,,1560,16,,,0,100,,1561,16,,,0,100,,1562,16,,,0,100,,1563,16,,,0,100,,1565,16,,,0
1500,'5323',1851,,1996,6,0,14 15,0,164,,1998,6,0,13,0,124,,2001,6,0,13,0,85,,2003,6,0,13,0
1500,'5325',1851,,2004,6,0,13,0,164,,2006,6,0,13,0,124,,2009,6,0,13,0,85,,2010,6,0,13,0
1500,'5326',1851,,2011,6,0,14 15,0,164,,2013,6,0,13,0,124,,2016,6,0,13,0,85,,2018,6,0,13,0
1500,'5328',1851,,2019,6,0,13,0,164,,2021,6,0,13,0,124,,2024,6,0,13,0,85,,2025,6,0,13,0
7001,'5323',847,,2161,19,0,14 15,0,296,,2162,17,0,14 15,0,365,,2163,19,0,14 15,0,305,,2164,17,,,0
7001,'5326',847,,2165,19,0,14 15,0,296,,2166,17,0,14 15,0,365,,2167,19,0,14 15,0,305,,2168,17,,,0
