100,'4833',647,,1206,36,,,0,100,,1207,36,,,0,100,,1208,29,,,0,100,,1209,36,,,0,100,,1210,36,,,0,100,,1211,36,,,0,100,,1212,36,,,0,100,,1213,36,,,0,100,,1214,36,,,0,100,,1215,36,,,0,100,,1216,36,,,0,100,,1217,36,,,0
100,'5323',647,,1219,36,,,0,100,,1220,36,,,0,100,,1221,29,,,0,100,,1222,36,,,0,100,,1223,36,,,0,100,,1224,36,,,0,100,,1225,36,,,0,100,,1226,36,,,0,100,,1227,36,,,0,100,,1228,36,,,0,100,,1229,36,,,0,100,,1230,36,,,0
100,'5325',847,,1232,29,,,0,100,,1234,36,,,0,100,,1239,36,,,0,100,,1242,36,,,0,100,,1235,36,,,0,100,,1233,36,,,0,100,,1237,36,,,0,100,,1238,36,,,0,100,,1236,36,,,0,100,,1241,36,,,0
100,'5326',647,,1243,36,,,0,100,,1244,36,,,0,100,,1245,29,,,0,100,,1246,36,,,0,100,,1247,36,,,0,100,,1248,36,,,0,100,,1249,36,,,0,100,,1250,36,,,0,100,,1251,36,,,0,100,,1252,36,,,0,100,,1253,36,,,0,100,,1254,36,,,0
100,'5328',847,,1256,29,,,0,100,,1259,36,,,0,100,,1263,36,,,0,100,,1266,36,,,0,100,,1258,36,,,0,100,,1257,36,,,0,100,,1261,36,,,0,100,,1262,36,,,0,100,,1260,36,,,0,100,,1265,36,,,0
1600,'5322',915,,2046,27,,,0,100,,2049,33,,,0,100,,2048,33,,,0,100,,2047,33,,,0,100,,2050,33,,,0,100,,2051,33,,,0,100,,2052,33,,,0,100,,2053,33,,,0,100,,2054,33,,,0,100,,2056,33,,,0
3000,'5323',816,,2098,21,,,0,310,,2097,21,,,0,185,,2101,21,,,0,295,,2099,21,,,0,131,,2100,21,,,0
3000,'5325',916,,2102,21,,,0,210,,2103,21,,,0,185,,2105,21,,,0,295,,2104,21,,,0,131,,2106,21,,,0
3000,'5326',816,,2108,21,,,0,310,,2107,21,,,0,185,,2111,21,,,0,295,,2109,21,,,0,131,,2110,21,,,0
3000,'5328',916,,2112,21,,,0,210,,2113,21,,,0,185,,2115,21,,,0,295,,2114,21,,,0,131,,2116,21,,,0
7000,'5323',616,,2153,40,,,0,305,,2154,23,,,0,324,,2155,23,,,0,300,,2156,23,,,0
7000,'5326',616,,2157,40,,,0,305,,2158,23,,,0,324,,2159,23,,,0,300,,2160,23,,,0
