500,'4833',710,,1690,2,,,0,30,,1712,2,,,0,70,,1692,2,,,0,30,,1710,2,,,0,70,,1693,2,,,0,30,,1700,2,,,0,70,,1694,2,,,0,30,,1701,2,,,0,70,,1691,2,,,0,30,,1702,2,,,0,70,,1696,2,,,0,30,,1703,2,,,0,70,,1695,2,,,0,30,,1704,2,,,0,70,,1697,2,,,0,30,,1707,2,,,0,70,,1698,2,,,0,30,,1713,2,,,0,70,,1699,2,,,0,30,,1711,2,,,0,70,,1705,2,,,0,30,,1706,2,,,0,70,,1708,2,,,0,30,,1709,2,0,13,0
500,'5322',1240,,1714,2,,,0,100,,1715,2,,,0,100,,1716,2,,,0,100,,1717,2,,,0
500,'5323',710,,1718,2,,,0,30,,1740,2,,,0,70,,1720,2,,,0,30,,1738,2,,,0,70,,1721,2,,,0,30,,1728,2,,,0,70,,1722,2,,,0,30,,1729,2,,,0,70,,1719,2,,,0,30,,1730,2,,,0,70,,1724,2,,,0,30,,1731,2,,,0,70,,1723,2,,,0,30,,1732,2,,,0,70,,1725,2,,,0,30,,1735,2,,,0,70,,1726,2,,,0,30,,1741,2,,,0,70,,1727,2,,,0,30,,1739,2,,,0,70,,1733,2,,,0,30,,1734,2,,,0,70,,1736,2,,,0,30,,1737,2,0,13,0
500,'5325',910,,1742,2,,,0,30,,1758,2,,,0,70,,1747,2,,,0,30,,1755,2,,,0,70,,1748,2,,,0,30,,1756,2,,,0,70,,1750,2,,,0,30,,1754,2,,,0,70,,1751,2,,,0,30,,1757,2,,,0,70,,1749,2,,,0,30,,1759,2,,,0,70,,1746,2,,,0,30,,1753,2,,,0,70,,1745,2,,,0,30,,1752,2,,,0,70,,1743,2,,,0,30,,1760,2,,,0,70,,1744,2,,,0,30,,1761,2,0,13,0
500,'5326',710,,1762,2,,,0,30,,1784,2,,,0,70,,1764,2,,,0,30,,1782,2,,,0,70,,1765,2,,,0,30,,1772,2,,,0,70,,1766,2,,,0,30,,1773,2,,,0,70,,1763,2,,,0,30,,1774,2,,,0,70,,1768,2,,,0,30,,1775,2,,,0,70,,1767,2,,,0,30,,1776,2,,,0,70,,1769,2,,,0,30,,1779,2,,,0,70,,1770,2,,,0,30,,1785,2,,,0,70,,1771,2,,,0,30,,1783,2,,,0,70,,1777,2,,,0,30,,1778,2,,,0,70,,1780,2,,,0,30,,1781,2,0,13,0,70,,1786,2,,,0,100,,1787,2,,,0,100,,1788,2,,,0,100,,1789,2,,,0,100,,1790,2,,,0
500,'5328',910,,1791,2,,,0,30,,1807,2,,,0,70,,1796,2,,,0,30,,1804,2,,,0,70,,1797,2,,,0,30,,1805,2,,,0,70,,1799,2,,,0,30,,1803,2,,,0,70,,1800,2,,,0,30,,1806,2,,,0,70,,1798,2,,,0,30,,1808,2,,,0,70,,1795,2,,,0,30,,1802,2,,,0,70,,1794,2,,,0,30,,1801,2,,,0,70,,1792,2,,,0,30,,1809,2,,,0,70,,1793,2,,,0,30,,1810,2,0,13,0,70,,1811,2,,,0,100,,1812,2,,,0,100,,1813,2,,,0,100,,1814,2,,,0,100,,1815,2,,,0
1500,'4833',1910,,1989,9,0,13,0,124,,1990,35,0,13,0,123,,1993,35,0,13,0,85,,1995,35,0,13,0
1500,'5323',1910,,1997,9,0,13,0,124,,1998,35,0,13,0,123,,2001,35,0,13,0,85,,2003,35,0,13,0
1500,'5325',1910,,2004,35,0,13,0,124,,2006,35,0,13,0,123,,2009,35,0,13,0,85,,2010,35,0,13,0
1500,'5326',1910,,2012,9,0,13,0,124,,2013,35,0,13,0,123,,2016,35,0,13,0,85,,2018,35,0,13,0
1500,'5328',1910,,2019,35,0,13,0,124,,2021,35,0,13,0,123,,2024,35,0,13,0,85,,2025,35,0,13,0
1601,'5322',947,,2057,30,,,0,100,,2059,30,,,0,100,,2058,30,,,0,100,,2060,30,,,0,100,,2062,30,,,0,100,,2061,30,,,0,100,,2064,30,,,0,100,,2063,30,,,0,100,,2066,30,,,0,100,,2065,30,,,0
7000,'5323',556,,2153,8,,,0
7000,'5326',556,,2157,8,,,0
