100,'4833',631,,1206,13,,,0,100,,1207,13,,,0,100,,1208,6,,,0,100,,1209,13,,,0,100,,1210,13,,,0,100,,1211,13,,,0,100,,1212,13,,,0,100,,1213,13,,,0,100,,1214,13,,,0,100,,1215,13,,,0,100,,1216,13,,,0,100,,1217,13,,,0,97,,1218,13,0,5 6,0
100,'5323',631,,1219,13,,,0,100,,1220,13,,,0,100,,1221,6,,,0,100,,1222,13,,,0,100,,1223,13,,,0,100,,1224,13,,,0,100,,1225,13,,,0,100,,1226,13,,,0,100,,1227,13,,,0,100,,1228,13,,,0,100,,1229,13,,,0,100,,1230,13,,,0,97,,1231,13,0,5 6,0
100,'5325',831,,1232,6,,,0,100,,1234,13,,,0,100,,1239,13,,,0,100,,1242,13,,,0,100,,1235,13,,,0,100,,1233,13,,,0,100,,1237,13,,,0,100,,1238,13,,,0,100,,1236,13,,,0,100,,1241,13,,,0,97,,1240,13,0,5 6,0
100,'5326',631,,1243,13,,,0,100,,1244,13,,,0,100,,1245,6,,,0,100,,1246,13,,,0,100,,1247,13,,,0,100,,1248,13,,,0,100,,1249,13,,,0,100,,1250,13,,,0,100,,1251,13,,,0,100,,1252,13,,,0,100,,1253,13,,,0,100,,1254,13,,,0,97,,1255,13,0,5 6,0
100,'5328',831,,1256,6,,,0,100,,1259,13,,,0,100,,1263,13,,,0,100,,1266,13,,,0,100,,1258,13,,,0,100,,1257,13,,,0,100,,1261,13,,,0,100,,1262,13,,,0,100,,1260,13,,,0,100,,1265,13,,,0,97,,1264,13,0,5 6,0
101,'4833',811,,1269,26,,,0
101,'5323',811,,1282,26,,,0
101,'5325',811,,1303,3,,,0
101,'5326',811,,1306,26,,,0
101,'5328',811,,1327,3,,,0
300,'4833',701,,1445,8,,,0,100,,1446,8,0,11 12,0,100,,1447,8,,,0,100,,1448,8,,,0,100,,1450,8,,,0,100,,1449,8,,,0,100,,1451,8,,,0,100,,1452,8,,,0,100,,1453,8,,,0,100,,1454,8,,,0,100,,1455,8,,,0,100,,1456,8,,,0
300,'5323',701,,1458,8,,,0,100,,1459,8,0,11 12,0,100,,1460,8,,,0,100,,1461,8,,,0,100,,1463,8,,,0,100,,1462,8,,,0,100,,1464,8,,,0,100,,1465,8,,,0,100,,1466,8,,,0,100,,1467,8,,,0,100,,1468,8,,,0,100,,1469,8,,,0
300,'5325',801,,1472,2,0,11 12,0,100,,1473,8,,,0,100,,1474,8,,,0,100,,1471,8,,,0,100,,1475,8,,,0,100,,1476,8,,,0,100,,1477,8,,,0,100,,1478,8,,,0,100,,1479,8,,,0,100,,1480,8,,,0,100,,1481,8,,,0
300,'5326',701,,1482,8,,,0,100,,1483,8,0,11 12,0,100,,1484,8,,,0,100,,1485,8,,,0,100,,1487,8,,,0,100,,1486,8,,,0,100,,1488,8,,,0,100,,1489,8,,,0,100,,1490,8,,,0,100,,1491,8,,,0,100,,1492,8,,,0,100,,1493,8,,,0
300,'5328',901,,1496,8,,,0,100,,1497,8,,,0,100,,1495,8,,,0,100,,1498,8,,,0,100,,1499,8,,,0,100,,1500,8,,,0,100,,1501,8,,,0,100,,1502,8,,,0,100,,1503,8,,,0,100,,1504,8,,,0
3000,'5323',806,,2098,2,,,0,310,,2097,2,,,0,185,,2101,2,,,0,255,,2099,2,,,0,171,,2100,2,,,0
3000,'5325',906,,2102,2,,,0,210,,2103,2,,,0,185,,2105,2,,,0,255,,2104,2,,,0,171,,2106,2,,,0
3000,'5326',806,,2108,2,,,0,310,,2107,2,,,0,185,,2111,2,,,0,255,,2109,2,,,0,171,,2110,2,,,0
3000,'5328',906,,2112,2,,,0,210,,2113,2,,,0,185,,2115,2,,,0,255,,2114,2,,,0,171,,2116,2,,,0
4000,'5323',826,,2138,13,4,,0,516,,2137,13,4,,0
4000,'5326',826,,2140,13,4,,0,516,,2139,13,4,,0
