501,'4833',707,,1816,20,,,0,30,,1826,20,,,0,70,,1817,22,,,0,30,,1838,22,,,0,70,,1819,22,,,0,30,,1827,22,,,0,70,,1820,22,,,0,30,,1828,22,,,0,70,,1821,22,,,0,30,,1829,22,,,0,70,,1818,22,,,0,30,,1830,22,,,0,70,,1823,22,,,0,30,,1831,22,,,0,70,,1822,22,,,0,30,,1832,22,,,0,70,,1824,22,,,0,30,,1839,22,,,0,70,,1825,22,,,0,30,,1837,22,,,0,70,,1833,22,,,0,30,,1834,22,,,0,70,,1835,22,,,0,30,,1836,22,,,0
501,'5322',1237,,1840,22,,,0,100,,1841,22,,,0,100,,1842,22,,,0,100,,1843,22,,,0
501,'5323',707,,1844,20,,,0,30,,1854,20,,,0,70,,1845,22,,,0,30,,1866,22,,,0,70,,1847,22,,,0,30,,1855,22,,,0,70,,1848,22,,,0,30,,1856,22,,,0,70,,1849,22,,,0,30,,1857,22,,,0,70,,1846,22,,,0,30,,1858,22,,,0,70,,1851,22,,,0,30,,1859,22,,,0,70,,1850,22,,,0,30,,1860,22,,,0,70,,1852,22,,,0,30,,1867,22,,,0,70,,1853,22,,,0,30,,1865,22,,,0,70,,1861,22,,,0,30,,1862,22,,,0,70,,1863,22,,,0,30,,1864,22,,,0
501,'5325',907,,1873,20,,,0,30,,1884,20,,,0,70,,1875,22,,,0,30,,1885,22,,,0,70,,1876,22,,,0,30,,1881,22,,,0,70,,1872,22,,,0,30,,1882,22,,,0,70,,1877,22,,,0,30,,1883,22,,,0,70,,1868,22,,,0,30,,1886,22,,,0,70,,1869,22,,,0,30,,1887,22,,,0,70,,1870,22,,,0,30,,1878,22,,,0,70,,1871,22,,,0,30,,1879,22,,,0,70,,1874,22,,,0,30,,1880,22,,,0
501,'5326',707,,1888,20,,,0,30,,1898,20,,,0,70,,1889,22,,,0,30,,1910,22,,,0,70,,1891,22,,,0,30,,1899,22,,,0,70,,1892,22,,,0,30,,1900,22,,,0,70,,1893,22,,,0,30,,1901,22,,,0,70,,1890,22,,,0,30,,1902,22,,,0,70,,1895,22,,,0,30,,1903,22,,,0,70,,1894,22,,,0,30,,1904,22,,,0,70,,1896,22,,,0,30,,1911,22,,,0,70,,1897,22,,,0,30,,1909,22,,,0,70,,1905,22,,,0,30,,1906,22,,,0,70,,1907,22,,,0,30,,1908,22,,,0,70,,1914,22,,,0,100,,1915,22,,,0,100,,1916,22,,,0,100,,1917,22,,,0,100,,1912,22,,,0
501,'5328',907,,1923,20,,,0,30,,1934,20,,,0,70,,1925,22,,,0,30,,1935,22,,,0,70,,1926,22,,,0,30,,1931,22,,,0,70,,1922,22,,,0,30,,1932,22,,,0,70,,1927,22,,,0,30,,1933,22,,,0,70,,1918,22,,,0,30,,1936,22,,,0,70,,1919,22,,,0,30,,1937,22,,,0,70,,1920,22,,,0,30,,1928,22,,,0,70,,1921,22,,,0,30,,1929,22,,,0,70,,1924,22,,,0,30,,1930,22,,,0,70,,1940,22,,,0,100,,1941,22,,,0,100,,1942,22,,,0,100,,1943,22,,,0,100,,1939,22,,,0
1500,'4833',1908,,1989,5,0,13,0,124,,1990,31,0,13,0,123,,1993,31,0,13,0,85,,1995,31,0,13,0
1500,'5323',1908,,1997,5,0,13,0,124,,1998,31,0,13,0,123,,2001,31,0,13,0,85,,2003,31,0,13,0
1500,'5325',1908,,2004,31,0,13,0,124,,2006,31,0,13,0,123,,2009,31,0,13,0,85,,2010,31,0,13,0
1500,'5326',1908,,2012,5,0,13,0,124,,2013,31,0,13,0,123,,2016,31,0,13,0,85,,2018,31,0,13,0
1500,'5328',1908,,2019,31,0,13,0,124,,2021,31,0,13,0,123,,2024,31,0,13,0,85,,2025,31,0,13,0
1601,'5322',945,,2057,26,,,0,100,,2059,26,,,0,100,,2058,26,,,0,100,,2060,26,,,0,100,,2062,26,,,0,100,,2061,26,,,0,100,,2064,26,,,0,100,,2063,26,,,0,100,,2066,26,,,0,100,,2065,26,,,0
2001,'5323',644,,2077,5,0,16 17,0,164,,2078,5,0,16 17,0,295,,2079,5,0,8 9,0,435,,2081,5,0,8 9,0,170,,2080,5,0,8 9,0
2001,'5326',644,,2082,5,0,16 17,0,164,,2083,5,0,16 17,0,295,,2084,5,0,8 9,0,435,,2086,5,0,8 9,0,170,,2085,5,0,8 9,0
7000,'5323',553,,2153,4,,,0
7000,'5326',553,,2157,4,,,0
