300,'4833',817,,1446,35,0,11 12,0
300,'5323',817,,1459,35,0,11 12,0
300,'5325',817,,1472,29,0,11 12,0
300,'5326',817,,1483,35,0,11 12,0
500,'4833',737,,1690,21,,,0,70,,1712,21,,,0,30,,1692,21,,,0,70,,1710,21,,,0,30,,1693,21,,,0,70,,1700,21,,,0,30,,1694,21,,,0,70,,1701,21,,,0,30,,1691,21,,,0,70,,1702,21,,,0,30,,1696,21,,,0,70,,1703,21,,,0,30,,1695,21,,,0,70,,1704,21,,,0,30,,1697,21,,,0,70,,1707,21,,,0,30,,1698,21,,,0,70,,1713,21,,,0,30,,1699,21,,,0,70,,1711,21,,,0,30,,1705,21,,,0,70,,1706,21,,,0,30,,1708,21,,,0
500,'5322',1307,,1714,21,,,0,100,,1715,21,,,0,100,,1716,21,,,0,100,,1717,21,,,0
500,'5323',737,,1718,21,,,0,70,,1740,21,,,0,30,,1720,21,,,0,70,,1738,21,,,0,30,,1721,21,,,0,70,,1728,21,,,0,30,,1722,21,,,0,70,,1729,21,,,0,30,,1719,21,,,0,70,,1730,21,,,0,30,,1724,21,,,0,70,,1731,21,,,0,30,,1723,21,,,0,70,,1732,21,,,0,30,,1725,21,,,0,70,,1735,21,,,0,30,,1726,21,,,0,70,,1741,21,,,0,30,,1727,21,,,0,70,,1739,21,,,0,30,,1733,21,,,0,70,,1734,21,,,0,30,,1736,21,,,0
500,'5325',937,,1742,21,,,0,70,,1758,21,,,0,30,,1747,21,,,0,70,,1755,21,,,0,30,,1748,21,,,0,70,,1756,21,,,0,30,,1750,21,,,0,70,,1754,21,,,0,30,,1751,21,,,0,70,,1757,21,,,0,30,,1749,21,,,0,70,,1759,21,,,0,30,,1746,21,,,0,70,,1753,21,,,0,30,,1745,21,,,0,70,,1752,21,,,0,30,,1743,21,,,0,70,,1760,21,,,0,30,,1744,21,,,0
500,'5326',737,,1762,21,,,0,70,,1784,21,,,0,30,,1764,21,,,0,70,,1782,21,,,0,30,,1765,21,,,0,70,,1772,21,,,0,30,,1766,21,,,0,70,,1773,21,,,0,30,,1763,21,,,0,70,,1774,21,,,0,30,,1768,21,,,0,70,,1775,21,,,0,30,,1767,21,,,0,70,,1776,21,,,0,30,,1769,21,,,0,70,,1779,21,,,0,30,,1770,21,,,0,70,,1785,21,,,0,30,,1771,21,,,0,70,,1783,21,,,0,30,,1777,21,,,0,70,,1778,21,,,0,30,,1780,21,,,0,100,,1786,21,,,0,100,,1787,21,,,0,100,,1788,21,,,0,100,,1789,21,,,0,100,,1790,21,,,0
500,'5328',937,,1791,21,,,0,70,,1807,21,,,0,30,,1796,21,,,0,70,,1804,21,,,0,30,,1797,21,,,0,70,,1805,21,,,0,30,,1799,21,,,0,70,,1803,21,,,0,30,,1800,21,,,0,70,,1806,21,,,0,30,,1798,21,,,0,70,,1808,21,,,0,30,,1795,21,,,0,70,,1802,21,,,0,30,,1794,21,,,0,70,,1801,21,,,0,30,,1792,21,,,0,70,,1809,21,,,0,30,,1793,21,,,0,100,,1811,21,,,0,100,,1812,21,,,0,100,,1813,21,,,0,100,,1814,21,,,0,100,,1815,21,,,0
