101,'5323',819,,1282,35,,,0
101,'5325',819,,1303,12,,,0
101,'5326',819,,1306,35,,,0
101,'5328',819,,1327,12,,,0
1500,'5323',1907,,1997,4,0,13,0,124,,1998,30,0,13,0,123,,2001,30,0,13,0,85,,2003,30,0,13,0
1500,'5325',1907,,2004,30,0,13,0,124,,2006,30,0,13,0,123,,2009,30,0,13,0,85,,2010,30,0,13,0
1500,'5326',1907,,2012,4,0,13,0,124,,2013,30,0,13,0,123,,2016,30,0,13,0,85,,2018,30,0,13,0
1500,'5328',1907,,2019,30,0,13,0,124,,2021,30,0,13,0,123,,2024,30,0,13,0,85,,2025,30,0,13,0
1601,'5210',944,,2057,25,,,0,100,,2059,25,,,0,100,,2058,25,,,0,100,,2060,25,,,0,100,,2062,25,,,0,100,,2061,25,,,0,100,,2064,25,,,0,100,,2063,25,,,0,100,,2066,25,,,0,100,,2065,25,,,0
2001,'5323',643,,2077,4,0,16 17,0,164,,2078,4,0,16 17,0,295,,2079,4,0,8 9,0,435,,2081,4,0,8 9,0,170,,2080,4,0,8 9,0
2001,'5326',643,,2082,4,0,16 17,0,164,,2083,4,0,16 17,0,295,,2084,4,0,8 9,0,435,,2086,4,0,8 9,0,170,,2085,4,0,8 9,0
7000,'5323',552,,2153,3,,,0
7000,'5326',552,,2157,3,,,0
