500,'4833',731,,1690,13,,,0,70,,1712,13,,,0,30,,1692,13,,,0,70,,1710,13,,,0,30,,1693,13,,,0,70,,1700,13,,,0,30,,1694,13,,,0,70,,1701,13,,,0,30,,1691,13,,,0,70,,1702,13,,,0,30,,1696,13,,,0,70,,1703,13,,,0,30,,1695,13,,,0,70,,1704,13,,,0,30,,1697,13,,,0,70,,1707,13,,,0,30,,1698,13,,,0,70,,1713,13,,,0,30,,1699,13,,,0,70,,1711,13,,,0,30,,1705,13,,,0,70,,1706,13,,,0,30,,1708,13,,,0
500,'5322',1301,,1714,13,,,0,100,,1715,13,,,0,100,,1716,13,,,0,100,,1717,13,,,0
500,'5323',731,,1718,13,,,0,70,,1740,13,,,0,30,,1720,13,,,0,70,,1738,13,,,0,30,,1721,13,,,0,70,,1728,13,,,0,30,,1722,13,,,0,70,,1729,13,,,0,30,,1719,13,,,0,70,,1730,13,,,0,30,,1724,13,,,0,70,,1731,13,,,0,30,,1723,13,,,0,70,,1732,13,,,0,30,,1725,13,,,0,70,,1735,13,,,0,30,,1726,13,,,0,70,,1741,13,,,0,30,,1727,13,,,0,70,,1739,13,,,0,30,,1733,13,,,0,70,,1734,13,,,0,30,,1736,13,,,0
500,'5325',931,,1742,13,,,0,70,,1758,13,,,0,30,,1747,13,,,0,70,,1755,13,,,0,30,,1748,13,,,0,70,,1756,13,,,0,30,,1750,13,,,0,70,,1754,13,,,0,30,,1751,13,,,0,70,,1757,13,,,0,30,,1749,13,,,0,70,,1759,13,,,0,30,,1746,13,,,0,70,,1753,13,,,0,30,,1745,13,,,0,70,,1752,13,,,0,30,,1743,13,,,0,70,,1760,13,,,0,30,,1744,13,,,0
500,'5326',731,,1762,13,,,0,70,,1784,13,,,0,30,,1764,13,,,0,70,,1782,13,,,0,30,,1765,13,,,0,70,,1772,13,,,0,30,,1766,13,,,0,70,,1773,13,,,0,30,,1763,13,,,0,70,,1774,13,,,0,30,,1768,13,,,0,70,,1775,13,,,0,30,,1767,13,,,0,70,,1776,13,,,0,30,,1769,13,,,0,70,,1779,13,,,0,30,,1770,13,,,0,70,,1785,13,,,0,30,,1771,13,,,0,70,,1783,13,,,0,30,,1777,13,,,0,70,,1778,13,,,0,30,,1780,13,,,0,100,,1786,13,,,0,100,,1787,13,,,0,100,,1788,13,,,0,100,,1789,13,,,0,100,,1790,13,,,0
500,'5328',931,,1791,13,,,0,70,,1807,13,,,0,30,,1796,13,,,0,70,,1804,13,,,0,30,,1797,13,,,0,70,,1805,13,,,0,30,,1799,13,,,0,70,,1803,13,,,0,30,,1800,13,,,0,70,,1806,13,,,0,30,,1798,13,,,0,70,,1808,13,,,0,30,,1795,13,,,0,70,,1802,13,,,0,30,,1794,13,,,0,70,,1801,13,,,0,30,,1792,13,,,0,70,,1809,13,,,0,30,,1793,13,,,0,100,,1811,13,,,0,100,,1812,13,,,0,100,,1813,13,,,0,100,,1814,13,,,0,100,,1815,13,,,0
1501,'4833',1926,,2026,15,0,7,0,124,,2028,15,0,7,0
1501,'5323',1926,,2030,15,0,7,0,124,,2032,15,0,7,0
1501,'5325',1926,,2035,15,0,7,0,124,,2036,15,0,7,0
1501,'5326',1926,,2038,15,0,7,0,124,,2040,15,0,7,0
1501,'5328',1926,,2043,15,0,7,0,124,,2044,15,0,7,0
1600,'5322',901,,2046,2,,,0,100,,2049,8,,,0,100,,2048,8,,,0,100,,2047,8,,,0,100,,2050,8,,,0,100,,2051,8,,,0,100,,2052,8,,,0,100,,2053,8,,,0,100,,2054,8,,,0,100,,2056,8,,,0
