300,'4332',811,,879,19,0,11 12,0
300,'4480',811,,890,25,0,11 12,0
400,'4332',828,,929,39,4,,0,100,,932,39,4,,0,100,,926,39,4,,0,100,,927,39,4,,0,100,,930,39,4,,0,100,,931,39,4,,0,100,,928,39,4,,0,100,,933,39,4,,0,100,,934,39,4,,0,100,,935,39,4,,0,110,,937,24,4,,0
400,'4480',728,,938,39,4,,0,100,,943,39,4,,0,100,,944,39,4,,0,100,,945,39,4,,0,100,,947,39,4,,0,100,,948,39,4,,0,100,,949,39,4,,0,100,,950,39,4,,0,100,,946,39,4,,0,100,,941,39,4,,0,100,,942,39,4,,0,110,,939,24,4,,0
401,'4332',828,,951,1,,,0,100,,953,1,,,0,100,,954,1,,,0,100,,952,1,,,0,100,,956,1,,,0,100,,955,1,,,0,100,,957,1,,,0,100,,958,1,,,0,100,,959,1,,,0,100,,960,1,,,0,110,,961,1,0,7 6,0
401,'4480',728,,969,1,,,0,100,,970,1,,,0,100,,971,1,,,0,100,,972,1,,,0,100,,973,1,,,0,100,,974,1,,,0,100,,966,1,,,0,100,,967,1,,,0,100,,964,1,,,0,100,,963,1,,,0,100,,965,1,,,0,110,,962,1,0,7 6,0
500,'4480',809,,1017,26,0,11 12,0
501,'4480',1528,,1062,18,0,11 12,0
1500,'4332',1858,,1083,15,0,13,0,164,,1085,15,0,13,0,123,,1088,15,0,13,0,85,,1089,15,0,13,0
1500,'4480',1858,,1090,15,0,14 15,0,164,,1093,15,0,13,0,123,,1095,15,0,13,0,85,,1097,15,0,13,0
1501,'4332',1933,,1099,27,0,7,0,124,,1100,27,0,7,0
1501,'4480',1933,,1102,27,0,7,0,124,,1104,27,0,7,0
