100,'4833',619,,1206,4,,,0,100,,1207,4,,,0,200,,1209,4,,,0,100,,1210,4,,,0,100,,1211,4,,,0,100,,1212,4,,,0,100,,1213,4,,,0,100,,1214,4,,,0,100,,1215,4,,,0,100,,1216,4,,,0,100,,1217,4,,,0,100,,1218,4,0,5 6,0
100,'5323',619,,1219,4,,,0,100,,1220,4,,,0,200,,1222,4,,,0,100,,1223,4,,,0,100,,1224,4,,,0,100,,1225,4,,,0,100,,1226,4,,,0,100,,1227,4,,,0,100,,1228,4,,,0,100,,1229,4,,,0,100,,1230,4,,,0,100,,1231,4,0,5 6,0
100,'5325',919,,1234,4,,,0,100,,1239,4,,,0,100,,1242,4,,,0,100,,1235,4,,,0,100,,1233,4,,,0,100,,1237,4,,,0,100,,1238,4,,,0,100,,1236,4,,,0,100,,1241,4,,,0,100,,1240,4,0,5 6,0
100,'5326',619,,1243,4,,,0,100,,1244,4,,,0,200,,1246,4,,,0,100,,1247,4,,,0,100,,1248,4,,,0,100,,1249,4,,,0,100,,1250,4,,,0,100,,1251,4,,,0,100,,1252,4,,,0,100,,1253,4,,,0,100,,1254,4,,,0,100,,1255,4,0,5 6,0
100,'5328',919,,1259,4,,,0,100,,1263,4,,,0,100,,1266,4,,,0,100,,1258,4,,,0,100,,1257,4,,,0,100,,1261,4,,,0,100,,1262,4,,,0,100,,1260,4,,,0,100,,1265,4,,,0,100,,1264,4,0,5 6,0
1501,'4833',1921,,2026,11,0,7,0,124,,2028,11,0,7,0
1501,'5323',1921,,2030,11,0,7,0,124,,2032,11,0,7,0
1501,'5325',1921,,2035,11,0,7,0,124,,2036,11,0,7,0
1501,'5326',1921,,2038,11,0,7,0,124,,2040,11,0,7,0
1501,'5328',1921,,2043,11,0,7,0,124,,2044,11,0,7,0
2000,'5323',751,,2067,20,0,8 9,0,170,,2068,20,0,8 9,0,300,,2069,20,0,8 9,0,429,,2071,12,0,10,0,170,,2070,12,0,10,0
2000,'5326',751,,2072,20,0,8 9,0,170,,2073,20,0,8 9,0,300,,2074,20,0,8 9,0,429,,2076,12,0,10,0,170,,2075,12,0,10,0
7001,'5323',1834,,2164,41,4,,0
7001,'5326',1834,,2168,41,4,,0
