100,'4332',830,,784,5,,,0,100,,786,12,,,0,100,,790,12,,,0,100,,794,12,,,0,100,,787,12,,,0,100,,785,12,,,0,100,,791,12,,,0,100,,789,12,,,0,100,,788,12,,,0,100,,793,12,,,0,97,,792,12,0,5 6,0
100,'4480',630,,795,12,,,0,100,,796,12,,,0,100,,797,5,,,0,100,,798,12,,,0,100,,799,12,,,0,100,,800,12,,,0,100,,801,12,,,0,100,,802,12,,,0,100,,803,12,,,0,100,,804,12,,,0,100,,805,12,,,0,100,,806,12,,,0,97,,807,12,0,5 6,0
101,'4332',810,,818,2,,,0
101,'4480',810,,821,25,,,0
300,'4332',800,,1159,1,0,11 12,0,100,,1160,7,,,0,100,,1161,7,,,0,100,,1158,7,,,0,100,,1162,7,,,0,100,,1163,7,,,0,100,,1164,7,,,0,100,,1165,7,,,0,100,,1166,7,,,0,100,,1167,7,,,0,100,,1168,7,,,0
300,'4480',700,,1169,7,,,0,100,,1170,7,0,11 12,0,100,,1171,7,,,0,100,,1172,7,,,0,100,,1174,7,,,0,100,,1173,7,,,0,100,,1175,7,,,0,100,,1176,7,,,0,100,,1177,7,,,0,100,,1178,7,,,0,100,,1179,7,,,0,100,,1180,7,,,0
500,'4327',1300,,490,12,,,0,100,,491,12,,,0,100,,492,12,,,0,100,,493,12,,,0
500,'4332',930,,975,12,,,0,70,,991,12,,,0,30,,980,12,,,0,70,,988,12,,,0,30,,981,12,,,0,70,,989,12,,,0,30,,983,12,,,0,70,,987,12,,,0,30,,984,12,,,0,70,,990,12,,,0,30,,982,12,,,0,70,,992,12,,,0,30,,979,12,,,0,70,,986,12,,,0,30,,978,12,,,0,70,,985,12,,,0,30,,976,12,,,0,70,,993,12,,,0,30,,977,12,,,0
500,'4480',730,,995,12,,,0,70,,1017,12,0,11 12,0,30,,997,12,,,0,70,,1015,12,,,0,30,,998,12,,,0,70,,1005,12,,,0,30,,999,12,,,0,70,,1006,12,,,0,30,,996,12,,,0,70,,1007,12,,,0,30,,1001,12,,,0,70,,1008,12,,,0,30,,1000,12,,,0,70,,1009,12,,,0,30,,1002,12,,,0,70,,1011,12,,,0,30,,1003,12,,,0,73,,1018,12,,,0,27,,1004,12,,,0,70,,1016,12,,,0,30,,1010,12,,,0,70,,1012,12,,,0,30,,1013,12,,,0
501,'4327',1230,,586,14,,,0,100,,587,14,,,0,100,,588,14,,,0,100,,589,14,,,0
501,'4332',900,,1024,12,,,0,30,,1035,12,,,0,70,,1026,14,,,0,30,,1036,14,,,0,70,,1027,14,,,0,30,,1032,14,,,0,70,,1023,14,,,0,30,,1033,14,,,0,70,,1028,14,,,0,30,,1034,14,,,0,70,,1019,14,,,0,30,,1037,14,,,0,70,,1020,14,,,0,30,,1038,14,,,0,70,,1021,14,,,0,30,,1029,14,,,0,70,,1022,14,,,0,30,,1030,14,,,0,70,,1025,14,,,0,30,,1031,14,,,0
501,'4480',700,,1039,12,,,0,30,,1049,12,,,0,70,,1040,14,,,0,34,,1061,14,,,0,66,,1042,14,,,0,30,,1050,14,,,0,70,,1043,14,,,0,30,,1051,14,,,0,70,,1044,14,,,0,30,,1052,14,,,0,70,,1041,14,,,0,30,,1053,14,,,0,70,,1046,14,,,0,30,,1054,14,,,0,70,,1045,14,,,0,30,,1055,14,,,0,70,,1047,14,,,0,40,,1062,30,0,11 12,0,60,,1048,14,,,0,33,,1060,14,,,0,67,,1056,14,,,0,30,,1057,14,,,0,70,,1058,14,,,0,30,,1059,14,,,0
1000,'4332',802,,1063,1,,,0,428,,1064,1,,,0,407,,1065,1,,,0
1000,'4480',640,,1066,1,,,0,162,,1067,1,,,0,428,,1068,1,,,0,407,,1069,1,,,0
1001,'4332',920,,1070,27,4,,0,434,,1071,27,4,,0,402,,1072,27,4,,0
1001,'4480',755,,1073,27,4,,0,165,,1074,27,4,,0,434,,1075,27,4,,0,402,,1076,27,4,,0
1500,'4332',2000,,1084,6,,,0,124,,1087,6,,,0,85,,1086,6,,,0
1500,'4480',2000,,1092,6,,,0,124,,1094,6,,,0,85,,1096,6,,,0
1501,'4332',1925,,1099,14,0,7,0,124,,1100,14,0,7,0
1501,'4480',1925,,1102,14,0,7,0,124,,1104,14,0,7,0
1600,'4327',900,,663,1,,,0,100,,666,7,,,0,100,,665,7,,,0,100,,664,7,,,0,100,,667,7,,,0,100,,668,7,,,0,100,,669,7,,,0,100,,670,7,,,0,100,,671,7,,,0,100,,672,7,4,,0
3000,'4332',905,,1121,1,,,0,210,,1122,1,,,0,185,,1124,1,,,0,255,,1123,1,,,0,171,,1125,1,,,0
3000,'4480',805,,1127,1,,,0,310,,1126,1,,,0,185,,1130,1,,,0,255,,1128,1,,,0,171,,1129,1,,,0
3001,'4332',900,,1131,23,4,,0,210,,1132,21,4,,0,145,,1133,21,4,,0,295,,1134,23,4,,0,170,,1135,21,4,,0
3001,'4480',800,,1136,23,4,,0,310,,1137,21,4,,0,145,,1140,21,4,,0,295,,1138,23,4,,0,170,,1139,21,4,,0
4000,'4480',825,,1142,12,4,,0,516,,1141,12,4,,0
5000,'5006',900,,1147,9,,,0
7001,'4480',857,,1153,29,4,,0,296,,1154,27,4,,0,365,,1155,29,4,,0
