101,'5323',705,,1281,19,,,0,100,,1282,19,,,0,100,,1283,19,,,0,100,,1284,19,,,0,100,,1286,19,,,0,100,,1285,19,,,0,100,,1288,19,,,0,100,,1287,19,,,0,100,,1289,19,,,0,100,,1290,19,,,0,100,,1291,19,,,0,100,,1292,19,,,0
101,'5325',905,,1297,19,,,0,100,,1299,19,,,0,100,,1293,19,,,0,100,,1295,19,,,0,100,,1298,19,,,0,100,,1296,19,,,0,100,,1300,19,,,0,100,,1294,19,,,0,100,,1301,19,,,0,100,,1302,19,,,0
101,'5326',705,,1305,19,,,0,100,,1306,19,,,0,100,,1307,19,,,0,100,,1308,19,,,0,100,,1310,19,,,0,100,,1309,19,,,0,100,,1312,19,,,0,100,,1311,19,,,0,100,,1313,19,,,0,100,,1314,19,,,0,100,,1315,19,,,0,100,,1316,19,,,0
101,'5328',905,,1321,19,,,0,100,,1323,19,,,0,100,,1317,19,,,0,100,,1319,19,,,0,100,,1322,19,,,0,100,,1320,19,,,0,100,,1324,19,,,0,100,,1318,19,,,0,100,,1325,19,,,0,100,,1326,19,,,0
301,'5323',635,,1518,11,,,0,100,,1519,21,,,0,100,,1520,14,,,0,100,,1521,21,,,0,100,,1522,21,,,0,100,,1523,21,,,0,100,,1524,21,,,0,100,,1525,21,,,0,100,,1526,21,,,0,100,,1527,21,,,0,100,,1528,21,,,0,100,,1529,21,,,0
301,'5325',835,,1533,14,,,0,100,,1531,21,,,0,100,,1534,21,,,0,100,,1532,21,,,0,100,,1535,21,,,0,100,,1536,21,,,0,100,,1537,21,,,0,100,,1538,21,,,0,100,,1539,21,,,0,100,,1541,21,,,0
301,'5326',635,,1542,11,,,0,100,,1543,21,,,0,100,,1544,14,,,0,100,,1545,21,,,0,100,,1546,21,,,0,100,,1547,21,,,0,100,,1548,21,,,0,100,,1549,21,,,0,100,,1550,21,,,0,100,,1551,21,,,0,100,,1552,21,,,0,100,,1553,21,,,0
301,'5328',835,,1557,14,,,0,100,,1555,21,,,0,100,,1558,21,,,0,100,,1556,21,,,0,100,,1559,21,,,0,100,,1560,21,,,0,100,,1561,21,,,0,100,,1562,21,,,0,100,,1563,21,,,0,100,,1565,21,,,0
3001,'5323',754,,2117,20,,,0,350,,2118,18,,,0,145,,2121,18,,,0,295,,2119,20,,,0,170,,2120,18,,,0
3001,'5325',854,,2122,20,,,0,250,,2123,18,,,0,145,,2124,18,,,0,295,,2125,20,,,0,170,,2126,18,,,0
3001,'5326',754,,2127,20,,,0,350,,2128,18,,,0,145,,2131,18,,,0,295,,2129,20,,,0,170,,2130,18,,,0
3001,'5328',854,,2132,20,,,0,250,,2133,18,,,0,145,,2134,18,,,0,295,,2135,20,,,0,170,,2136,18,,,0
4001,'5323',954,,2141,13,,,0,604,,2142,13,,,0
4001,'5326',954,,2143,13,,,0,604,,2144,13,,,0
