400,'5323',703,,1579,6,,,0,100,,1584,6,,,0,100,,1586,6,,,0,100,,1587,6,,,0,100,,1588,6,,,0,100,,1589,6,,,0,100,,1590,6,,,0,100,,1591,6,,,0,100,,1585,6,,,0,100,,1582,6,,,0,100,,1583,6,,,0,100,,1581,6,0,7 6,0
400,'5325',803,,1595,6,,,0,100,,1598,6,,,0,100,,1592,6,,,0,100,,1593,6,,,0,100,,1596,6,,,0,100,,1597,6,,,0,100,,1594,6,,,0,100,,1599,6,,,0,100,,1600,6,,,0,100,,1601,6,,,0,100,,1602,6,0,7 6,0
400,'5326',703,,1604,6,,,0,100,,1609,6,,,0,100,,1611,6,,,0,100,,1612,6,,,0,100,,1613,6,,,0,100,,1614,6,,,0,100,,1615,6,,,0,100,,1616,6,,,0,100,,1610,6,,,0,100,,1607,6,,,0,100,,1608,6,,,0,100,,1606,6,0,7 6,0
400,'5328',803,,1620,6,,,0,100,,1623,6,,,0,100,,1617,6,,,0,100,,1618,6,,,0,100,,1621,6,,,0,100,,1622,6,,,0,100,,1619,6,,,0,100,,1624,6,,,0,100,,1625,6,,,0,100,,1626,6,,,0,100,,1627,6,0,7 6,0
3000,'5323',812,,2098,12,,,0,310,,2097,12,,,0,185,,2101,12,,,0,295,,2099,12,,,0,131,,2100,12,,,0
3000,'5325',912,,2102,12,,,0,210,,2103,12,,,0,185,,2105,12,,,0,295,,2104,12,,,0,131,,2106,12,,,0
3000,'5326',812,,2108,12,,,0,310,,2107,12,,,0,185,,2111,12,,,0,295,,2109,12,,,0,131,,2110,12,,,0
3000,'5328',912,,2112,12,,,0,210,,2113,12,,,0,185,,2115,12,,,0,295,,2114,12,,,0,131,,2116,12,,,0
4000,'5323',832,,2138,22,4,,0,516,,2137,22,4,,0
4000,'5326',832,,2140,22,4,,0,516,,2139,22,4,,0
