100,'5323',616,,1219,1,,,0,100,,1220,1,,,0,200,,1222,1,,,0,100,,1223,1,,,0,100,,1224,1,,,0,100,,1225,1,,,0,100,,1226,1,,,0,100,,1227,1,,,0,100,,1228,1,,,0,100,,1229,1,,,0,100,,1230,1,,,0,100,,1231,1,0,5 6,0
100,'5325',916,,1234,1,,,0,100,,1239,1,,,0,100,,1242,1,,,0,100,,1235,1,,,0,100,,1233,1,,,0,100,,1237,1,,,0,100,,1238,1,,,0,100,,1236,1,,,0,100,,1241,1,,,0,100,,1240,1,0,5 6,0
100,'5326',616,,1243,1,,,0,100,,1244,1,,,0,200,,1246,1,,,0,100,,1247,1,,,0,100,,1248,1,,,0,100,,1249,1,,,0,100,,1250,1,,,0,100,,1251,1,,,0,100,,1252,1,,,0,100,,1253,1,,,0,100,,1254,1,,,0,100,,1255,1,0,5 6,0
100,'5328',916,,1259,1,,,0,100,,1263,1,,,0,100,,1266,1,,,0,100,,1258,1,,,0,100,,1257,1,,,0,100,,1261,1,,,0,100,,1262,1,,,0,100,,1260,1,,,0,100,,1265,1,,,0,100,,1264,1,0,5 6,0
101,'5323',616,,1280,5,4,,0,100,,1281,28,4,,0,200,,1283,28,4,,0,100,,1284,28,4,,0,100,,1286,28,4,,0,100,,1285,28,4,,0,100,,1288,28,4,,0,100,,1287,28,4,,0,100,,1289,28,4,,0,100,,1290,28,4,,0,100,,1291,28,4,,0,100,,1292,28,4,,0
101,'5325',916,,1297,28,4,,0,100,,1299,28,4,,0,100,,1293,28,4,,0,100,,1295,28,4,,0,100,,1298,28,4,,0,100,,1296,28,4,,0,100,,1300,28,4,,0,100,,1294,28,4,,0,100,,1301,28,4,,0,100,,1302,28,4,,0
101,'5326',616,,1304,5,4,,0,100,,1305,28,4,,0,200,,1307,28,4,,0,100,,1308,28,4,,0,100,,1310,28,4,,0,100,,1309,28,4,,0,100,,1312,28,4,,0,100,,1311,28,4,,0,100,,1313,28,4,,0,100,,1314,28,4,,0,100,,1315,28,4,,0,100,,1316,28,4,,0
101,'5328',916,,1321,28,4,,0,100,,1323,28,4,,0,100,,1317,28,4,,0,100,,1319,28,4,,0,100,,1322,28,4,,0,100,,1320,28,4,,0,100,,1324,28,4,,0,100,,1318,28,4,,0,100,,1325,28,4,,0,100,,1326,28,4,,0
501,'5210',1235,,1840,19,,,0,100,,1841,19,,,0,100,,1842,19,,,0,100,,1843,19,,,0
501,'5323',705,,1844,17,,,0,30,,1854,17,,,0,70,,1845,19,,,0,30,,1866,19,,,0,70,,1847,19,,,0,30,,1855,19,,,0,70,,1848,19,,,0,30,,1856,19,,,0,70,,1849,19,,,0,30,,1857,19,,,0,70,,1846,19,,,0,30,,1858,19,,,0,70,,1851,19,,,0,30,,1859,19,,,0,70,,1850,19,,,0,30,,1860,19,,,0,70,,1852,19,,,0,30,,1867,19,,,0,70,,1853,19,,,0,30,,1865,19,,,0,70,,1861,19,,,0,30,,1862,19,,,0,70,,1863,19,,,0,30,,1864,19,,,0
501,'5325',905,,1873,17,,,0,30,,1884,17,,,0,70,,1875,19,,,0,30,,1885,19,,,0,70,,1876,19,,,0,30,,1881,19,,,0,70,,1872,19,,,0,30,,1882,19,,,0,70,,1877,19,,,0,30,,1883,19,,,0,70,,1868,19,,,0,30,,1886,19,,,0,70,,1869,19,,,0,30,,1887,19,,,0,70,,1870,19,,,0,30,,1878,19,,,0,70,,1871,19,,,0,30,,1879,19,,,0,70,,1874,19,,,0,30,,1880,19,,,0
501,'5326',705,,1888,17,,,0,30,,1898,17,,,0,70,,1889,19,,,0,30,,1910,19,,,0,70,,1891,19,,,0,30,,1899,19,,,0,70,,1892,19,,,0,30,,1900,19,,,0,70,,1893,19,,,0,30,,1901,19,,,0,70,,1890,19,,,0,30,,1902,19,,,0,70,,1895,19,,,0,30,,1903,19,,,0,70,,1894,19,,,0,30,,1904,19,,,0,70,,1896,19,,,0,30,,1911,19,,,0,70,,1897,19,,,0,30,,1909,19,,,0,70,,1905,19,,,0,30,,1906,19,,,0,70,,1907,19,,,0,30,,1908,19,,,0,70,,1914,19,,,0,100,,1915,19,,,0,100,,1916,19,,,0,100,,1917,19,,,0,100,,1912,19,,,0
501,'5328',905,,1923,17,,,0,30,,1934,17,,,0,70,,1925,19,,,0,30,,1935,19,,,0,70,,1926,19,,,0,30,,1931,19,,,0,70,,1922,19,,,0,30,,1932,19,,,0,70,,1927,19,,,0,30,,1933,19,,,0,70,,1918,19,,,0,30,,1936,19,,,0,70,,1919,19,,,0,30,,1937,19,,,0,70,,1920,19,,,0,30,,1928,19,,,0,70,,1921,19,,,0,30,,1929,19,,,0,70,,1924,19,,,0,30,,1930,19,,,0,70,,1940,19,,,0,100,,1941,19,,,0,100,,1942,19,,,0,100,,1943,19,,,0,100,,1939,19,,,0
1500,'5323',1913,,1997,16,4,,0,43,,1999,1,,,0,81,,1998,42,4,,0,83,,2000,1,,,0,80,,2001,42,4,,0,5,,2002,1,,,0,40,,2003,42,4,,0
1500,'5325',1913,,2004,42,4,,0,43,,2005,1,,,0,81,,2006,42,4,,0,83,,2008,1,,,0,80,,2009,42,4,,0,5,,2007,1,,,0,40,,2010,42,4,,0
1500,'5326',1913,,2012,16,4,,0,43,,2014,1,,,0,81,,2013,42,4,,0,83,,2015,1,,,0,80,,2016,42,4,,0,5,,2017,1,,,0,40,,2018,42,4,,0
1500,'5328',1913,,2019,42,4,,0,43,,2020,1,,,0,81,,2021,42,4,,0,83,,2023,1,,,0,80,,2024,42,4,,0,5,,2022,1,,,0,40,,2025,42,4,,0
1501,'5323',1914,,2030,1,0,7,0,42,,2031,22,4,,0,82,,2032,1,0,7,0,82,,2033,22,4,,0
1501,'5325',1914,,2035,1,0,7,0,42,,2034,22,4,,0,82,,2036,1,0,7,0,82,,2037,22,4,,0
1501,'5326',1914,,2038,1,0,7,0,42,,2039,22,4,,0,82,,2040,1,0,7,0,82,,2041,22,4,,0
1501,'5328',1914,,2043,1,0,7,0,42,,2042,22,4,,0,82,,2044,1,0,7,0,82,,2045,22,4,,0
4001,'5323',1006,,2141,20,,,0,604,,2142,20,,,0
4001,'5326',1006,,2143,20,,,0,604,,2144,20,,,0
5001,'5324',1250,,2151,4,,,0
5001,'5327',1250,,2152,4,,,0
7001,'5323',1822,,2164,31,,,0
7001,'5326',1822,,2168,31,,,0
