300,'4833',803,,1446,14,0,11 12,0
300,'5323',803,,1459,14,0,11 12,0
300,'5325',803,,1472,8,0,11 12,0
300,'5326',803,,1483,14,0,11 12,0
400,'4833',721,,1566,28,,,0,100,,1571,28,,,0,100,,1573,28,,,0,100,,1574,28,,,0,100,,1575,28,,,0,100,,1576,28,,,0,100,,1577,28,,,0,100,,1578,28,,,0,100,,1572,28,,,0,100,,1569,28,,,0,100,,1570,28,,,0,110,,1567,13,,,0
400,'5323',721,,1579,28,,,0,100,,1584,28,,,0,100,,1586,28,,,0,100,,1587,28,,,0,100,,1588,28,,,0,100,,1589,28,,,0,100,,1590,28,,,0,100,,1591,28,,,0,100,,1585,28,,,0,100,,1582,28,,,0,100,,1583,28,,,0,110,,1580,13,,,0
400,'5325',821,,1595,28,,,0,100,,1598,28,,,0,100,,1592,28,,,0,100,,1593,28,,,0,100,,1596,28,,,0,100,,1597,28,,,0,100,,1594,28,,,0,100,,1599,28,,,0,100,,1600,28,,,0,100,,1601,28,,,0,110,,1603,13,,,0
400,'5326',721,,1604,28,,,0,100,,1609,28,,,0,100,,1611,28,,,0,100,,1612,28,,,0,100,,1613,28,,,0,100,,1614,28,,,0,100,,1615,28,,,0,100,,1616,28,,,0,100,,1610,28,,,0,100,,1607,28,,,0,100,,1608,28,,,0,110,,1605,13,,,0
400,'5328',821,,1620,28,,,0,100,,1623,28,,,0,100,,1617,28,,,0,100,,1618,28,,,0,100,,1621,28,,,0,100,,1622,28,,,0,100,,1619,28,,,0,100,,1624,28,,,0,100,,1625,28,,,0,100,,1626,28,,,0,110,,1628,13,,,0
1500,'4833',1855,,1988,11,0,14 15,0,164,,1990,11,0,13,0,123,,1993,11,0,13,0,85,,1995,11,0,13,0
1500,'5323',1855,,1996,11,0,14 15,0,164,,1998,11,0,13,0,123,,2001,11,0,13,0,85,,2003,11,0,13,0
1500,'5325',1855,,2004,11,0,13,0,164,,2006,11,0,13,0,123,,2009,11,0,13,0,85,,2010,11,0,13,0
1500,'5326',1855,,2011,11,0,14 15,0,164,,2013,11,0,13,0,123,,2016,11,0,13,0,85,,2018,11,0,13,0
1500,'5328',1855,,2019,11,0,13,0,164,,2021,11,0,13,0,123,,2024,11,0,13,0,85,,2025,11,0,13,0
1501,'4833',1930,,2026,23,0,7,0,124,,2028,23,0,7,0
1501,'5323',1930,,2030,23,0,7,0,124,,2032,23,0,7,0
1501,'5325',1930,,2035,23,0,7,0,124,,2036,23,0,7,0
1501,'5326',1930,,2038,23,0,7,0,124,,2040,23,0,7,0
1501,'5328',1930,,2043,23,0,7,0,124,,2044,23,0,7,0
