201,'4332',826,,854,33,,,0,100,,855,33,,,0,100,,856,33,,,0,100,,857,33,,,0,100,,858,33,,,0,100,,859,33,,,0,100,,860,33,,,0,100,,861,33,,,0,100,,862,33,,,0,100,,863,33,,,0,100,,864,33,,,0
201,'4480',726,,865,33,,,0,100,,866,33,,,0,100,,867,33,,,0,100,,868,33,,,0,100,,869,33,,,0,100,,870,33,,,0,100,,871,33,,,0,100,,872,33,,,0,100,,873,33,,,0,100,,874,33,,,0,100,,875,33,,,0,100,,877,15,,,0
401,'4332',852,,951,26,,,0,100,,953,26,,,0,100,,954,26,,,0,100,,952,26,,,0,100,,956,26,,,0,100,,955,26,,,0,100,,957,26,,,0,100,,958,26,,,0,100,,959,26,,,0,100,,960,26,,,0
401,'4480',652,,968,13,,,0,100,,969,26,,,0,100,,970,26,,,0,100,,971,26,,,0,100,,972,26,,,0,100,,973,26,,,0,100,,974,26,,,0,100,,966,26,,,0,100,,967,26,,,0,100,,964,26,,,0,100,,963,26,,,0,100,,965,26,,,0
1001,'4332',918,,1070,25,,,0,434,,1071,25,,,0,402,,1072,25,,,0
1001,'4480',753,,1073,25,,,0,165,,1074,25,,,0,434,,1075,25,,,0,402,,1076,25,,,0
1100,'4480',1002,,1077,15,,,0,308,,1078,15,,,0
1501,'4332',1950,,1098,15,,,0,164,,1101,15,,,0
1501,'4480',1950,,1103,15,,,0,164,,1105,15,,,0
7001,'4480',855,,1153,27,0,14 15,0,296,,1154,25,0,14 15,0,365,,1155,27,0,14 15,0,302,,1156,25,,,0
