101,'4833',706,,1268,21,,,0,100,,1269,21,,,0,100,,1270,21,,,0,100,,1271,21,,,0,100,,1273,21,,,0,100,,1272,21,,,0,100,,1275,21,,,0,100,,1274,21,,,0,100,,1276,21,,,0,100,,1277,21,,,0,100,,1278,21,,,0,100,,1279,21,,,0
101,'5323',706,,1281,21,,,0,100,,1282,21,,,0,100,,1283,21,,,0,100,,1284,21,,,0,100,,1286,21,,,0,100,,1285,21,,,0,100,,1288,21,,,0,100,,1287,21,,,0,100,,1289,21,,,0,100,,1290,21,,,0,100,,1291,21,,,0,100,,1292,21,,,0
101,'5325',906,,1297,21,,,0,100,,1299,21,,,0,100,,1293,21,,,0,100,,1295,21,,,0,100,,1298,21,,,0,100,,1296,21,,,0,100,,1300,21,,,0,100,,1294,21,,,0,100,,1301,21,,,0,100,,1302,21,,,0
101,'5326',706,,1305,21,,,0,100,,1306,21,,,0,100,,1307,21,,,0,100,,1308,21,,,0,100,,1310,21,,,0,100,,1309,21,,,0,100,,1312,21,,,0,100,,1311,21,,,0,100,,1313,21,,,0,100,,1314,21,,,0,100,,1315,21,,,0,100,,1316,21,,,0
101,'5328',906,,1321,21,,,0,100,,1323,21,,,0,100,,1317,21,,,0,100,,1319,21,,,0,100,,1322,21,,,0,100,,1320,21,,,0,100,,1324,21,,,0,100,,1318,21,,,0,100,,1325,21,,,0,100,,1326,21,,,0
301,'4833',636,,1505,13,,,0,100,,1506,23,,,0,100,,1507,16,,,0,100,,1508,23,,,0,100,,1509,23,,,0,100,,1510,23,,,0,100,,1511,23,,,0,100,,1512,23,,,0,100,,1513,23,,,0,100,,1514,23,,,0,100,,1515,23,,,0,100,,1516,23,,,0
301,'5323',636,,1518,13,,,0,100,,1519,23,,,0,100,,1520,16,,,0,100,,1521,23,,,0,100,,1522,23,,,0,100,,1523,23,,,0,100,,1524,23,,,0,100,,1525,23,,,0,100,,1526,23,,,0,100,,1527,23,,,0,100,,1528,23,,,0,100,,1529,23,,,0
301,'5325',836,,1533,16,,,0,100,,1531,23,,,0,100,,1534,23,,,0,100,,1532,23,,,0,100,,1535,23,,,0,100,,1536,23,,,0,100,,1537,23,,,0,100,,1538,23,,,0,100,,1539,23,,,0,100,,1541,23,,,0
301,'5326',636,,1542,13,,,0,100,,1543,23,,,0,100,,1544,16,,,0,100,,1545,23,,,0,100,,1546,23,,,0,100,,1547,23,,,0,100,,1548,23,,,0,100,,1549,23,,,0,100,,1550,23,,,0,100,,1551,23,,,0,100,,1552,23,,,0,100,,1553,23,,,0
301,'5328',836,,1557,16,,,0,100,,1555,23,,,0,100,,1558,23,,,0,100,,1556,23,,,0,100,,1559,23,,,0,100,,1560,23,,,0,100,,1561,23,,,0,100,,1562,23,,,0,100,,1563,23,,,0,100,,1565,23,,,0
3001,'5323',756,,2117,22,,,0,350,,2118,20,,,0,145,,2121,20,,,0,295,,2119,22,,,0,170,,2120,20,,,0
3001,'5325',856,,2122,22,,,0,250,,2123,20,,,0,145,,2124,20,,,0,295,,2125,22,,,0,170,,2126,20,,,0
3001,'5326',756,,2127,22,,,0,350,,2128,20,,,0,145,,2131,20,,,0,295,,2129,22,,,0,170,,2130,20,,,0
3001,'5328',856,,2132,22,,,0,250,,2133,20,,,0,145,,2134,20,,,0,295,,2135,22,,,0,170,,2136,20,,,0
4001,'5323',957,,2141,15,,,0,644,,2142,15,,,0
4001,'5326',957,,2143,15,,,0,644,,2144,15,,,0
