101,'4833',614,,1267,3,,,0,100,,1268,26,,,0,200,,1270,26,,,0,100,,1271,26,,,0,100,,1273,26,,,0,100,,1272,26,,,0,100,,1275,26,,,0,100,,1274,26,,,0,100,,1276,26,,,0,100,,1277,26,,,0,100,,1278,26,,,0,100,,1279,26,,,0
101,'5323',614,,1280,3,,,0,100,,1281,26,,,0,200,,1283,26,,,0,100,,1284,26,,,0,100,,1286,26,,,0,100,,1285,26,,,0,100,,1288,26,,,0,100,,1287,26,,,0,100,,1289,26,,,0,100,,1290,26,,,0,100,,1291,26,,,0,100,,1292,26,,,0
101,'5325',914,,1297,26,,,0,100,,1299,26,,,0,100,,1293,26,,,0,100,,1295,26,,,0,100,,1298,26,,,0,100,,1296,26,,,0,100,,1300,26,,,0,100,,1294,26,,,0,100,,1301,26,,,0,100,,1302,26,,,0
101,'5326',614,,1304,3,,,0,100,,1305,26,,,0,200,,1307,26,,,0,100,,1308,26,,,0,100,,1310,26,,,0,100,,1309,26,,,0,100,,1312,26,,,0,100,,1311,26,,,0,100,,1313,26,,,0,100,,1314,26,,,0,100,,1315,26,,,0,100,,1316,26,,,0
101,'5328',914,,1321,26,,,0,100,,1323,26,,,0,100,,1317,26,,,0,100,,1319,26,,,0,100,,1322,26,,,0,100,,1320,26,,,0,100,,1324,26,,,0,100,,1318,26,,,0,100,,1325,26,,,0,100,,1326,26,,,0
1501,'4833',1954,,2027,20,,,0,164,,2029,20,,,0
1501,'5323',1954,,2031,20,,,0,164,,2033,20,,,0
1501,'5325',1954,,2034,20,,,0,164,,2037,20,,,0
1501,'5326',1954,,2039,20,,,0,164,,2041,20,,,0
1501,'5328',1954,,2042,20,,,0,164,,2045,20,,,0
4001,'5323',1004,,2141,18,,,0,604,,2142,18,,,0
4001,'5326',1004,,2143,18,,,0,604,,2144,18,,,0
7001,'5323',1821,,2164,29,,,0
7001,'5326',1821,,2168,29,,,0
