200,'4332',832,,832,5,,,0,100,,833,5,,,0,100,,834,5,,,0,100,,835,5,,,0,100,,836,5,,,0,100,,837,5,,,0,100,,838,5,,,0,100,,839,5,,,0,100,,840,5,,,0,100,,841,5,,,0
200,'4480',632,,842,5,,,0,100,,843,5,,,0,100,,844,5,,,0,100,,845,5,,,0,100,,846,5,,,0,100,,847,5,,,0,100,,848,5,,,0,100,,849,5,,,0,100,,850,5,,,0,100,,851,5,,,0,100,,852,5,,,0,100,,853,5,,,0
400,'4332',802,,929,5,,,0,100,,932,5,,,0,100,,926,5,,,0,100,,927,5,,,0,100,,930,5,,,0,100,,931,5,,,0,100,,928,5,,,0,100,,933,5,,,0,100,,934,5,,,0,100,,935,5,,,0,100,,936,5,0,7 6,0
400,'4480',702,,938,5,,,0,100,,943,5,,,0,100,,944,5,,,0,100,,945,5,,,0,100,,947,5,,,0,100,,948,5,,,0,100,,949,5,,,0,100,,950,5,,,0,100,,946,5,,,0,100,,941,5,,,0,100,,942,5,,,0,100,,940,5,0,7 6,0
1000,'4332',805,,1063,5,,,0,428,,1064,5,,,0,407,,1065,5,,,0
1000,'4480',643,,1066,5,,,0,162,,1067,5,,,0,428,,1068,5,,,0,407,,1069,5,,,0
1101,'4480',1235,,1082,5,,,0,572,,1080,5,,,0
1500,'4332',2003,,1084,10,,,0,124,,1087,10,,,0,85,,1086,10,,,0
1500,'4480',2003,,1092,10,,,0,124,,1094,10,,,0,85,,1096,10,,,0
7000,'4480',605,,1149,21,,,0,305,,1150,4,,,0,324,,1151,4,,,0,300,,1152,4,,,0
