200,'5323',646,,1340,21,,,0,100,,1341,21,,,0,100,,1342,21,,,0,100,,1343,21,,,0,100,,1344,21,,,0,100,,1345,21,,,0,100,,1346,21,,,0,100,,1347,21,,,0,100,,1348,21,,,0,100,,1349,21,,,0,100,,1350,21,,,0,100,,1351,21,,,0
200,'5325',846,,1352,21,,,0,100,,1353,21,,,0,100,,1354,21,,,0,100,,1355,21,,,0,100,,1356,21,,,0,100,,1357,21,,,0,100,,1358,21,,,0,100,,1359,21,,,0,100,,1360,21,,,0,100,,1361,21,,,0
200,'5326',646,,1362,21,,,0,100,,1363,21,,,0,100,,1364,21,,,0,100,,1365,21,,,0,100,,1366,21,,,0,100,,1367,21,,,0,100,,1368,21,,,0,100,,1369,21,,,0,100,,1370,21,,,0,100,,1371,21,,,0,100,,1372,21,,,0,100,,1373,21,,,0
200,'5328',846,,1374,21,,,0,100,,1375,21,,,0,100,,1376,21,,,0,100,,1377,21,,,0,100,,1378,21,,,0,100,,1379,21,,,0,100,,1380,21,,,0,100,,1381,21,,,0,100,,1382,21,,,0,100,,1383,21,,,0
501,'5210',1220,,1840,6,,,0,100,,1841,6,,,0,100,,1842,6,,,0,100,,1843,6,,,0
501,'5323',650,,1844,4,,,0,70,,1854,4,,,0,30,,1845,6,,,0,70,,1866,6,,,0,30,,1847,6,,,0,70,,1855,6,,,0,30,,1848,6,,,0,70,,1856,6,,,0,30,,1849,6,,,0,70,,1857,6,,,0,30,,1846,6,,,0,70,,1858,6,,,0,30,,1851,6,,,0,70,,1859,6,,,0,30,,1850,6,,,0,70,,1860,6,,,0,30,,1852,6,,,0,70,,1867,6,,,0,30,,1853,6,,,0,70,,1865,6,,,0,30,,1861,6,,,0,70,,1862,6,,,0,30,,1863,6,,,0,70,,1864,6,,,0
501,'5325',850,,1873,4,,,0,70,,1884,4,,,0,30,,1875,6,,,0,70,,1885,6,,,0,30,,1876,6,,,0,70,,1881,6,,,0,30,,1872,6,,,0,70,,1882,6,,,0,30,,1877,6,,,0,70,,1883,6,,,0,30,,1868,6,,,0,70,,1886,6,,,0,30,,1869,6,,,0,70,,1887,6,,,0,30,,1870,6,,,0,70,,1878,6,,,0,30,,1871,6,,,0,70,,1879,6,,,0,30,,1874,6,,,0,70,,1880,6,,,0
501,'5326',650,,1888,4,,,0,70,,1898,4,,,0,30,,1889,6,,,0,70,,1910,6,,,0,30,,1891,6,,,0,70,,1899,6,,,0,30,,1892,6,,,0,70,,1900,6,,,0,30,,1893,6,,,0,70,,1901,6,,,0,30,,1890,6,,,0,70,,1902,6,,,0,30,,1895,6,,,0,70,,1903,6,,,0,30,,1894,6,,,0,70,,1904,6,,,0,30,,1896,6,,,0,70,,1911,6,,,0,30,,1897,6,,,0,70,,1909,6,,,0,30,,1905,6,,,0,70,,1906,6,,,0,30,,1907,6,,,0,70,,1908,6,,,0,30,,1914,6,,,0,100,,1915,6,,,0,100,,1916,6,,,0,100,,1917,6,,,0,100,,1912,6,,,0,100,,1913,6,0,21,0
501,'5328',850,,1923,4,,,0,70,,1934,4,,,0,30,,1925,6,,,0,70,,1935,6,,,0,30,,1926,6,,,0,70,,1931,6,,,0,30,,1922,6,,,0,70,,1932,6,,,0,30,,1927,6,,,0,70,,1933,6,,,0,30,,1918,6,,,0,70,,1936,6,,,0,30,,1919,6,,,0,70,,1937,6,,,0,30,,1920,6,,,0,70,,1928,6,,,0,30,,1921,6,,,0,70,,1929,6,,,0,30,,1924,6,,,0,70,,1930,6,,,0,30,,1940,6,,,0,100,,1941,6,,,0,100,,1942,6,,,0,100,,1943,6,,,0,100,,1939,6,,,0,100,,1938,6,0,21,0
1001,'5323',749,,1960,20,,,0,165,,1961,20,,,0,123,,1964,20,,,0,311,,1962,20,,,0,402,,1963,20,,,0
1001,'5325',914,,1965,20,,,0,434,,1967,20,,,0,402,,1966,20,,,0
1001,'5326',749,,1968,20,,,0,165,,1969,20,,,0,123,,1972,20,,,0,311,,1970,20,,,0,402,,1971,20,,,0
1001,'5328',914,,1973,20,,,0,434,,1975,20,,,0,402,,1974,20,,,0
1601,'5210',931,,2057,14,,,0,100,,2059,14,,,0,100,,2058,14,,,0,100,,2060,14,,,0,100,,2062,14,,,0,100,,2061,14,,,0,100,,2064,14,,,0,100,,2063,14,,,0,100,,2066,14,,,0,100,,2065,14,,,0
