101,'4833',704,,1268,18,,,0,100,,1269,18,,,0,100,,1270,18,,,0,100,,1271,18,,,0,100,,1273,18,,,0,100,,1272,18,,,0,100,,1275,18,,,0,100,,1274,18,,,0,100,,1276,18,,,0,100,,1277,18,,,0,100,,1278,18,,,0,100,,1279,18,,,0
101,'5323',704,,1281,18,,,0,100,,1282,18,,,0,100,,1283,18,,,0,100,,1284,18,,,0,100,,1286,18,,,0,100,,1285,18,,,0,100,,1288,18,,,0,100,,1287,18,,,0,100,,1289,18,,,0,100,,1290,18,,,0,100,,1291,18,,,0,100,,1292,18,,,0
101,'5325',904,,1297,18,,,0,100,,1299,18,,,0,100,,1293,18,,,0,100,,1295,18,,,0,100,,1298,18,,,0,100,,1296,18,,,0,100,,1300,18,,,0,100,,1294,18,,,0,100,,1301,18,,,0,100,,1302,18,,,0
101,'5326',704,,1305,18,,,0,100,,1306,18,,,0,100,,1307,18,,,0,100,,1308,18,,,0,100,,1310,18,,,0,100,,1309,18,,,0,100,,1312,18,,,0,100,,1311,18,,,0,100,,1313,18,,,0,100,,1314,18,,,0,100,,1315,18,,,0,100,,1316,18,,,0
101,'5328',904,,1321,18,,,0,100,,1323,18,,,0,100,,1317,18,,,0,100,,1319,18,,,0,100,,1322,18,,,0,100,,1320,18,,,0,100,,1324,18,,,0,100,,1318,18,,,0,100,,1325,18,,,0,100,,1326,18,,,0
301,'4833',634,,1505,10,,,0,100,,1506,20,,,0,100,,1507,13,,,0,100,,1508,20,,,0,100,,1509,20,,,0,100,,1510,20,,,0,100,,1511,20,,,0,100,,1512,20,,,0,100,,1513,20,,,0,100,,1514,20,,,0,100,,1515,20,,,0,100,,1516,20,,,0
301,'5323',634,,1518,10,,,0,100,,1519,20,,,0,100,,1520,13,,,0,100,,1521,20,,,0,100,,1522,20,,,0,100,,1523,20,,,0,100,,1524,20,,,0,100,,1525,20,,,0,100,,1526,20,,,0,100,,1527,20,,,0,100,,1528,20,,,0,100,,1529,20,,,0
301,'5325',834,,1533,13,,,0,100,,1531,20,,,0,100,,1534,20,,,0,100,,1532,20,,,0,100,,1535,20,,,0,100,,1536,20,,,0,100,,1537,20,,,0,100,,1538,20,,,0,100,,1539,20,,,0,100,,1541,20,,,0
301,'5326',634,,1542,10,,,0,100,,1543,20,,,0,100,,1544,13,,,0,100,,1545,20,,,0,100,,1546,20,,,0,100,,1547,20,,,0,100,,1548,20,,,0,100,,1549,20,,,0,100,,1550,20,,,0,100,,1551,20,,,0,100,,1552,20,,,0,100,,1553,20,,,0
301,'5328',834,,1557,13,,,0,100,,1555,20,,,0,100,,1558,20,,,0,100,,1556,20,,,0,100,,1559,20,,,0,100,,1560,20,,,0,100,,1561,20,,,0,100,,1562,20,,,0,100,,1563,20,,,0,100,,1565,20,,,0
1500,'4833',1854,,1988,10,0,14 15,0,164,,1990,10,0,13,0,123,,1993,10,0,13,0,85,,1995,10,0,13,0
1500,'5323',1854,,1996,10,0,14 15,0,164,,1998,10,0,13,0,123,,2001,10,0,13,0,85,,2003,10,0,13,0
1500,'5325',1854,,2004,10,0,13,0,164,,2006,10,0,13,0,123,,2009,10,0,13,0,85,,2010,10,0,13,0
1500,'5326',1854,,2011,10,0,14 15,0,164,,2013,10,0,13,0,123,,2016,10,0,13,0,85,,2018,10,0,13,0
1500,'5328',1854,,2019,10,0,13,0,164,,2021,10,0,13,0,123,,2024,10,0,13,0,85,,2025,10,0,13,0
3001,'5323',753,,2117,19,,,0,350,,2118,17,,,0,145,,2121,17,,,0,295,,2119,19,,,0,170,,2120,17,,,0
3001,'5325',853,,2122,19,,,0,250,,2123,17,,,0,145,,2124,17,,,0,295,,2125,19,,,0,170,,2126,17,,,0
3001,'5326',753,,2127,19,,,0,350,,2128,17,,,0,145,,2131,17,,,0,295,,2129,19,,,0,170,,2130,17,,,0
3001,'5328',853,,2132,19,,,0,250,,2133,17,,,0,145,,2134,17,,,0,295,,2135,19,,,0,170,,2136,17,,,0
4001,'5323',953,,2141,12,,,0,604,,2142,12,,,0
4001,'5326',953,,2143,12,,,0,604,,2144,12,,,0
