200,'4833',642,,1328,15,,,0,100,,1329,15,,,0,100,,1330,15,,,0,100,,1331,15,,,0,100,,1332,15,,,0,100,,1333,15,,,0,100,,1334,15,,,0,100,,1335,15,,,0,100,,1336,15,,,0,100,,1337,15,,,0,100,,1338,15,,,0,100,,1339,15,,,0
200,'5323',642,,1340,15,,,0,100,,1341,15,,,0,100,,1342,15,,,0,100,,1343,15,,,0,100,,1344,15,,,0,100,,1345,15,,,0,100,,1346,15,,,0,100,,1347,15,,,0,100,,1348,15,,,0,100,,1349,15,,,0,100,,1350,15,,,0,100,,1351,15,,,0
200,'5325',842,,1352,15,,,0,100,,1353,15,,,0,100,,1354,15,,,0,100,,1355,15,,,0,100,,1356,15,,,0,100,,1357,15,,,0,100,,1358,15,,,0,100,,1359,15,,,0,100,,1360,15,,,0,100,,1361,15,,,0
200,'5326',642,,1362,15,,,0,100,,1363,15,,,0,100,,1364,15,,,0,100,,1365,15,,,0,100,,1366,15,,,0,100,,1367,15,,,0,100,,1368,15,,,0,100,,1369,15,,,0,100,,1370,15,,,0,100,,1371,15,,,0,100,,1372,15,,,0,100,,1373,15,,,0
200,'5328',842,,1374,15,,,0,100,,1375,15,,,0,100,,1376,15,,,0,100,,1377,15,,,0,100,,1378,15,,,0,100,,1379,15,,,0,100,,1380,15,,,0,100,,1381,15,,,0,100,,1382,15,,,0,100,,1383,15,,,0
1100,'5323',955,,1976,7,,,0,348,,1977,7,,,0
1100,'5326',955,,1979,7,,,0,348,,1980,7,,,0
1500,'4833',2012,,1991,20,,,0,124,,1992,20,,,0,85,,1994,20,,,0
1500,'5323',2012,,1999,20,,,0,124,,2000,20,,,0,85,,2002,20,,,0
1500,'5325',2012,,2005,20,,,0,124,,2008,20,,,0,85,,2007,20,,,0
1500,'5326',2012,,2014,20,,,0,124,,2015,20,,,0,85,,2017,20,,,0
1500,'5328',2012,,2020,20,,,0,124,,2023,20,,,0,85,,2022,20,,,0
4000,'5323',840,,2138,27,4,,0,516,,2137,27,4,,0
4000,'5326',840,,2140,27,4,,0,516,,2139,27,4,,0
7001,'5323',843,,2161,11,0,14 15,0,296,,2162,9,0,14 15,0,365,,2163,11,0,14 15,0,305,,2164,9,,,0
7001,'5326',843,,2165,11,0,14 15,0,296,,2166,9,0,14 15,0,365,,2167,11,0,14 15,0,305,,2168,9,,,0
