401,'4332',832,,951,6,,,0,100,,953,6,,,0,100,,954,6,,,0,100,,952,6,,,0,100,,956,6,,,0,100,,955,6,,,0,100,,957,6,,,0,100,,958,6,,,0,100,,959,6,,,0,100,,960,6,,,0,110,,1205,6,0,7 6,0
401,'4480',732,,969,6,,,0,100,,970,6,,,0,100,,971,6,,,0,100,,972,6,,,0,100,,973,6,,,0,100,,974,6,,,0,100,,966,6,,,0,100,,967,6,,,0,100,,964,6,,,0,100,,963,6,,,0,100,,965,6,,,0,110,,962,6,0,7 6,0
500,'4480',813,,1017,31,0,11 12,0
501,'4480',1532,,1062,23,0,11 12,0
1500,'4332',1900,,1083,20,0,13,0,124,,1085,20,0,13,0,123,,1088,20,0,13,0,85,,1089,20,0,13,0
1500,'4480',1900,,1090,20,0,14 15,0,124,,1093,20,0,13,0,123,,1095,20,0,13,0,85,,1097,20,0,13,0
3000,'4332',910,,1121,10,,,0,210,,1122,10,,,0,185,,1124,10,,,0,295,,1123,10,,,0,131,,1125,10,,,0
3000,'4480',810,,1127,10,,,0,310,,1126,10,,,0,185,,1130,10,,,0,295,,1128,10,,,0,131,,1129,10,,,0
4000,'4480',830,,1142,20,4,,0,516,,1141,20,4,,0
7001,'4480',851,,1153,24,0,14 15,0,296,,1154,22,0,14 15,0,365,,1155,24,0,14 15,0,304,,1156,22,,,0
