201,'4833',721,,1384,30,,,0,100,,1385,30,,,0,100,,1386,30,,,0,100,,1387,30,,,0,100,,1388,30,,,0,100,,1389,30,,,0,100,,1390,30,,,0,100,,1391,30,,,0,100,,1392,30,,,0,100,,1393,30,,,0,100,,1394,30,,,0,100,,1396,12,,,0
201,'5323',721,,1397,30,,,0,100,,1398,30,,,0,100,,1399,30,,,0,100,,1400,30,,,0,100,,1401,30,,,0,100,,1402,30,,,0,100,,1403,30,,,0,100,,1404,30,,,0,100,,1405,30,,,0,100,,1406,30,,,0,100,,1407,30,,,0,100,,1409,12,,,0
201,'5325',821,,1410,30,,,0,100,,1411,30,,,0,100,,1412,30,,,0,100,,1413,30,,,0,100,,1414,30,,,0,100,,1415,30,,,0,100,,1416,30,,,0,100,,1417,30,,,0,100,,1418,30,,,0,100,,1419,30,,,0,100,,1420,30,,,0
201,'5326',721,,1421,30,,,0,100,,1422,30,,,0,100,,1423,30,,,0,100,,1424,30,,,0,100,,1425,30,,,0,100,,1426,30,,,0,100,,1427,30,,,0,100,,1428,30,,,0,100,,1429,30,,,0,100,,1430,30,,,0,100,,1431,30,,,0,100,,1433,12,,,0
201,'5328',821,,1434,30,,,0,100,,1435,30,,,0,100,,1437,30,,,0,100,,1436,30,,,0,100,,1438,30,,,0,100,,1439,30,,,0,100,,1440,30,,,0,100,,1441,30,,,0,100,,1442,30,,,0,100,,1443,30,,,0,100,,1444,30,,,0
400,'4833',718,,1566,22,,,0,100,,1571,22,,,0,100,,1573,22,,,0,100,,1574,22,,,0,100,,1575,22,,,0,100,,1576,22,,,0,100,,1577,22,,,0,100,,1578,22,,,0,100,,1572,22,,,0,100,,1569,22,,,0,100,,1570,22,,,0,110,,1567,7,,,0
400,'5323',718,,1579,22,,,0,100,,1584,22,,,0,100,,1586,22,,,0,100,,1587,22,,,0,100,,1588,22,,,0,100,,1589,22,,,0,100,,1590,22,,,0,100,,1591,22,,,0,100,,1585,22,,,0,100,,1582,22,,,0,100,,1583,22,,,0,110,,1580,7,,,0
400,'5325',818,,1595,22,,,0,100,,1598,22,,,0,100,,1592,22,,,0,100,,1593,22,,,0,100,,1596,22,,,0,100,,1597,22,,,0,100,,1594,22,,,0,100,,1599,22,,,0,100,,1600,22,,,0,100,,1601,22,,,0,110,,1603,7,,,0
400,'5326',718,,1604,22,,,0,100,,1609,22,,,0,100,,1611,22,,,0,100,,1612,22,,,0,100,,1613,22,,,0,100,,1614,22,,,0,100,,1615,22,,,0,100,,1616,22,,,0,100,,1610,22,,,0,100,,1607,22,,,0,100,,1608,22,,,0,110,,1605,7,,,0
400,'5328',818,,1620,22,,,0,100,,1623,22,,,0,100,,1617,22,,,0,100,,1618,22,,,0,100,,1621,22,,,0,100,,1622,22,,,0,100,,1619,22,,,0,100,,1624,22,,,0,100,,1625,22,,,0,100,,1626,22,,,0,110,,1628,7,,,0
1501,'4833',1947,,2027,12,,,0,164,,2029,12,,,0
1501,'5323',1947,,2031,12,,,0,164,,2033,12,,,0
1501,'5325',1947,,2034,12,,,0,164,,2037,12,,,0
1501,'5326',1947,,2039,12,,,0,164,,2041,12,,,0
1501,'5328',1947,,2042,12,,,0,164,,2045,12,,,0
