200,'4833',646,,1328,20,,,0,100,,1329,20,,,0,100,,1330,20,,,0,100,,1331,20,,,0,100,,1332,20,,,0,100,,1333,20,,,0,100,,1334,20,,,0,100,,1335,20,,,0,100,,1336,20,,,0,100,,1337,20,,,0,100,,1338,20,,,0,100,,1339,20,,,0
200,'5323',646,,1340,20,,,0,100,,1341,20,,,0,100,,1342,20,,,0,100,,1343,20,,,0,100,,1344,20,,,0,100,,1345,20,,,0,100,,1346,20,,,0,100,,1347,20,,,0,100,,1348,20,,,0,100,,1349,20,,,0,100,,1350,20,,,0,100,,1351,20,,,0
200,'5325',846,,1352,20,,,0,100,,1353,20,,,0,100,,1354,20,,,0,100,,1355,20,,,0,100,,1356,20,,,0,100,,1357,20,,,0,100,,1358,20,,,0,100,,1359,20,,,0,100,,1360,20,,,0,100,,1361,20,,,0
200,'5326',646,,1362,20,,,0,100,,1363,20,,,0,100,,1364,20,,,0,100,,1365,20,,,0,100,,1366,20,,,0,100,,1367,20,,,0,100,,1368,20,,,0,100,,1369,20,,,0,100,,1370,20,,,0,100,,1371,20,,,0,100,,1372,20,,,0,100,,1373,20,,,0
200,'5328',846,,1374,20,,,0,100,,1375,20,,,0,100,,1376,20,,,0,100,,1377,20,,,0,100,,1378,20,,,0,100,,1379,20,,,0,100,,1380,20,,,0,100,,1381,20,,,0,100,,1382,20,,,0,100,,1383,20,,,0
501,'4833',650,,1816,3,,,0,70,,1826,3,,,0,30,,1817,5,,,0,70,,1838,5,,,0,30,,1819,5,,,0,70,,1827,5,,,0,30,,1820,5,,,0,70,,1828,5,,,0,30,,1821,5,,,0,70,,1829,5,,,0,30,,1818,5,,,0,70,,1830,5,,,0,30,,1823,5,,,0,70,,1831,5,,,0,30,,1822,5,,,0,70,,1832,5,,,0,30,,1824,5,,,0,70,,1839,5,,,0,30,,1825,5,,,0,70,,1837,5,,,0,30,,1833,5,,,0,70,,1834,5,,,0,30,,1835,5,,,0,70,,1836,5,,,0
501,'5322',1220,,1840,5,,,0,100,,1841,5,,,0,100,,1842,5,,,0,100,,1843,5,,,0
501,'5323',650,,1844,3,,,0,70,,1854,3,,,0,30,,1845,5,,,0,70,,1866,5,,,0,30,,1847,5,,,0,70,,1855,5,,,0,30,,1848,5,,,0,70,,1856,5,,,0,30,,1849,5,,,0,70,,1857,5,,,0,30,,1846,5,,,0,70,,1858,5,,,0,30,,1851,5,,,0,70,,1859,5,,,0,30,,1850,5,,,0,70,,1860,5,,,0,30,,1852,5,,,0,70,,1867,5,,,0,30,,1853,5,,,0,70,,1865,5,,,0,30,,1861,5,,,0,70,,1862,5,,,0,30,,1863,5,,,0,70,,1864,5,,,0
501,'5325',850,,1873,3,,,0,70,,1884,3,,,0,30,,1875,5,,,0,70,,1885,5,,,0,30,,1876,5,,,0,70,,1881,5,,,0,30,,1872,5,,,0,70,,1882,5,,,0,30,,1877,5,,,0,70,,1883,5,,,0,30,,1868,5,,,0,70,,1886,5,,,0,30,,1869,5,,,0,70,,1887,5,,,0,30,,1870,5,,,0,70,,1878,5,,,0,30,,1871,5,,,0,70,,1879,5,,,0,30,,1874,5,,,0,70,,1880,5,,,0
501,'5326',650,,1888,3,,,0,70,,1898,3,,,0,30,,1889,5,,,0,70,,1910,5,,,0,30,,1891,5,,,0,70,,1899,5,,,0,30,,1892,5,,,0,70,,1900,5,,,0,30,,1893,5,,,0,70,,1901,5,,,0,30,,1890,5,,,0,70,,1902,5,,,0,30,,1895,5,,,0,70,,1903,5,,,0,30,,1894,5,,,0,70,,1904,5,,,0,30,,1896,5,,,0,70,,1911,5,,,0,30,,1897,5,,,0,70,,1909,5,,,0,30,,1905,5,,,0,70,,1906,5,,,0,30,,1907,5,,,0,70,,1908,5,,,0,30,,1914,5,,,0,100,,1915,5,,,0,100,,1916,5,,,0,100,,1917,5,,,0,100,,1912,5,,,0,100,,1913,5,0,21,0
501,'5328',850,,1923,3,,,0,70,,1934,3,,,0,30,,1925,5,,,0,70,,1935,5,,,0,30,,1926,5,,,0,70,,1931,5,,,0,30,,1922,5,,,0,70,,1932,5,,,0,30,,1927,5,,,0,70,,1933,5,,,0,30,,1918,5,,,0,70,,1936,5,,,0,30,,1919,5,,,0,70,,1937,5,,,0,30,,1920,5,,,0,70,,1928,5,,,0,30,,1921,5,,,0,70,,1929,5,,,0,30,,1924,5,,,0,70,,1930,5,,,0,30,,1940,5,,,0,100,,1941,5,,,0,100,,1942,5,,,0,100,,1943,5,,,0,100,,1939,5,,,0,100,,1938,5,0,21,0
1001,'5323',749,,1960,19,,,0,164,,1961,19,,,0,123,,1964,19,,,0,311,,1962,19,,,0,403,,1963,19,,,0
1001,'5325',913,,1965,19,,,0,434,,1967,19,,,0,403,,1966,19,,,0
1001,'5326',749,,1968,19,,,0,164,,1969,19,,,0,123,,1972,19,,,0,311,,1970,19,,,0,403,,1971,19,,,0
1001,'5328',913,,1973,19,,,0,434,,1975,19,,,0,403,,1974,19,,,0
1601,'5322',931,,2057,13,,,0,100,,2059,13,,,0,100,,2058,13,,,0,100,,2060,13,,,0,100,,2062,13,,,0,100,,2061,13,,,0,100,,2064,13,,,0,100,,2063,13,,,0,100,,2066,13,,,0,100,,2065,13,,,0
