501,'5210',1226,,1840,12,,,0,100,,1841,12,,,0,100,,1842,12,,,0,100,,1843,12,,,0
501,'5323',656,,1844,10,,,0,70,,1854,10,,,0,30,,1845,12,,,0,70,,1866,12,,,0,30,,1847,12,,,0,70,,1855,12,,,0,30,,1848,12,,,0,70,,1856,12,,,0,30,,1849,12,,,0,70,,1857,12,,,0,30,,1846,12,,,0,70,,1858,12,,,0,30,,1851,12,,,0,70,,1859,12,,,0,30,,1850,12,,,0,70,,1860,12,,,0,30,,1852,12,,,0,70,,1867,12,,,0,30,,1853,12,,,0,70,,1865,12,,,0,30,,1861,12,,,0,70,,1862,12,,,0,30,,1863,12,,,0,70,,1864,12,,,0
501,'5325',856,,1873,10,,,0,70,,1884,10,,,0,30,,1875,12,,,0,70,,1885,12,,,0,30,,1876,12,,,0,70,,1881,12,,,0,30,,1872,12,,,0,70,,1882,12,,,0,30,,1877,12,,,0,70,,1883,12,,,0,30,,1868,12,,,0,70,,1886,12,,,0,30,,1869,12,,,0,70,,1887,12,,,0,30,,1870,12,,,0,70,,1878,12,,,0,30,,1871,12,,,0,70,,1879,12,,,0,30,,1874,12,,,0,70,,1880,12,,,0
501,'5326',656,,1888,10,,,0,70,,1898,10,,,0,30,,1889,12,,,0,70,,1910,12,,,0,30,,1891,12,,,0,70,,1899,12,,,0,30,,1892,12,,,0,70,,1900,12,,,0,30,,1893,12,,,0,70,,1901,12,,,0,30,,1890,12,,,0,70,,1902,12,,,0,30,,1895,12,,,0,70,,1903,12,,,0,30,,1894,12,,,0,70,,1904,12,,,0,30,,1896,12,,,0,70,,1911,12,,,0,30,,1897,12,,,0,70,,1909,12,,,0,30,,1905,12,,,0,70,,1906,12,,,0,30,,1907,12,,,0,70,,1908,12,,,0,30,,1914,12,,,0,100,,1915,12,,,0,100,,1916,12,,,0,100,,1917,12,,,0,100,,1912,12,,,0,100,,1913,12,0,21,0
501,'5328',856,,1923,10,,,0,70,,1934,10,,,0,30,,1925,12,,,0,70,,1935,12,,,0,30,,1926,12,,,0,70,,1931,12,,,0,30,,1922,12,,,0,70,,1932,12,,,0,30,,1927,12,,,0,70,,1933,12,,,0,30,,1918,12,,,0,70,,1936,12,,,0,30,,1919,12,,,0,70,,1937,12,,,0,30,,1920,12,,,0,70,,1928,12,,,0,30,,1921,12,,,0,70,,1929,12,,,0,30,,1924,12,,,0,70,,1930,12,,,0,30,,1940,12,,,0,100,,1941,12,,,0,100,,1942,12,,,0,100,,1943,12,,,0,100,,1939,12,,,0,100,,1938,12,0,21,0
1500,'5323',1903,,1996,25,0,14 15,0,124,,1998,25,0,13,0,123,,2001,25,0,13,0,85,,2003,25,0,13,0
1500,'5325',1903,,2004,25,0,13,0,124,,2006,25,0,13,0,123,,2009,25,0,13,0,85,,2010,25,0,13,0
1500,'5326',1903,,2011,25,0,14 15,0,124,,2013,25,0,13,0,123,,2016,25,0,13,0,85,,2018,25,0,13,0
1500,'5328',1903,,2019,25,0,13,0,124,,2021,25,0,13,0,123,,2024,25,0,13,0,85,,2025,25,0,13,0
1601,'5210',935,,2057,20,,,0,100,,2059,20,,,0,100,,2058,20,,,0,100,,2060,20,,,0,100,,2062,20,,,0,100,,2061,20,,,0,100,,2064,20,,,0,100,,2063,20,,,0,100,,2066,20,,,0,100,,2065,20,,,0
