100,'5323',631,,1219,14,,,0,100,,1220,14,,,0,100,,1221,7,,,0,100,,1222,14,,,0,100,,1223,14,,,0,100,,1224,14,,,0,100,,1225,14,,,0,100,,1226,14,,,0,100,,1227,14,,,0,100,,1228,14,,,0,100,,1229,14,,,0,100,,1230,14,,,0,97,,1231,14,0,5 6,0
100,'5325',831,,1232,7,,,0,100,,1234,14,,,0,100,,1239,14,,,0,100,,1242,14,,,0,100,,1235,14,,,0,100,,1233,14,,,0,100,,1237,14,,,0,100,,1238,14,,,0,100,,1236,14,,,0,100,,1241,14,,,0,97,,1240,14,0,5 6,0
100,'5326',631,,1243,14,,,0,100,,1244,14,,,0,100,,1245,7,,,0,100,,1246,14,,,0,100,,1247,14,,,0,100,,1248,14,,,0,100,,1249,14,,,0,100,,1250,14,,,0,100,,1251,14,,,0,100,,1252,14,,,0,100,,1253,14,,,0,100,,1254,14,,,0,97,,1255,14,0,5 6,0
100,'5328',831,,1256,7,,,0,100,,1259,14,,,0,100,,1263,14,,,0,100,,1266,14,,,0,100,,1258,14,,,0,100,,1257,14,,,0,100,,1261,14,,,0,100,,1262,14,,,0,100,,1260,14,,,0,100,,1265,14,,,0,97,,1264,14,0,5 6,0
101,'5323',811,,1282,27,,,0
101,'5325',811,,1303,4,,,0
101,'5326',811,,1306,27,,,0
101,'5328',811,,1327,4,,,0
300,'5323',701,,1458,9,,,0,100,,1459,9,0,11 12,0,100,,1460,9,,,0,100,,1461,9,,,0,100,,1463,9,,,0,100,,1462,9,,,0,100,,1464,9,,,0,100,,1465,9,,,0,100,,1466,9,,,0,100,,1467,9,,,0,100,,1468,9,,,0,100,,1469,9,,,0
300,'5325',801,,1472,3,0,11 12,0,100,,1473,9,,,0,100,,1474,9,,,0,100,,1471,9,,,0,100,,1475,9,,,0,100,,1476,9,,,0,100,,1477,9,,,0,100,,1478,9,,,0,100,,1479,9,,,0,100,,1480,9,,,0,100,,1481,9,,,0
300,'5326',701,,1482,9,,,0,100,,1483,9,0,11 12,0,100,,1484,9,,,0,100,,1485,9,,,0,100,,1487,9,,,0,100,,1486,9,,,0,100,,1488,9,,,0,100,,1489,9,,,0,100,,1490,9,,,0,100,,1491,9,,,0,100,,1492,9,,,0,100,,1493,9,,,0
300,'5328',901,,1496,9,,,0,100,,1497,9,,,0,100,,1495,9,,,0,100,,1498,9,,,0,100,,1499,9,,,0,100,,1500,9,,,0,100,,1501,9,,,0,100,,1502,9,,,0,100,,1503,9,,,0,100,,1504,9,,,0
3000,'5323',806,,2098,3,,,0,310,,2097,3,,,0,185,,2101,3,,,0,255,,2099,3,,,0,171,,2100,3,,,0
3000,'5325',906,,2102,3,,,0,210,,2103,3,,,0,185,,2105,3,,,0,255,,2104,3,,,0,171,,2106,3,,,0
3000,'5326',806,,2108,3,,,0,310,,2107,3,,,0,185,,2111,3,,,0,255,,2109,3,,,0,171,,2110,3,,,0
3000,'5328',906,,2112,3,,,0,210,,2113,3,,,0,185,,2115,3,,,0,255,,2114,3,,,0,171,,2116,3,,,0
4000,'5323',826,,2138,14,4,,0,516,,2137,14,4,,0
4000,'5326',826,,2140,14,4,,0,516,,2139,14,4,,0
