500,'5210',1302,,1714,16,,,0,100,,1715,16,,,0,100,,1716,16,,,0,100,,1717,16,,,0
500,'5323',732,,1718,16,,,0,70,,1740,16,,,0,30,,1720,16,,,0,70,,1738,16,,,0,30,,1721,16,,,0,70,,1728,16,,,0,30,,1722,16,,,0,70,,1729,16,,,0,30,,1719,16,,,0,70,,1730,16,,,0,30,,1724,16,,,0,70,,1731,16,,,0,30,,1723,16,,,0,70,,1732,16,,,0,30,,1725,16,,,0,70,,1735,16,,,0,30,,1726,16,,,0,70,,1741,16,,,0,30,,1727,16,,,0,70,,1739,16,,,0,30,,1733,16,,,0,70,,1734,16,,,0,30,,1736,16,,,0
500,'5325',932,,1742,16,,,0,70,,1758,16,,,0,30,,1747,16,,,0,70,,1755,16,,,0,30,,1748,16,,,0,70,,1756,16,,,0,30,,1750,16,,,0,70,,1754,16,,,0,30,,1751,16,,,0,70,,1757,16,,,0,30,,1749,16,,,0,70,,1759,16,,,0,30,,1746,16,,,0,70,,1753,16,,,0,30,,1745,16,,,0,70,,1752,16,,,0,30,,1743,16,,,0,70,,1760,16,,,0,30,,1744,16,,,0
500,'5326',732,,1762,16,,,0,70,,1784,16,,,0,30,,1764,16,,,0,70,,1782,16,,,0,30,,1765,16,,,0,70,,1772,16,,,0,30,,1766,16,,,0,70,,1773,16,,,0,30,,1763,16,,,0,70,,1774,16,,,0,30,,1768,16,,,0,70,,1775,16,,,0,30,,1767,16,,,0,70,,1776,16,,,0,30,,1769,16,,,0,70,,1779,16,,,0,30,,1770,16,,,0,70,,1785,16,,,0,30,,1771,16,,,0,70,,1783,16,,,0,30,,1777,16,,,0,70,,1778,16,,,0,30,,1780,16,,,0,100,,1786,16,,,0,100,,1787,16,,,0,100,,1788,16,,,0,100,,1789,16,,,0,100,,1790,16,,,0
500,'5328',932,,1791,16,,,0,70,,1807,16,,,0,30,,1796,16,,,0,70,,1804,16,,,0,30,,1797,16,,,0,70,,1805,16,,,0,30,,1799,16,,,0,70,,1803,16,,,0,30,,1800,16,,,0,70,,1806,16,,,0,30,,1798,16,,,0,70,,1808,16,,,0,30,,1795,16,,,0,70,,1802,16,,,0,30,,1794,16,,,0,70,,1801,16,,,0,30,,1792,16,,,0,70,,1809,16,,,0,30,,1793,16,,,0,100,,1811,16,,,0,100,,1812,16,,,0,100,,1813,16,,,0,100,,1814,16,,,0,100,,1815,16,,,0
1501,'5323',1927,,2030,18,0,7,0,124,,2032,18,0,7,0
1501,'5325',1927,,2035,18,0,7,0,124,,2036,18,0,7,0
1501,'5326',1927,,2038,18,0,7,0,124,,2040,18,0,7,0
1501,'5328',1927,,2043,18,0,7,0,124,,2044,18,0,7,0
1600,'5210',902,,2046,5,,,0,100,,2049,11,,,0,100,,2048,11,,,0,100,,2047,11,,,0,100,,2050,11,,,0,100,,2051,11,,,0,100,,2052,11,,,0,100,,2053,11,,,0,100,,2054,11,,,0,100,,2056,11,,,0
