100,'4332',844,,784,23,,,0,100,,786,30,,,0,100,,790,30,,,0,100,,794,30,,,0,100,,787,30,,,0,100,,785,30,,,0,100,,791,30,,,0,100,,789,30,,,0,100,,788,30,,,0,100,,793,30,,,0
100,'4480',644,,795,30,,,0,100,,796,30,,,0,100,,797,23,,,0,100,,798,30,,,0,100,,799,30,,,0,100,,800,30,,,0,100,,801,30,,,0,100,,802,30,,,0,100,,803,30,,,0,100,,804,30,,,0,100,,805,30,,,0,100,,806,30,,,0
201,'4332',814,,854,21,,,0,100,,855,21,,,0,100,,856,21,,,0,100,,857,21,,,0,100,,858,21,,,0,100,,859,21,,,0,100,,860,21,,,0,100,,861,21,,,0,100,,862,21,,,0,100,,863,21,,,0,100,,864,21,,,0
201,'4480',714,,865,21,,,0,100,,866,21,,,0,100,,867,21,,,0,100,,868,21,,,0,100,,869,21,,,0,100,,870,21,,,0,100,,871,21,,,0,100,,872,21,,,0,100,,873,21,,,0,100,,874,21,,,0,100,,875,21,,,0,100,,877,3,,,0
1101,'4480',1240,,1082,9,,,0,572,,1080,9,,,0
1501,'4332',1941,,1098,3,,,0,164,,1101,3,,,0
1501,'4480',1941,,1103,3,,,0,164,,1105,3,,,0
1600,'4327',912,,663,21,,,0,100,,666,27,,,0,100,,665,27,,,0,100,,664,27,,,0,100,,667,27,,,0,100,,668,27,,,0,100,,669,27,,,0,100,,670,27,,,0,100,,671,27,,,0
4001,'4480',944,,1143,3,,,0,604,,1144,3,,,0
7000,'4480',613,,1149,34,,,0,305,,1150,17,,,0,324,,1151,17,,,0,300,,1152,17,,,0
