101,'4332',900,,812,9,,,0,100,,814,9,,,0,100,,808,9,,,0,100,,810,9,,,0,100,,813,9,,,0,100,,811,9,,,0,100,,815,9,,,0,100,,809,9,,,0,100,,816,9,,,0,100,,817,9,,,0
101,'4480',700,,820,9,,,0,100,,821,9,,,0,100,,822,9,,,0,100,,823,9,,,0,100,,825,9,,,0,100,,824,9,,,0,100,,827,9,,,0,100,,826,9,,,0,100,,828,9,,,0,100,,829,9,,,0,100,,830,9,,,0,100,,831,9,,,0
301,'4332',830,,1182,4,,,0,100,,1181,11,,,0,100,,1184,11,,,0,100,,1183,11,,,0,100,,1185,11,,,0,100,,1186,11,,,0,100,,1187,11,,,0,100,,1188,11,,,0,100,,1189,11,,,0,100,,1191,11,,,0
301,'4480',630,,1192,1,,,0,100,,1193,11,,,0,100,,1194,4,,,0,100,,1195,11,,,0,100,,1196,11,,,0,100,,1197,11,,,0,100,,1198,11,,,0,100,,1199,11,,,0,100,,1200,11,,,0,100,,1201,11,,,0,100,,1202,11,,,0,100,,1203,11,,,0
1000,'4332',810,,1063,13,,,0,429,,1064,13,,,0,407,,1065,13,,,0
1000,'4480',648,,1066,13,,,0,162,,1067,13,,,0,429,,1068,13,,,0,407,,1069,13,,,0
1500,'4332',1850,,1083,1,0,13,0,164,,1084,23,4,,0,124,,1087,23,4,,0,85,,1086,23,4,,0
1500,'4480',1850,,1090,1,0,14 15,0,164,,1092,23,4,,0,124,,1094,23,4,,0,85,,1096,23,4,,0
4000,'4480',845,,1142,30,4,,0,556,,1141,30,4,,0
7001,'4480',845,,1153,14,0,14 15,0,296,,1154,12,0,14 15,0,365,,1155,14,0,14 15,0,305,,1156,12,,,0
