500,'5210',1302,,1714,15,,,0,100,,1715,15,,,0,100,,1716,15,,,0,100,,1717,15,,,0
500,'5323',732,,1718,15,,,0,70,,1740,15,,,0,30,,1720,15,,,0,70,,1738,15,,,0,30,,1721,15,,,0,70,,1728,15,,,0,30,,1722,15,,,0,70,,1729,15,,,0,30,,1719,15,,,0,70,,1730,15,,,0,30,,1724,15,,,0,70,,1731,15,,,0,30,,1723,15,,,0,70,,1732,15,,,0,30,,1725,15,,,0,70,,1735,15,,,0,30,,1726,15,,,0,70,,1741,15,,,0,30,,1727,15,,,0,70,,1739,15,,,0,30,,1733,15,,,0,70,,1734,15,,,0,30,,1736,15,,,0
500,'5325',932,,1742,15,,,0,70,,1758,15,,,0,30,,1747,15,,,0,70,,1755,15,,,0,30,,1748,15,,,0,70,,1756,15,,,0,30,,1750,15,,,0,70,,1754,15,,,0,30,,1751,15,,,0,70,,1757,15,,,0,30,,1749,15,,,0,70,,1759,15,,,0,30,,1746,15,,,0,70,,1753,15,,,0,30,,1745,15,,,0,70,,1752,15,,,0,30,,1743,15,,,0,70,,1760,15,,,0,30,,1744,15,,,0
500,'5326',732,,1762,15,,,0,70,,1784,15,,,0,30,,1764,15,,,0,70,,1782,15,,,0,30,,1765,15,,,0,70,,1772,15,,,0,30,,1766,15,,,0,70,,1773,15,,,0,30,,1763,15,,,0,70,,1774,15,,,0,30,,1768,15,,,0,70,,1775,15,,,0,30,,1767,15,,,0,70,,1776,15,,,0,30,,1769,15,,,0,70,,1779,15,,,0,30,,1770,15,,,0,70,,1785,15,,,0,30,,1771,15,,,0,70,,1783,15,,,0,30,,1777,15,,,0,70,,1778,15,,,0,30,,1780,15,,,0,100,,1786,15,,,0,100,,1787,15,,,0,100,,1788,15,,,0,100,,1789,15,,,0,100,,1790,15,,,0
500,'5328',932,,1791,15,,,0,70,,1807,15,,,0,30,,1796,15,,,0,70,,1804,15,,,0,30,,1797,15,,,0,70,,1805,15,,,0,30,,1799,15,,,0,70,,1803,15,,,0,30,,1800,15,,,0,70,,1806,15,,,0,30,,1798,15,,,0,70,,1808,15,,,0,30,,1795,15,,,0,70,,1802,15,,,0,30,,1794,15,,,0,70,,1801,15,,,0,30,,1792,15,,,0,70,,1809,15,,,0,30,,1793,15,,,0,100,,1811,15,,,0,100,,1812,15,,,0,100,,1813,15,,,0,100,,1814,15,,,0,100,,1815,15,,,0
1501,'5323',1927,,2030,17,0,7,0,124,,2032,17,0,7,0
1501,'5325',1927,,2035,17,0,7,0,124,,2036,17,0,7,0
1501,'5326',1927,,2038,17,0,7,0,124,,2040,17,0,7,0
1501,'5328',1927,,2043,17,0,7,0,124,,2044,17,0,7,0
1600,'5210',902,,2046,4,,,0,100,,2049,10,,,0,100,,2048,10,,,0,100,,2047,10,,,0,100,,2050,10,,,0,100,,2051,10,,,0,100,,2052,10,,,0,100,,2053,10,,,0,100,,2054,10,,,0,100,,2056,10,,,0
