300,'4833',818,,1446,36,0,11 12,0
300,'5323',818,,1459,36,0,11 12,0
300,'5325',818,,1472,30,0,11 12,0
300,'5326',818,,1483,36,0,11 12,0
500,'4833',739,,1690,22,,,0,70,,1712,22,,,0,30,,1692,22,,,0,70,,1710,22,,,0,30,,1693,22,,,0,70,,1700,22,,,0,30,,1694,22,,,0,70,,1701,22,,,0,30,,1691,22,,,0,70,,1702,22,,,0,30,,1696,22,,,0,70,,1703,22,,,0,30,,1695,22,,,0,70,,1704,22,,,0,30,,1697,22,,,0,70,,1707,22,,,0,30,,1698,22,,,0,70,,1713,22,,,0,30,,1699,22,,,0,70,,1711,22,,,0,30,,1705,22,,,0,70,,1706,22,,,0,30,,1708,22,,,0
500,'5322',1309,,1714,22,,,0,100,,1715,22,,,0,100,,1716,22,,,0,100,,1717,22,,,0
500,'5323',739,,1718,22,,,0,70,,1740,22,,,0,30,,1720,22,,,0,70,,1738,22,,,0,30,,1721,22,,,0,70,,1728,22,,,0,30,,1722,22,,,0,70,,1729,22,,,0,30,,1719,22,,,0,70,,1730,22,,,0,30,,1724,22,,,0,70,,1731,22,,,0,30,,1723,22,,,0,70,,1732,22,,,0,30,,1725,22,,,0,70,,1735,22,,,0,30,,1726,22,,,0,70,,1741,22,,,0,30,,1727,22,,,0,70,,1739,22,,,0,30,,1733,22,,,0,70,,1734,22,,,0,30,,1736,22,,,0
500,'5325',939,,1742,22,,,0,70,,1758,22,,,0,30,,1747,22,,,0,70,,1755,22,,,0,30,,1748,22,,,0,70,,1756,22,,,0,30,,1750,22,,,0,70,,1754,22,,,0,30,,1751,22,,,0,70,,1757,22,,,0,30,,1749,22,,,0,70,,1759,22,,,0,30,,1746,22,,,0,70,,1753,22,,,0,30,,1745,22,,,0,70,,1752,22,,,0,30,,1743,22,,,0,70,,1760,22,,,0,30,,1744,22,,,0
500,'5326',739,,1762,22,,,0,70,,1784,22,,,0,30,,1764,22,,,0,70,,1782,22,,,0,30,,1765,22,,,0,70,,1772,22,,,0,30,,1766,22,,,0,70,,1773,22,,,0,30,,1763,22,,,0,70,,1774,22,,,0,30,,1768,22,,,0,70,,1775,22,,,0,30,,1767,22,,,0,70,,1776,22,,,0,30,,1769,22,,,0,70,,1779,22,,,0,30,,1770,22,,,0,70,,1785,22,,,0,30,,1771,22,,,0,70,,1783,22,,,0,30,,1777,22,,,0,70,,1778,22,,,0,30,,1780,22,,,0,99,,1786,22,,,0,100,,1787,22,,,0,100,,1788,22,,,0,100,,1789,22,,,0,100,,1790,22,,,0
500,'5328',939,,1791,22,,,0,70,,1807,22,,,0,30,,1796,22,,,0,70,,1804,22,,,0,30,,1797,22,,,0,70,,1805,22,,,0,30,,1799,22,,,0,70,,1803,22,,,0,30,,1800,22,,,0,70,,1806,22,,,0,30,,1798,22,,,0,70,,1808,22,,,0,30,,1795,22,,,0,70,,1802,22,,,0,30,,1794,22,,,0,70,,1801,22,,,0,30,,1792,22,,,0,70,,1809,22,,,0,30,,1793,22,,,0,99,,1811,22,,,0,100,,1812,22,,,0,100,,1813,22,,,0,100,,1814,22,,,0,100,,1815,22,,,0
