100,'5323',645,,1219,32,,,0,100,,1220,32,,,0,100,,1221,25,,,0,100,,1222,32,,,0,100,,1223,32,,,0,100,,1224,32,,,0,100,,1225,32,,,0,100,,1226,32,,,0,100,,1227,32,,,0,100,,1228,32,,,0,100,,1229,32,,,0,100,,1230,32,,,0
100,'5325',845,,1232,25,,,0,100,,1234,32,,,0,100,,1239,32,,,0,100,,1242,32,,,0,100,,1235,32,,,0,100,,1233,32,,,0,100,,1237,32,,,0,100,,1238,32,,,0,100,,1236,32,,,0,100,,1241,32,,,0
100,'5326',645,,1243,32,,,0,100,,1244,32,,,0,100,,1245,25,,,0,100,,1246,32,,,0,100,,1247,32,,,0,100,,1248,32,,,0,100,,1249,32,,,0,100,,1250,32,,,0,100,,1251,32,,,0,100,,1252,32,,,0,100,,1253,32,,,0,100,,1254,32,,,0
100,'5328',845,,1256,25,,,0,100,,1259,32,,,0,100,,1263,32,,,0,100,,1266,32,,,0,100,,1258,32,,,0,100,,1257,32,,,0,100,,1261,32,,,0,100,,1262,32,,,0,100,,1260,32,,,0,100,,1265,32,,,0
400,'5323',709,,1579,11,,,0,100,,1584,11,,,0,100,,1586,11,,,0,100,,1587,11,,,0,100,,1588,11,,,0,100,,1589,11,,,0,100,,1590,11,,,0,100,,1591,11,,,0,100,,1585,11,,,0,100,,1582,11,,,0,100,,1583,11,,,0,100,,1581,11,0,7 6,0
400,'5325',809,,1595,11,,,0,100,,1598,11,,,0,100,,1592,11,,,0,100,,1593,11,,,0,100,,1596,11,,,0,100,,1597,11,,,0,100,,1594,11,,,0,100,,1599,11,,,0,100,,1600,11,,,0,100,,1601,11,,,0,100,,1602,11,0,7 6,0
400,'5326',709,,1604,11,,,0,100,,1609,11,,,0,100,,1611,11,,,0,100,,1612,11,,,0,100,,1613,11,,,0,100,,1614,11,,,0,100,,1615,11,,,0,100,,1616,11,,,0,100,,1610,11,,,0,100,,1607,11,,,0,100,,1608,11,,,0,100,,1606,11,0,7 6,0
400,'5328',809,,1620,11,,,0,100,,1623,11,,,0,100,,1617,11,,,0,100,,1618,11,,,0,100,,1621,11,,,0,100,,1622,11,,,0,100,,1619,11,,,0,100,,1624,11,,,0,100,,1625,11,,,0,100,,1626,11,,,0,100,,1627,11,0,7 6,0
1600,'5210',913,,2046,23,,,0,100,,2049,29,,,0,100,,2048,29,,,0,100,,2047,29,,,0,100,,2050,29,,,0,100,,2051,29,,,0,100,,2052,29,,,0,100,,2053,29,,,0,100,,2054,29,,,0,100,,2056,29,,,0
3000,'5323',815,,2098,17,,,0,310,,2097,17,,,0,185,,2101,17,,,0,295,,2099,17,,,0,131,,2100,17,,,0
3000,'5325',915,,2102,17,,,0,210,,2103,17,,,0,185,,2105,17,,,0,295,,2104,17,,,0,131,,2106,17,,,0
3000,'5326',815,,2108,17,,,0,310,,2107,17,,,0,185,,2111,17,,,0,295,,2109,17,,,0,131,,2110,17,,,0
3000,'5328',915,,2112,17,,,0,210,,2113,17,,,0,185,,2115,17,,,0,295,,2114,17,,,0,131,,2116,17,,,0
7000,'5323',614,,2153,36,,,0,305,,2154,19,,,0,324,,2155,19,,,0,300,,2156,19,,,0
7000,'5326',614,,2157,36,,,0,305,,2158,19,,,0,324,,2159,19,,,0,300,,2160,19,,,0
