100,'5323',632,,1219,16,,,0,100,,1220,16,,,0,100,,1221,9,,,0,100,,1222,16,,,0,100,,1223,16,,,0,100,,1224,16,,,0,100,,1225,16,,,0,100,,1226,16,,,0,100,,1227,16,,,0,100,,1228,16,,,0,100,,1229,16,,,0,100,,1230,16,,,0,97,,1231,16,0,5 6,0
100,'5325',832,,1232,9,,,0,100,,1234,16,,,0,100,,1239,16,,,0,100,,1242,16,,,0,100,,1235,16,,,0,100,,1233,16,,,0,100,,1237,16,,,0,100,,1238,16,,,0,100,,1236,16,,,0,100,,1241,16,,,0,97,,1240,16,0,5 6,0
100,'5326',632,,1243,16,,,0,100,,1244,16,,,0,100,,1245,9,,,0,100,,1246,16,,,0,100,,1247,16,,,0,100,,1248,16,,,0,100,,1249,16,,,0,100,,1250,16,,,0,100,,1251,16,,,0,100,,1252,16,,,0,100,,1253,16,,,0,100,,1254,16,,,0,97,,1255,16,0,5 6,0
100,'5328',832,,1256,9,,,0,100,,1259,16,,,0,100,,1263,16,,,0,100,,1266,16,,,0,100,,1258,16,,,0,100,,1257,16,,,0,100,,1261,16,,,0,100,,1262,16,,,0,100,,1260,16,,,0,100,,1265,16,,,0,97,,1264,16,0,5 6,0
300,'5323',702,,1458,11,,,0,100,,1459,11,0,11 12,0,100,,1460,11,,,0,100,,1461,11,,,0,100,,1463,11,,,0,100,,1462,11,,,0,100,,1464,11,,,0,100,,1465,11,,,0,100,,1466,11,,,0,100,,1467,11,,,0,100,,1468,11,,,0,100,,1469,11,,,0
300,'5325',802,,1472,5,0,11 12,0,100,,1473,11,,,0,100,,1474,11,,,0,100,,1471,11,,,0,100,,1475,11,,,0,100,,1476,11,,,0,100,,1477,11,,,0,100,,1478,11,,,0,100,,1479,11,,,0,100,,1480,11,,,0,100,,1481,11,,,0
300,'5326',702,,1482,11,,,0,100,,1483,11,0,11 12,0,100,,1484,11,,,0,100,,1485,11,,,0,100,,1487,11,,,0,100,,1486,11,,,0,100,,1488,11,,,0,100,,1489,11,,,0,100,,1490,11,,,0,100,,1491,11,,,0,100,,1492,11,,,0,100,,1493,11,,,0
300,'5328',902,,1496,11,,,0,100,,1497,11,,,0,100,,1495,11,,,0,100,,1498,11,,,0,100,,1499,11,,,0,100,,1500,11,,,0,100,,1501,11,,,0,100,,1502,11,,,0,100,,1503,11,,,0,100,,1504,11,,,0
3000,'5323',807,,2098,5,,,0,310,,2097,5,,,0,185,,2101,5,,,0,255,,2099,5,,,0,171,,2100,5,,,0
3000,'5325',907,,2102,5,,,0,210,,2103,5,,,0,185,,2105,5,,,0,255,,2104,5,,,0,171,,2106,5,,,0
3000,'5326',807,,2108,5,,,0,310,,2107,5,,,0,185,,2111,5,,,0,255,,2109,5,,,0,171,,2110,5,,,0
3000,'5328',907,,2112,5,,,0,210,,2113,5,,,0,185,,2115,5,,,0,255,,2114,5,,,0,171,,2116,5,,,0
4000,'5323',827,,2138,15,4,,0,516,,2137,15,4,,0
4000,'5326',827,,2140,15,4,,0,516,,2139,15,4,,0
