500,'5210',1256,,1714,10,,,0,100,,1715,10,,,0,100,,1716,10,,,0,100,,1717,10,,,0
500,'5323',726,,1718,10,,,0,30,,1740,10,,,0,70,,1720,10,,,0,30,,1738,10,,,0,70,,1721,10,,,0,30,,1728,10,,,0,70,,1722,10,,,0,30,,1729,10,,,0,70,,1719,10,,,0,30,,1730,10,,,0,70,,1724,10,,,0,30,,1731,10,,,0,70,,1723,10,,,0,30,,1732,10,,,0,70,,1725,10,,,0,30,,1735,10,,,0,70,,1726,10,,,0,30,,1741,10,,,0,70,,1727,10,,,0,30,,1739,10,,,0,70,,1733,10,,,0,30,,1734,10,,,0,70,,1736,10,,,0
500,'5325',926,,1742,10,,,0,30,,1758,10,,,0,70,,1747,10,,,0,30,,1755,10,,,0,70,,1748,10,,,0,30,,1756,10,,,0,70,,1750,10,,,0,30,,1754,10,,,0,70,,1751,10,,,0,30,,1757,10,,,0,70,,1749,10,,,0,30,,1759,10,,,0,70,,1746,10,,,0,30,,1753,10,,,0,70,,1745,10,,,0,30,,1752,10,,,0,70,,1743,10,,,0,30,,1760,10,,,0,70,,1744,10,,,0
500,'5326',726,,1762,10,,,0,30,,1784,10,,,0,70,,1764,10,,,0,30,,1782,10,,,0,70,,1765,10,,,0,30,,1772,10,,,0,70,,1766,10,,,0,30,,1773,10,,,0,70,,1763,10,,,0,30,,1774,10,,,0,70,,1768,10,,,0,30,,1775,10,,,0,70,,1767,10,,,0,30,,1776,10,,,0,70,,1769,10,,,0,30,,1779,10,,,0,70,,1770,10,,,0,30,,1785,10,,,0,70,,1771,10,,,0,30,,1783,10,,,0,70,,1777,10,,,0,30,,1778,10,,,0,70,,1780,10,,,0,100,,1786,10,,,0,100,,1787,10,,,0,100,,1788,10,,,0,100,,1789,10,,,0,100,,1790,10,,,0
500,'5328',926,,1791,10,,,0,30,,1807,10,,,0,70,,1796,10,,,0,30,,1804,10,,,0,70,,1797,10,,,0,30,,1805,10,,,0,70,,1799,10,,,0,30,,1803,10,,,0,70,,1800,10,,,0,30,,1806,10,,,0,70,,1798,10,,,0,30,,1808,10,,,0,70,,1795,10,,,0,30,,1802,10,,,0,70,,1794,10,,,0,30,,1801,10,,,0,70,,1792,10,,,0,30,,1809,10,,,0,70,,1793,10,,,0,100,,1811,10,,,0,100,,1812,10,,,0,100,,1813,10,,,0,100,,1814,10,,,0,100,,1815,10,,,0
1501,'5323',1923,,2030,12,0,7,0,124,,2032,12,0,7,0
1501,'5325',1923,,2035,12,0,7,0,124,,2036,12,0,7,0
1501,'5326',1923,,2038,12,0,7,0,124,,2040,12,0,7,0
1501,'5328',1923,,2043,12,0,7,0,124,,2044,12,0,7,0
2000,'5323',752,,2067,21,0,8 9,0,170,,2068,21,0,8 9,0,300,,2069,21,0,8 9,0,428,,2071,13,0,10,0,170,,2070,13,0,10,0
2000,'5326',752,,2072,21,0,8 9,0,170,,2073,21,0,8 9,0,300,,2074,21,0,8 9,0,428,,2076,13,0,10,0,170,,2075,13,0,10,0
