200,'4833',630,,1328,2,,,0,100,,1329,2,,,0,100,,1330,2,,,0,100,,1331,2,,,0,100,,1332,2,,,0,100,,1333,2,,,0,100,,1334,2,,,0,100,,1335,2,,,0,100,,1336,2,,,0,100,,1337,2,,,0,100,,1338,2,,,0,100,,1339,2,,,0
200,'5323',630,,1340,2,,,0,100,,1341,2,,,0,100,,1342,2,,,0,100,,1343,2,,,0,100,,1344,2,,,0,100,,1345,2,,,0,100,,1346,2,,,0,100,,1347,2,,,0,100,,1348,2,,,0,100,,1349,2,,,0,100,,1350,2,,,0,100,,1351,2,,,0
200,'5325',830,,1352,2,,,0,100,,1353,2,,,0,100,,1354,2,,,0,100,,1355,2,,,0,100,,1356,2,,,0,100,,1357,2,,,0,100,,1358,2,,,0,100,,1359,2,,,0,100,,1360,2,,,0,100,,1361,2,,,0
200,'5326',630,,1362,2,,,0,100,,1363,2,,,0,100,,1364,2,,,0,100,,1365,2,,,0,100,,1366,2,,,0,100,,1367,2,,,0,100,,1368,2,,,0,100,,1369,2,,,0,100,,1370,2,,,0,100,,1371,2,,,0,100,,1372,2,,,0,100,,1373,2,,,0
200,'5328',830,,1374,2,,,0,100,,1375,2,,,0,100,,1376,2,,,0,100,,1377,2,,,0,100,,1378,2,,,0,100,,1379,2,,,0,100,,1380,2,,,0,100,,1381,2,,,0,100,,1382,2,,,0,100,,1383,2,,,0
400,'4833',700,,1566,2,,,0,100,,1571,2,,,0,100,,1573,2,,,0,100,,1574,2,,,0,100,,1575,2,,,0,100,,1576,2,,,0,100,,1577,2,,,0,100,,1578,2,,,0,100,,1572,2,,,0,100,,1569,2,,,0,100,,1570,2,,,0,100,,1568,2,0,7 6,0
400,'5323',700,,1579,2,,,0,100,,1584,2,,,0,100,,1586,2,,,0,100,,1587,2,,,0,100,,1588,2,,,0,100,,1589,2,,,0,100,,1590,2,,,0,100,,1591,2,,,0,100,,1585,2,,,0,100,,1582,2,,,0,100,,1583,2,,,0,100,,1581,2,0,7 6,0
400,'5325',800,,1595,2,,,0,100,,1598,2,,,0,100,,1592,2,,,0,100,,1593,2,,,0,100,,1596,2,,,0,100,,1597,2,,,0,100,,1594,2,,,0,100,,1599,2,,,0,100,,1600,2,,,0,100,,1601,2,,,0,100,,1602,2,0,7 6,0
400,'5326',700,,1604,2,,,0,100,,1609,2,,,0,100,,1611,2,,,0,100,,1612,2,,,0,100,,1613,2,,,0,100,,1614,2,,,0,100,,1615,2,,,0,100,,1616,2,,,0,100,,1610,2,,,0,100,,1607,2,,,0,100,,1608,2,,,0,100,,1606,2,0,7 6,0
400,'5328',800,,1620,2,,,0,100,,1623,2,,,0,100,,1617,2,,,0,100,,1618,2,,,0,100,,1621,2,,,0,100,,1622,2,,,0,100,,1619,2,,,0,100,,1624,2,,,0,100,,1625,2,,,0,100,,1626,2,,,0,100,,1627,2,0,7 6,0
1000,'5323',641,,1944,2,,,0,162,,1945,2,,,0,123,,1948,2,,,0,305,,1946,2,,,0,407,,1947,2,,,0
1000,'5325',803,,1949,2,,,0,428,,1950,2,,,0,407,,1951,2,,,0
1000,'5326',641,,1952,2,,,0,162,,1953,2,,,0,123,,1956,2,,,0,305,,1954,2,,,0,407,,1955,2,,,0
1000,'5328',803,,1957,2,,,0,428,,1958,2,,,0,407,,1959,2,,,0
1101,'5323',1233,,1984,2,,,0,572,,1982,2,,,0
1101,'5326',1233,,1987,2,,,0,572,,1985,2,,,0
1500,'4833',2001,,1991,7,,,0,124,,1992,7,,,0,85,,1994,7,,,0
1500,'5323',2001,,1999,7,,,0,124,,2000,7,,,0,85,,2002,7,,,0
1500,'5325',2001,,2005,7,,,0,124,,2008,7,,,0,85,,2007,7,,,0
1500,'5326',2001,,2014,7,,,0,124,,2015,7,,,0,85,,2017,7,,,0
1500,'5328',2001,,2020,7,,,0,124,,2023,7,,,0,85,,2022,7,,,0
7000,'5323',603,,2153,18,,,0,305,,2154,1,,,0,324,,2155,1,,,0,300,,2156,1,,,0
7000,'5326',603,,2157,18,,,0,305,,2158,1,,,0,324,,2159,1,,,0,300,,2160,1,,,0
