301,'5323',646,,1518,23,,,0,100,,1519,33,,,0,100,,1520,26,,,0,100,,1521,33,,,0,100,,1522,33,,,0,100,,1523,33,,,0,100,,1524,33,,,0,100,,1525,33,,,0,100,,1526,33,,,0,100,,1527,33,,,0,100,,1528,33,,,0,100,,1529,33,,,0
301,'5325',846,,1533,26,,,0,100,,1531,33,,,0,100,,1534,33,,,0,100,,1532,33,,,0,100,,1535,33,,,0,100,,1536,33,,,0,100,,1537,33,,,0,100,,1538,33,,,0,100,,1539,33,,,0,100,,1541,33,,,0
301,'5326',646,,1542,23,,,0,100,,1543,33,,,0,100,,1544,26,,,0,100,,1545,33,,,0,100,,1546,33,,,0,100,,1547,33,,,0,100,,1548,33,,,0,100,,1549,33,,,0,100,,1550,33,,,0,100,,1551,33,,,0,100,,1552,33,,,0,100,,1553,33,,,0
301,'5328',846,,1557,26,,,0,100,,1555,33,,,0,100,,1558,33,,,0,100,,1556,33,,,0,100,,1559,33,,,0,100,,1560,33,,,0,100,,1561,33,,,0,100,,1562,33,,,0,100,,1563,33,,,0,100,,1565,33,,,0
1501,'5323',1915,,2030,3,0,7,0,124,,2032,3,0,7,0
1501,'5325',1915,,2035,3,0,7,0,124,,2036,3,0,7,0
1501,'5326',1915,,2038,3,0,7,0,124,,2040,3,0,7,0
1501,'5328',1915,,2043,3,0,7,0,124,,2044,3,0,7,0
7001,'5323',1823,,2164,33,,,0
7001,'5326',1823,,2168,33,,,0
