100,'5323',644,,1219,28,,,0,100,,1220,28,,,0,100,,1221,21,,,0,100,,1222,28,,,0,100,,1223,28,,,0,100,,1224,28,,,0,100,,1225,28,,,0,100,,1226,28,,,0,100,,1227,28,,,0,100,,1228,28,,,0,100,,1229,28,,,0,100,,1230,28,,,0
100,'5325',844,,1232,21,,,0,100,,1234,28,,,0,100,,1239,28,,,0,100,,1242,28,,,0,100,,1235,28,,,0,100,,1233,28,,,0,100,,1237,28,,,0,100,,1238,28,,,0,100,,1236,28,,,0,100,,1241,28,,,0
100,'5326',644,,1243,28,,,0,100,,1244,28,,,0,100,,1245,21,,,0,100,,1246,28,,,0,100,,1247,28,,,0,100,,1248,28,,,0,100,,1249,28,,,0,100,,1250,28,,,0,100,,1251,28,,,0,100,,1252,28,,,0,100,,1253,28,,,0,100,,1254,28,,,0
100,'5328',844,,1256,21,,,0,100,,1259,28,,,0,100,,1263,28,,,0,100,,1266,28,,,0,100,,1258,28,,,0,100,,1257,28,,,0,100,,1261,28,,,0,100,,1262,28,,,0,100,,1260,28,,,0,100,,1265,28,,,0
201,'5323',713,,1397,19,,,0,100,,1398,19,,,0,100,,1399,19,,,0,100,,1400,19,,,0,100,,1401,19,,,0,100,,1402,19,,,0,100,,1403,19,,,0,100,,1404,19,,,0,100,,1405,19,,,0,100,,1406,19,,,0,100,,1407,19,,,0,100,,1409,1,,,0
201,'5325',813,,1410,19,,,0,100,,1411,19,,,0,100,,1412,19,,,0,100,,1413,19,,,0,100,,1414,19,,,0,100,,1415,19,,,0,100,,1416,19,,,0,100,,1417,19,,,0,100,,1418,19,,,0,100,,1419,19,,,0,100,,1420,19,,,0
201,'5326',713,,1421,19,,,0,100,,1422,19,,,0,100,,1423,19,,,0,100,,1424,19,,,0,100,,1425,19,,,0,100,,1426,19,,,0,100,,1427,19,,,0,100,,1428,19,,,0,100,,1429,19,,,0,100,,1430,19,,,0,100,,1431,19,,,0,100,,1433,1,,,0
201,'5328',813,,1434,19,,,0,100,,1435,19,,,0,100,,1437,19,,,0,100,,1436,19,,,0,100,,1438,19,,,0,100,,1439,19,,,0,100,,1440,19,,,0,100,,1441,19,,,0,100,,1442,19,,,0,100,,1443,19,,,0,100,,1444,19,,,0
1501,'5323',1940,,2031,1,,,0,164,,2033,1,,,0
1501,'5325',1940,,2034,1,,,0,164,,2037,1,,,0
1501,'5326',1940,,2039,1,,,0,164,,2041,1,,,0
1501,'5328',1940,,2042,1,,,0,164,,2045,1,,,0
1600,'5210',911,,2046,19,,,0,100,,2049,25,,,0,100,,2048,25,,,0,100,,2047,25,,,0,100,,2050,25,,,0,100,,2051,25,,,0,100,,2052,25,,,0,100,,2053,25,,,0,100,,2054,25,,,0,100,,2056,25,,,0
4001,'5323',943,,2141,1,,,0,604,,2142,1,,,0
4001,'5326',943,,2143,1,,,0,604,,2144,1,,,0
5000,'5324',910,,2149,10,,,0
5000,'5327',910,,2150,10,,,0
5001,'5324',1230,,2151,2,,,0
5001,'5327',1230,,2152,2,,,0
7000,'5323',612,,2153,32,,,0,305,,2154,15,,,0,324,,2155,15,,,0,300,,2156,15,,,0
7000,'5326',612,,2157,32,,,0,305,,2158,15,,,0,324,,2159,15,,,0,300,,2160,15,,,0
