101,'5323',704,,1281,17,,,0,100,,1282,17,,,0,100,,1283,17,,,0,100,,1284,17,,,0,100,,1286,17,,,0,100,,1285,17,,,0,100,,1288,17,,,0,100,,1287,17,,,0,100,,1289,17,,,0,100,,1290,17,,,0,100,,1291,17,,,0,100,,1292,17,,,0
101,'5325',904,,1297,17,,,0,100,,1299,17,,,0,100,,1293,17,,,0,100,,1295,17,,,0,100,,1298,17,,,0,100,,1296,17,,,0,100,,1300,17,,,0,100,,1294,17,,,0,100,,1301,17,,,0,100,,1302,17,,,0
101,'5326',704,,1305,17,,,0,100,,1306,17,,,0,100,,1307,17,,,0,100,,1308,17,,,0,100,,1310,17,,,0,100,,1309,17,,,0,100,,1312,17,,,0,100,,1311,17,,,0,100,,1313,17,,,0,100,,1314,17,,,0,100,,1315,17,,,0,100,,1316,17,,,0
101,'5328',904,,1321,17,,,0,100,,1323,17,,,0,100,,1317,17,,,0,100,,1319,17,,,0,100,,1322,17,,,0,100,,1320,17,,,0,100,,1324,17,,,0,100,,1318,17,,,0,100,,1325,17,,,0,100,,1326,17,,,0
301,'5323',634,,1518,9,,,0,100,,1519,19,,,0,100,,1520,12,,,0,100,,1521,19,,,0,100,,1522,19,,,0,100,,1523,19,,,0,100,,1524,19,,,0,100,,1525,19,,,0,100,,1526,19,,,0,100,,1527,19,,,0,100,,1528,19,,,0,100,,1529,19,,,0
301,'5325',834,,1533,12,,,0,100,,1531,19,,,0,100,,1534,19,,,0,100,,1532,19,,,0,100,,1535,19,,,0,100,,1536,19,,,0,100,,1537,19,,,0,100,,1538,19,,,0,100,,1539,19,,,0,100,,1541,19,,,0
301,'5326',634,,1542,9,,,0,100,,1543,19,,,0,100,,1544,12,,,0,100,,1545,19,,,0,100,,1546,19,,,0,100,,1547,19,,,0,100,,1548,19,,,0,100,,1549,19,,,0,100,,1550,19,,,0,100,,1551,19,,,0,100,,1552,19,,,0,100,,1553,19,,,0
301,'5328',834,,1557,12,,,0,100,,1555,19,,,0,100,,1558,19,,,0,100,,1556,19,,,0,100,,1559,19,,,0,100,,1560,19,,,0,100,,1561,19,,,0,100,,1562,19,,,0,100,,1563,19,,,0,100,,1565,19,,,0
1500,'5323',1853,,1996,9,0,14 15,0,164,,1998,9,0,13,0,124,,2001,9,0,13,0,85,,2003,9,0,13,0
1500,'5325',1853,,2004,9,0,13,0,164,,2006,9,0,13,0,124,,2009,9,0,13,0,85,,2010,9,0,13,0
1500,'5326',1853,,2011,9,0,14 15,0,164,,2013,9,0,13,0,124,,2016,9,0,13,0,85,,2018,9,0,13,0
1500,'5328',1853,,2019,9,0,13,0,164,,2021,9,0,13,0,124,,2024,9,0,13,0,85,,2025,9,0,13,0
7001,'5323',849,,2161,22,0,14 15,0,296,,2162,20,0,14 15,0,365,,2163,22,0,14 15,0,305,,2164,20,,,0
7001,'5326',849,,2165,22,0,14 15,0,296,,2166,20,0,14 15,0,365,,2167,22,0,14 15,0,305,,2168,20,,,0
