100,'4833',642,,1206,26,,,0,100,,1207,26,,,0,100,,1208,19,,,0,100,,1209,26,,,0,100,,1210,26,,,0,100,,1211,26,,,0,100,,1212,26,,,0,100,,1213,26,,,0,100,,1214,26,,,0,100,,1215,26,,,0,100,,1216,26,,,0,100,,1217,26,,,0
100,'5323',642,,1219,26,,,0,100,,1220,26,,,0,100,,1221,19,,,0,100,,1222,26,,,0,100,,1223,26,,,0,100,,1224,26,,,0,100,,1225,26,,,0,100,,1226,26,,,0,100,,1227,26,,,0,100,,1228,26,,,0,100,,1229,26,,,0,100,,1230,26,,,0
100,'5325',842,,1232,19,,,0,100,,1234,26,,,0,100,,1239,26,,,0,100,,1242,26,,,0,100,,1235,26,,,0,100,,1233,26,,,0,100,,1237,26,,,0,100,,1238,26,,,0,100,,1236,26,,,0,100,,1241,26,,,0
100,'5326',642,,1243,26,,,0,100,,1244,26,,,0,100,,1245,19,,,0,100,,1246,26,,,0,100,,1247,26,,,0,100,,1248,26,,,0,100,,1249,26,,,0,100,,1250,26,,,0,100,,1251,26,,,0,100,,1252,26,,,0,100,,1253,26,,,0,100,,1254,26,,,0
100,'5328',842,,1256,19,,,0,100,,1259,26,,,0,100,,1263,26,,,0,100,,1266,26,,,0,100,,1258,26,,,0,100,,1257,26,,,0,100,,1261,26,,,0,100,,1262,26,,,0,100,,1260,26,,,0,100,,1265,26,,,0
300,'4833',709,,1445,21,,,0,200,,1447,21,,,0,100,,1448,21,,,0,100,,1450,21,,,0,100,,1449,21,,,0,100,,1451,21,,,0,100,,1452,21,,,0,100,,1453,21,,,0,100,,1454,21,,,0,100,,1455,21,,,0,100,,1456,21,,,0
300,'5323',709,,1458,21,,,0,200,,1460,21,,,0,100,,1461,21,,,0,100,,1463,21,,,0,100,,1462,21,,,0,100,,1464,21,,,0,100,,1465,21,,,0,100,,1466,21,,,0,100,,1467,21,,,0,100,,1468,21,,,0,100,,1469,21,,,0
300,'5325',909,,1473,21,,,0,100,,1474,21,,,0,100,,1471,21,,,0,100,,1475,21,,,0,100,,1476,21,,,0,100,,1477,21,,,0,100,,1478,21,,,0,100,,1479,21,,,0,100,,1480,21,,,0,100,,1481,21,,,0
300,'5326',709,,1482,21,,,0,200,,1484,21,,,0,100,,1485,21,,,0,100,,1487,21,,,0,100,,1486,21,,,0,100,,1488,21,,,0,100,,1489,21,,,0,100,,1490,21,,,0,100,,1491,21,,,0,100,,1492,21,,,0,100,,1493,21,,,0
300,'5328',909,,1496,21,,,0,100,,1497,21,,,0,100,,1495,21,,,0,100,,1498,21,,,0,100,,1499,21,,,0,100,,1500,21,,,0,100,,1501,21,,,0,100,,1502,21,,,0,100,,1503,21,,,0,100,,1504,21,,,0
1501,'4833',1938,,2026,37,0,7,0,164,,2028,37,0,7,0
1501,'5323',1938,,2030,37,0,7,0,164,,2032,37,0,7,0
1501,'5325',1938,,2035,37,0,7,0,164,,2036,37,0,7,0
1501,'5326',1938,,2038,37,0,7,0,164,,2040,37,0,7,0
1501,'5328',1938,,2043,37,0,7,0,164,,2044,37,0,7,0
1600,'5322',910,,2046,17,,,0,100,,2049,23,,,0,100,,2048,23,,,0,100,,2047,23,,,0,100,,2050,23,,,0,100,,2051,23,,,0,100,,2052,23,,,0,100,,2053,23,,,0,100,,2054,23,,,0,100,,2056,23,,,0
7000,'5323',611,,2153,30,,,0,305,,2154,13,,,0,324,,2155,13,,,0,300,,2156,13,,,0
7000,'5326',611,,2157,30,,,0,305,,2158,13,,,0,324,,2159,13,,,0,300,,2160,13,,,0
