3000,'5323',840,,2098,26,,,0,314,,2097,28,,,0,181,,2101,26,,,0,295,,2099,26,,,0,174,,2100,28,,,0
3000,'5325',940,,2102,26,,,0,214,,2103,28,,,0,181,,2105,26,,,0,295,,2104,26,,,0,174,,2106,28,,,0
3000,'5326',840,,2108,26,,,0,314,,2107,28,,,0,181,,2111,26,,,0,295,,2109,26,,,0,174,,2110,28,,,0
3000,'5328',940,,2112,26,,,0,214,,2113,28,,,0,181,,2115,26,,,0,295,,2114,26,,,0,174,,2116,28,,,0
3001,'5323',718,,2117,3,,,0,315,,2118,3,,,0,185,,2121,3,,,0,290,,2119,3,,,0,135,,2120,3,,,0
3001,'5325',818,,2122,3,,,0,215,,2123,3,,,0,185,,2124,3,,,0,290,,2125,3,,,0,135,,2126,3,,,0
3001,'5326',718,,2127,3,,,0,315,,2128,3,,,0,185,,2131,3,,,0,290,,2129,3,,,0,135,,2130,3,,,0
3001,'5328',818,,2132,3,,,0,215,,2133,3,,,0,185,,2134,3,,,0,290,,2135,3,,,0,135,,2136,3,,,0
7001,'5323',827,,2161,6,0,14 15,0,296,,2162,4,0,14 15,0,325,,2163,6,0,14 15,0,305,,2164,4,,,0
7001,'5326',827,,2165,6,0,14 15,0,296,,2166,4,0,14 15,0,325,,2167,6,0,14 15,0,305,,2168,4,,,0
