200,'5323',634,,1340,8,,,0,100,,1341,8,,,0,100,,1342,8,,,0,100,,1343,8,,,0,100,,1344,8,,,0,100,,1345,8,,,0,100,,1346,8,,,0,100,,1347,8,,,0,100,,1348,8,,,0,100,,1349,8,,,0,100,,1350,8,,,0,100,,1351,8,,,0
200,'5325',834,,1352,8,,,0,100,,1353,8,,,0,100,,1354,8,,,0,100,,1355,8,,,0,100,,1356,8,,,0,100,,1357,8,,,0,100,,1358,8,,,0,100,,1359,8,,,0,100,,1360,8,,,0,100,,1361,8,,,0
200,'5326',634,,1362,8,,,0,100,,1363,8,,,0,100,,1364,8,,,0,100,,1365,8,,,0,100,,1366,8,,,0,100,,1367,8,,,0,100,,1368,8,,,0,100,,1369,8,,,0,100,,1370,8,,,0,100,,1371,8,,,0,100,,1372,8,,,0,100,,1373,8,,,0
200,'5328',834,,1374,8,,,0,100,,1375,8,,,0,100,,1376,8,,,0,100,,1377,8,,,0,100,,1378,8,,,0,100,,1379,8,,,0,100,,1380,8,,,0,100,,1381,8,,,0,100,,1382,8,,,0,100,,1383,8,,,0
401,'5323',736,,1649,10,,,0,100,,1650,10,,,0,100,,1651,10,,,0,100,,1652,10,,,0,100,,1653,10,,,0,100,,1654,10,,,0,100,,1646,10,,,0,100,,1647,10,,,0,100,,1645,10,,,0,100,,1644,10,,,0,100,,1643,10,,,0,108,,1642,10,0,7 6,0
401,'5325',836,,1655,10,,,0,100,,1657,10,,,0,100,,1658,10,,,0,100,,1656,10,,,0,100,,1660,10,,,0,100,,1659,10,,,0,100,,1661,10,,,0,100,,1662,10,,,0,100,,1663,10,,,0,100,,1664,10,,,0,108,,1665,10,0,7 6,0
401,'5326',736,,1673,10,,,0,100,,1674,10,,,0,100,,1675,10,,,0,100,,1676,10,,,0,100,,1677,10,,,0,100,,1678,10,,,0,100,,1670,10,,,0,100,,1671,10,,,0,100,,1669,10,,,0,100,,1668,10,,,0,100,,1667,10,,,0,108,,1666,10,0,7 6,0
401,'5328',836,,1679,10,,,0,100,,1681,10,,,0,100,,1683,10,,,0,100,,1680,10,,,0,100,,1684,10,,,0,100,,1682,10,,,0,100,,1685,10,,,0,100,,1686,10,,,0,100,,1687,10,,,0,100,,1688,10,,,0,108,,1689,10,0,7 6,0
1000,'5323',645,,1944,8,,,0,162,,1945,8,,,0,123,,1948,8,,,0,305,,1946,8,,,0,407,,1947,8,,,0
1000,'5325',807,,1949,8,,,0,428,,1950,8,,,0,407,,1951,8,,,0
1000,'5326',645,,1952,8,,,0,162,,1953,8,,,0,123,,1956,8,,,0,305,,1954,8,,,0,407,,1955,8,,,0
1000,'5328',807,,1957,8,,,0,428,,1958,8,,,0,407,,1959,8,,,0
1500,'5323',2006,,1999,13,,,0,124,,2000,13,,,0,85,,2002,13,,,0
1500,'5325',2006,,2005,13,,,0,124,,2008,13,,,0,85,,2007,13,,,0
1500,'5326',2006,,2014,13,,,0,124,,2015,13,,,0,85,,2017,13,,,0
1500,'5328',2006,,2020,13,,,0,124,,2023,13,,,0,85,,2022,13,,,0
