1,100,'4332',784,785,786,787,788,789,790,791,792,793,794
1,100,'4480',795,796,797,798,799,800,801,802,803,804,805,806,807
1,101,'4332',808,809,810,811,812,813,814,815,816,817,818
1,101,'4480',819,820,821,822,823,824,825,826,827,828,829,830,831
2,200,'4332',832,833,834,835,836,837,838,839,840,841
2,200,'4480',842,843,844,845,846,847,848,849,850,851,852,853
2,201,'4332',854,855,856,857,858,859,860,861,862,863,864
2,201,'4480',865,866,867,868,869,870,871,872,873,874,875,876,1157
3,300,'4332',1158,1159,1160,1161,1162,1163,1164,1165,1166,1167,1168
3,300,'4480',1169,1170,1171,1172,1173,1174,1175,1176,1177,1178,1179,1180,901
3,301,'4332',1181,1182,1183,1184,1185,1186,1187,1188,1189,1190,1191
3,301,'4480',1192,1193,1194,1195,1196,1197,1198,1199,1200,1201,1202,1203,925
4,400,'4332',926,927,928,929,930,931,932,933,934,935,936,1204
4,400,'4480',938,939,940,941,942,943,944,945,946,947,948,949,950
4,401,'4332',951,952,953,954,955,956,957,958,959,960,1205
4,401,'4480',962,963,964,965,966,967,968,969,970,971,972,973,974
5,500,'4332',975,976,977,978,979,980,981,982,983,984,985,986,987,988,989,990,991,992,993,994
5,500,'4480',995,996,997,998,999,1000,1001,1002,1003,1004,1005,1006,1007,1008,1009,1010,1011,1012,1013,1014,1015,1016,1017,1018
5,501,'4332',1019,1020,1021,1022,1023,1024,1025,1026,1027,1028,1029,1030,1031,1032,1033,1034,1035,1036,1037,1038
5,501,'4480',1039,1040,1041,1042,1043,1044,1045,1046,1047,1048,1049,1050,1051,1052,1053,1054,1055,1056,1057,1058,1059,1060,1061,1062
10,1000,'4332',1063,1064,1065
10,1000,'4480',1066,1067,1068,1069
10,1001,'4332',1070,1071,1072
10,1001,'4480',1073,1074,1075,1076
11,1100,'4480',1077,1078,1079
11,1101,'4480',1080,1081,1082
15,1500,'4332',1083,1084,1085,1086,1087,1088,1089
15,1500,'4480',1090,1091,1092,1093,1094,1095,1096,1097
15,1501,'4332',1098,1099,1100,1101
15,1501,'4480',1102,1103,1104,1105
20,2000,'4480',1106,1107,1108,1109,1110
20,2001,'4480',1111,1112,1113,1114,1115
21,2100,'4480',1116,1117,1118,1119,1120
30,3000,'4332',1121,1122,1123,1124,1125
30,3000,'4480',1126,1127,1128,1129,1130
30,3001,'4332',1131,1132,1133,1134,1135
30,3001,'4480',1136,1137,1138,1139,1140
40,4000,'4480',1141,1142
40,4001,'4480',1143,1144
41,4100,'4480',1145,1146
50,5000,'5003',1147
50,5001,'5003',1148
70,7000,'4480',1149,1150,1151,1152
70,7001,'4480',1153,1154,1155,1156
