401,'5323',649,,1648,10,,,0,100,,1649,23,,,0,100,,1650,23,,,0,100,,1651,23,,,0,100,,1652,23,,,0,100,,1653,23,,,0,100,,1654,23,,,0,100,,1646,23,,,0,100,,1647,23,,,0,100,,1645,23,,,0,100,,1644,23,,,0,100,,1643,23,,,0
401,'5325',849,,1655,23,,,0,100,,1657,23,,,0,100,,1658,23,,,0,100,,1656,23,,,0,100,,1660,23,,,0,100,,1659,23,,,0,100,,1661,23,,,0,100,,1662,23,,,0,100,,1663,23,,,0,100,,1664,23,,,0
401,'5326',649,,1672,10,,,0,100,,1673,23,,,0,100,,1674,23,,,0,100,,1675,23,,,0,100,,1676,23,,,0,100,,1677,23,,,0,100,,1678,23,,,0,100,,1670,23,,,0,100,,1671,23,,,0,100,,1669,23,,,0,100,,1668,23,,,0,100,,1667,23,,,0
401,'5328',849,,1679,23,,,0,100,,1681,23,,,0,100,,1683,23,,,0,100,,1680,23,,,0,100,,1684,23,,,0,100,,1682,23,,,0,100,,1685,23,,,0,100,,1686,23,,,0,100,,1687,23,,,0,100,,1688,23,,,0
3001,'5323',749,,2117,15,,,0,310,,2118,13,,,0,185,,2121,13,,,0,295,,2119,15,,,0,170,,2120,13,,,0
3001,'5325',849,,2122,15,,,0,210,,2123,13,,,0,185,,2124,13,,,0,295,,2125,15,,,0,170,,2126,13,,,0
3001,'5326',749,,2127,15,,,0,310,,2128,13,,,0,185,,2131,13,,,0,295,,2129,15,,,0,170,,2130,13,,,0
3001,'5328',849,,2132,15,,,0,210,,2133,13,,,0,185,,2134,13,,,0,295,,2135,15,,,0,170,,2136,13,,,0
4001,'5323',949,,2141,8,,,0,604,,2142,8,,,0
4001,'5326',949,,2143,8,,,0,604,,2144,8,,,0
